           t           r         psi          cs          qs               p             sig           A           V          Q2           S
    0.000000   -0.000000   -1.570796   -1.187295    0.000000       -2.374589        1.000000    0.000000    0.000000    0.587345    5.283666
    0.009804    0.051768   -1.509236   -1.190656    0.000000       -2.379069        1.000000    0.000000    0.000007    0.587345    5.283666
    0.019608    0.103339   -1.447325   -1.200843    0.000000       -2.392626        1.000000    0.033634    0.000107    0.587345    5.283666
    0.029412    0.154513   -1.384704   -1.218150    0.000000       -2.415593        1.000000    0.083924    0.000541    0.587345    5.283666
    0.039216    0.205081   -1.320992   -1.243029    0.000000       -2.448477        1.000000    0.150672    0.001701    0.587345    5.283666
    0.049020    0.254822   -1.255784   -1.276038    0.000000       -2.491897        1.000000    0.233610    0.004128    0.587345    5.283666
    0.058824    0.303502   -1.188643   -1.317766    0.000000       -2.546490        1.000000    0.332391    0.008494    0.587345    5.283666
    0.068627    0.350860   -1.119103   -1.368707    0.000000       -2.612763        1.000000    0.446587    0.015588    0.587345    5.283666
    0.078431    0.396613   -1.046680   -1.429054    0.000000       -2.690859        1.000000    0.575674    0.026287    0.587345    5.283666
    0.088235    0.440444   -0.970895   -1.498382    0.000000       -2.780183        1.000000    0.719026    0.041525    0.587345    5.283666
    0.098039    0.482002   -0.891316   -1.575166    0.000000       -2.878873        1.000000    0.875905    0.062241    0.587345    5.283666
    0.107843    0.520901   -0.807632   -1.656131    0.000000       -2.983084        1.000000    1.045444    0.089318    0.587345    5.283666
    0.117647    0.556728   -0.719764   -1.735498    0.000000       -3.086179        1.000000    1.226644    0.123500    0.587345    5.283666
    0.127451    0.589053   -0.628012   -1.804354    0.000000       -3.178078        1.000000    1.418365    0.165296    0.587345    5.283666
    0.137255    0.617466   -0.533220   -1.850608    0.000000       -3.245299        1.000000    1.619333    0.214878    0.587345    5.283666
    0.147059    0.641612   -0.436920   -1.860212    0.000000       -3.272373        1.000000    1.828161    0.272003    0.587345    5.283666
    0.156863    0.661249   -0.341362   -1.820073    0.000000       -3.245103        1.000000    2.043379    0.335971    0.587345    5.283666
    0.166667    0.676301   -0.249360   -1.722225    0.000000       -3.155123        1.000000    2.263497    0.405679    0.587345    5.283666
    0.176471    0.686892   -0.163925   -1.567483    0.000000       -3.003799        1.000000    2.487062    0.479745    0.587345    5.283666
    0.186275    0.693348   -0.087772   -1.366355    0.000000       -2.803081        1.000000    2.712728    0.556702    0.587345    5.283666
    0.196078    0.696160   -0.022869   -1.136322    0.000000       -2.572398        1.000000    2.939309    0.635186    0.587345    5.283666
    0.205882    0.695927    0.029793   -0.896935    0.000000       -2.333230        1.000000    3.165815    0.714069    0.587345    5.283666
    0.215686    0.693287    0.070191   -0.665282    0.000000       -2.104134        1.000000    3.391461    0.792518    0.587345    5.283666
    0.225490    0.688861    0.099064   -0.453530    0.000000       -1.898084        1.000000    3.615667    0.869980    0.587345    5.283666
    0.235294    0.683218    0.117643   -0.268625    0.000000       -1.722168        1.000000    3.838036    0.946133    0.587345    5.283666
    0.245098    0.676853    0.127405   -0.113270    0.000000       -1.578721        1.000000    4.058333    1.020830    0.587345    5.283666
    0.254902    0.670180    0.129886    0.012705    0.000000       -1.466863        1.000000    4.276459    1.094039    0.587345    5.283666
    0.264706    0.663534    0.126565    0.111152    0.000000       -1.383876        1.000000    4.492421    1.165807    0.587345    5.283666
    0.274510    0.657178    0.118800    0.184743    0.000000       -1.326189        1.000000    4.706315    1.236228    0.587345    5.283666
    0.284314    0.651310    0.107803    0.236445    0.000000       -1.290008        1.000000    4.918299    1.305427    0.587345    5.283666
    0.294118    0.646069    0.094631    0.269232    0.000000       -1.271665        1.000000    5.128577    1.373543    0.587345    5.283666
    0.303922    0.641543    0.080188    0.285943    0.000000       -1.267790        1.000000    5.337382    1.440723    0.587345    5.283666
    0.313725    0.637779    0.065238    0.289231    0.000000       -1.275374        1.000000    5.544962    1.507120    0.587345    5.283666
    0.323529    0.634787    0.050412    0.281554    0.000000       -1.291776        1.000000    5.751568    1.572881    0.587345    5.283666
    0.333333    0.632548    0.036219    0.265174    0.000000       -1.314698        1.000000    5.957445    1.638151    0.587345    5.283666
    0.343137    0.631018    0.023054    0.242165    0.000000       -1.342155        1.000000    6.162825    1.703067    0.587345    5.283666
    0.352941    0.630137    0.011212    0.214419    0.000000       -1.372439        1.000000    6.367917    1.767755    0.587345    5.283666
    0.362745    0.629830    0.000893    0.183642    0.000000       -1.404087        1.000000    6.572910    1.832331    0.587345    5.283666
    0.372549    0.630016   -0.007787    0.151354    0.000000       -1.435859        1.000000    6.777963    1.896897    0.587345    5.283666
    0.382353    0.630608   -0.014785    0.118884    0.000000       -1.466714        1.000000    6.983209    1.961541    0.587345    5.283666
    0.392157    0.631519   -0.020121    0.087366    0.000000       -1.495797        1.000000    7.188751    2.026334    0.587345    5.283666
    0.401961    0.632665   -0.023869    0.057735    0.000000       -1.522431        1.000000    7.394667    2.091335    0.587345    5.283666
    0.411765    0.633966   -0.026147    0.030728    0.000000       -1.546104        1.000000    7.601006    2.156584    0.587345    5.283666
    0.421569    0.635351   -0.027107    0.006889    0.000000       -1.566467        1.000000    7.807795    2.222109    0.587345    5.283666
    0.431373    0.636754   -0.026922   -0.013427    0.000000       -1.583322        1.000000    8.015042    2.287922    0.587345    5.283666
    0.441176    0.638123   -0.025780   -0.030041    0.000000       -1.596616        1.000000    8.222733    2.354024    0.587345    5.283666
    0.450980    0.639412   -0.023874   -0.042933    0.000000       -1.606425        1.000000    8.430845    2.420406    0.587345    5.283666
    0.460784    0.640586   -0.021394   -0.052226    0.000000       -1.612939        1.000000    8.639338    2.487047    0.587345    5.283666
    0.470588    0.641621   -0.018521   -0.058160    0.000000       -1.616445        1.000000    8.848169    2.553924    0.587345    5.283666
    0.480392    0.642501   -0.015421   -0.061069    0.000000       -1.617302        1.000000    9.057285    2.621004    0.587345    5.283666
    0.490196    0.643217   -0.012240   -0.061354    0.000000       -1.615922        1.000000    9.266635    2.688254    0.587345    5.283666
    0.500000    0.643770   -0.009102   -0.059458    0.000000       -1.612745        1.000000    9.476165    2.755639    0.587345    5.283666
    0.509804    0.644163   -0.006110   -0.055844    0.000000       -1.608217        1.000000    9.685823    2.823126    0.587345    5.283666
    0.519608    0.644407   -0.003339   -0.050970    0.000000       -1.602777        1.000000    9.895560    2.890680    0.587345    5.283666
    0.529412    0.644514   -0.000843   -0.045276    0.000000       -1.596833        1.000000   10.105331    2.958271    0.587345    5.283666
    0.539216    0.644499    0.001345   -0.039169    0.000000       -1.590760        1.000000   10.315098    3.025872    0.587345    5.283666
    0.549020    0.644380    0.003214   -0.033012    0.000000       -1.584884        1.000000   10.524827    3.093458    0.587345    5.283666
    0.558824    0.644172    0.004770   -0.027121    0.000000       -1.579484        1.000000   10.734487    3.161010    0.587345    5.283666
    0.568627    0.643891    0.006033   -0.021762    0.000000       -1.574793        1.000000   10.944056    3.228509    0.587345    5.283666
    0.578431    0.643551    0.007037   -0.017153    0.000000       -1.570993        1.000000   11.153515    3.295943    0.587345    5.283666
    0.588235    0.643165    0.007826   -0.013467    0.000000       -1.568229        1.000000   11.362848    3.363300    0.587345    5.283666
    0.598039    0.642743    0.008451   -0.010837    0.000000       -1.566613        1.000000   11.572043    3.430572    0.587345    5.283666
    0.607843    0.642292    0.008969   -0.009364    0.000000       -1.566227        1.000000   11.781092    3.497752    0.587345    5.283666
    0.617647    0.641815    0.009442   -0.009126    0.000000       -1.567138        1.000000   11.989985    3.564835    0.587345    5.283666
    0.627451    0.641313    0.009936   -0.010183    0.000000       -1.569407        1.000000   12.198716    3.631815    0.587345    5.283666
    0.637255    0.640784    0.010520   -0.012591    0.000000       -1.573093        1.000000   12.407274    3.698688    0.587345    5.283666
    0.647059    0.640220    0.011265   -0.016405    0.000000       -1.578268        1.000000   12.615648    3.765446    0.587345    5.283666
    0.656863    0.639613    0.012245   -0.021696    0.000000       -1.585025        1.000000   12.823825    3.832082    0.587345    5.283666
    0.666667    0.638946    0.013540   -0.028551    0.000000       -1.593484        1.000000   13.031785    3.898584    0.587345    5.283666
    0.676471    0.638203    0.015232   -0.037090    0.000000       -1.603808        1.000000   13.239502    3.964939    0.587345    5.283666
    0.686275    0.637360    0.017414   -0.047470    0.000000       -1.616204        1.000000   13.446946    4.031128    0.587345    5.283666
    0.696078    0.636389    0.020186   -0.059893    0.000000       -1.630939        1.000000   13.654073    4.097126    0.587345    5.283666
    0.705882    0.635257    0.023659   -0.074617    0.000000       -1.648343        1.000000   13.860832    4.162903    0.587345    5.283666
    0.715686    0.633924    0.027961   -0.091959    0.000000       -1.668819        1.000000   14.067157    4.228420    0.587345    5.283666
    0.725490    0.632343    0.033238   -0.112303    0.000000       -1.692849        1.000000   14.272968    4.293629    0.587345    5.283666
    0.735294    0.630461    0.039656   -0.136104    0.000000       -1.720998        1.000000   14.478166    4.358470    0.587345    5.283666
    0.745098    0.628213    0.047407   -0.163884    0.000000       -1.753912        1.000000   14.682633    4.422870    0.587345    5.283666
    0.754902    0.625525    0.056713   -0.196232    0.000000       -1.792320        1.000000   14.886224    4.486742    0.587345    5.283666
    0.764706    0.622310    0.067827   -0.233793    0.000000       -1.837015        1.000000   15.088769    4.549978    0.587345    5.283666
    0.774510    0.618467    0.081036   -0.277248    0.000000       -1.888842        1.000000   15.290064    4.612451    0.587345    5.283666
    0.784314    0.613882    0.096664   -0.327289    0.000000       -1.948661        1.000000   15.489866    4.674008    0.587345    5.283666
    0.794118    0.608421    0.115069   -0.384576    0.000000       -2.017305        1.000000   15.687891    4.734468    0.587345    5.283666
    0.803922    0.601934    0.136642   -0.449687    0.000000       -2.095514        1.000000   15.883804    4.793617    0.587345    5.283666
    0.813725    0.594249    0.161800   -0.523047    0.000000       -2.183864        1.000000   16.077216    4.851206    0.587345    5.283666
    0.823529    0.585178    0.190976   -0.604859    0.000000       -2.282673        1.000000   16.267676    4.906948    0.587345    5.283666
    0.833333    0.574511    0.224608   -0.695015    0.000000       -2.391903        1.000000   16.454664    4.960517    0.587345    5.283666
    0.843137    0.562026    0.263117   -0.793026    0.000000       -2.511067        1.000000   16.637588    5.011550    0.587345    5.283666
    0.852941    0.547486    0.306886   -0.897964    0.000000       -2.639158        1.000000   16.815780    5.059652    0.587345    5.283666
    0.862745    0.530648    0.356243   -1.008438    0.000000       -2.774605        1.000000   16.988492    5.104410    0.587345    5.283666
    0.872549    0.511276    0.411426   -1.122615    0.000000       -2.915289        1.000000   17.154898    5.145411    0.587345    5.283666
    0.882353    0.489145    0.472573   -1.238305    0.000000       -3.058622        1.000000   17.314102    5.182269    0.587345    5.283666
    0.892157    0.464060    0.539700   -1.353078    0.000000       -3.201683        1.000000   17.465141    5.214655    0.587345    5.283666
    0.901961    0.435864    0.612695   -1.464442    0.000000       -3.341408        1.000000   17.607003    5.242341    0.587345    5.283666
    0.911765    0.404459    0.691318   -1.570013    0.000000       -3.474796        1.000000   17.738643    5.265236    0.587345    5.283666
    0.921569    0.369815    0.775214   -1.667682    0.000000       -3.599111        1.000000   17.859008    5.283417    0.587345    5.283666
    0.931373    0.331982    0.863926   -1.755733    0.000000       -3.712034        1.000000   17.967059    5.297151    0.587345    5.283666
    0.941176    0.291097    0.956922   -1.832909    0.000000       -3.811762        1.000000   18.061804    5.306895    0.587345    5.283666
    0.950980    0.247387    1.053616   -1.898410    0.000000       -3.897028        1.000000   18.142321    5.313268    0.587345    5.283666
    0.960784    0.201164    1.153391   -1.951840    0.000000       -3.967060        1.000000   18.207795    5.317000    0.587345    5.283666
    0.970588    0.152824    1.255619   -1.993118    0.000000       -4.021495        1.000000   18.257535    5.318862    0.587345    5.283666
    0.980392    0.102831    1.359673   -2.022364    0.000000       -4.060257        1.000000   18.291004    5.319582    0.587345    5.283666
    0.990196    0.051704    1.464934   -2.039786    0.000000       -4.083431        1.000000   18.307832    5.319752    0.587345    5.283666
    1.000000    0.000000    1.570796   -2.045569    0.000000       -4.091137        1.000000   18.307832    5.319764    0.587345    5.283666
