           t           r         psi          cs          qs               p             sig           A           V          Q2           S
    0.000000    0.000000   -1.570796   -0.994498    0.000000       -1.988997        1.000000    0.000000   -0.000000    0.023917    3.524125
    0.009804    0.034543   -1.536436   -0.994502    0.000000       -1.989001        1.000000    0.000000    0.000001    0.023917    3.524125
    0.019608    0.069046   -1.502076   -0.994511    0.000000       -1.989014        1.000000    0.014989    0.000018    0.023917    3.524125
    0.029412    0.103467   -1.467715   -0.994528    0.000000       -1.989036        1.000000    0.037450    0.000090    0.023917    3.524125
    0.039216    0.137766   -1.433353   -0.994552    0.000000       -1.989068        1.000000    0.067357    0.000283    0.023917    3.524125
    0.049020    0.171903   -1.398991   -0.994583    0.000000       -1.989109        1.000000    0.104675    0.000689    0.023917    3.524125
    0.058824    0.205836   -1.364627   -0.994623    0.000000       -1.989161        1.000000    0.149359    0.001422    0.023917    3.524125
    0.068627    0.239526   -1.330262   -0.994672    0.000000       -1.989225        1.000000    0.201357    0.002621    0.023917    3.524125
    0.078431    0.272934   -1.295895   -0.994731    0.000000       -1.989303        1.000000    0.260607    0.004446    0.023917    3.524125
    0.088235    0.306019   -1.261525   -0.994802    0.000000       -1.989394        1.000000    0.327039    0.007074    0.023917    3.524125
    0.098039    0.338743   -1.227153   -0.994886    0.000000       -1.989502        1.000000    0.400575    0.010701    0.023917    3.524125
    0.107843    0.371067   -1.192778   -0.994985    0.000000       -1.989629        1.000000    0.481128    0.015539    0.023917    3.524125
    0.117647    0.402952   -1.158399   -0.995101    0.000000       -1.989777        1.000000    0.568604    0.021809    0.023917    3.524125
    0.127451    0.434362   -1.124016   -0.995238    0.000000       -1.989949        1.000000    0.662897    0.029745    0.023917    3.524125
    0.137255    0.465258   -1.089627   -0.995398    0.000000       -1.990150        1.000000    0.763898    0.039586    0.023917    3.524125
    0.147059    0.495604   -1.055233   -0.995587    0.000000       -1.990383        1.000000    0.871486    0.051575    0.023917    3.524125
    0.156863    0.525364   -1.020831   -0.995808    0.000000       -1.990655        1.000000    0.985535    0.065956    0.023917    3.524125
    0.166667    0.554503   -0.986422   -0.996068    0.000000       -1.990973        1.000000    1.105910    0.082971    0.023917    3.524125
    0.176471    0.582987   -0.952002   -0.996375    0.000000       -1.991344        1.000000    1.232468    0.102857    0.023917    3.524125
    0.186275    0.610780   -0.917571   -0.996738    0.000000       -1.991779        1.000000    1.365060    0.125843    0.023917    3.524125
    0.196078    0.637850   -0.883126   -0.997170    0.000000       -1.992292        1.000000    1.503528    0.152146    0.023917    3.524125
    0.205882    0.664165   -0.848665   -0.997686    0.000000       -1.992898        1.000000    1.647708    0.181970    0.023917    3.524125
    0.215686    0.689693   -0.814184   -0.998304    0.000000       -1.993619        1.000000    1.797431    0.215501    0.023917    3.524125
    0.225490    0.714402   -0.779680   -0.999049    0.000000       -1.994480        1.000000    1.952517    0.252908    0.023917    3.524125
    0.235294    0.738264   -0.745148   -0.999954    0.000000       -1.995516        1.000000    2.112784    0.294336    0.023917    3.524125
    0.245098    0.761249   -0.710581   -1.001060    0.000000       -1.996771        1.000000    2.278040    0.339907    0.023917    3.524125
    0.254902    0.783327   -0.675971   -1.002423    0.000000       -1.998303        1.000000    2.448089    0.389718    0.023917    3.524125
    0.264706    0.804472   -0.641309   -1.004117    0.000000       -2.000190        1.000000    2.622728    0.443838    0.023917    3.524125
    0.274510    0.824657   -0.606581   -1.006243    0.000000       -2.002537        1.000000    2.801749    0.502305    0.023917    3.524125
    0.284314    0.843855   -0.571771   -1.008939    0.000000       -2.005490        1.000000    2.984938    0.565130    0.023917    3.524125
    0.294118    0.862041   -0.536854   -1.012402    0.000000       -2.009248        1.000000    3.172075    0.632290    0.023917    3.524125
    0.303922    0.879187   -0.501801   -1.016908    0.000000       -2.014099        1.000000    3.362934    0.703732    0.023917    3.524125
    0.313725    0.895270   -0.466569   -1.022862    0.000000       -2.020457        1.000000    3.557284    0.779370    0.023917    3.524125
    0.323529    0.910261   -0.431097   -1.030858    0.000000       -2.028932        1.000000    3.754888    0.859086    0.023917    3.524125
    0.333333    0.924135   -0.395302   -1.041799    0.000000       -2.040441        1.000000    3.955505    0.942729    0.023917    3.524125
    0.343137    0.936861   -0.359059   -1.057065    0.000000       -2.056390        1.000000    4.158884    1.030119    0.023917    3.524125
    0.352941    0.948404   -0.322184   -1.078808    0.000000       -2.078958        1.000000    4.364769    1.121040    0.023917    3.524125
    0.362745    0.958726   -0.284401   -1.110358    0.000000       -2.111510        1.000000    4.572894    1.215246    0.023917    3.524125
    0.372549    0.967773   -0.245289   -1.156636    0.000000       -2.159006        1.000000    4.782984    1.312461    0.023917    3.524125
    0.382353    0.975480   -0.204237   -1.223630    0.000000       -2.227460        1.000000    4.994746    1.412368    0.023917    3.524125
    0.392157    0.981753   -0.160472   -1.312770    0.000000       -2.318269        1.000000    5.207871    1.514609    0.023917    3.524125
    0.401961    0.986480   -0.113544   -1.397389    0.000000       -2.404566        1.000000    5.422021    1.618762    0.023917    3.524125
    0.411765    0.989560   -0.065132   -1.373031    0.000000       -2.381438        1.000000    5.636841    1.724318    0.023917    3.524125
    0.421569    0.991032   -0.021691   -1.094906    0.000000       -2.103718        1.000000    5.851980    1.830686    0.023917    3.524125
    0.431373    0.991216    0.008343   -0.635136    0.000000       -1.643962        1.000000    6.067158    1.937324    0.023917    3.524125
    0.441176    0.990635    0.023042   -0.241097    0.000000       -1.250282        1.000000    6.282211    2.043898    0.023917    3.524125
    0.450980    0.989749    0.026915   -0.008661    0.000000       -1.018652        1.000000    6.497071    2.150290    0.023917    3.524125
    0.460784    0.988840    0.025094    0.097644    0.000000       -0.913323        1.000000    6.711734    2.256483    0.023917    3.524125
    0.470588    0.988040    0.021034    0.128040    0.000000       -0.883840        1.000000    6.926223    2.362500    0.023917    3.524125
    0.480392    0.987389    0.016737    0.115384    0.000000       -0.897246        1.000000    7.140571    2.468371    0.023917    3.524125
    0.490196    0.986873    0.013343    0.077895    0.000000       -0.935316        1.000000    7.354807    2.574124    0.023917    3.524125
    0.500000    0.986449    0.011528    0.025152    0.000000       -0.988518        1.000000    7.568951    2.679781    0.023917    3.524125
    0.509804    0.986053    0.011726   -0.038125    0.000000       -1.052199        1.000000    7.783009    2.785353    0.023917    3.524125
    0.519608    0.985612    0.014261   -0.109987    0.000000       -1.124482        1.000000    7.996971    2.890835    0.023917    3.524125
    0.529412    0.985038    0.019419   -0.189915    0.000000       -1.204913        1.000000    8.210809    2.996204    0.023917    3.524125
    0.539216    0.984237    0.027474   -0.277610    0.000000       -1.293242        1.000000    8.424472    3.101413    0.023917    3.524125
    0.549020    0.983103    0.038677   -0.371773    0.000000       -1.388199        1.000000    8.637890    3.206390    0.023917    3.524125
    0.558824    0.981526    0.053203   -0.469276    0.000000       -1.486656        1.000000    8.850965    3.311026    0.023917    3.524125
    0.568627    0.979390    0.071087   -0.565309    0.000000       -1.583774        1.000000    9.063577    3.415179    0.023917    3.524125
    0.578431    0.976582    0.092188   -0.654614    0.000000       -1.674245        1.000000    9.275578    3.518662    0.023917    3.524125
    0.588235    0.972996    0.116196   -0.733072    0.000000       -1.753895        1.000000    9.486802    3.621257    0.023917    3.524125
    0.598039    0.968543    0.142694   -0.798651    0.000000       -1.820636        1.000000    9.697059    3.722707    0.023917    3.524125
    0.607843    0.963147    0.171234   -0.851358    0.000000       -1.874436        1.000000    9.906144    3.822733    0.023917    3.524125
    0.617647    0.956752    0.201391   -0.892559    0.000000       -1.916638        1.000000   10.113841    3.921042    0.023917    3.524125
    0.627451    0.949313    0.232800   -0.924207    0.000000       -1.949184        1.000000   10.319923    4.017331    0.023917    3.524125
    0.637255    0.940802    0.265167   -0.948298    0.000000       -1.974071        1.000000   10.524158    4.111302    0.023917    3.524125
    0.647059    0.931199    0.298261   -0.966584    0.000000       -1.993055        1.000000   10.726308    4.202665    0.023917    3.524125
    0.656863    0.920494    0.331908   -0.980486    0.000000       -2.007567        1.000000   10.926134    4.291144    0.023917    3.524125
    0.666667    0.908683    0.365976   -0.991103    0.000000       -2.018717        1.000000   11.123396    4.376483    0.023917    3.524125
    0.676471    0.895767    0.400366   -0.999264    0.000000       -2.027342        1.000000   11.317854    4.458448    0.023917    3.524125
    0.686275    0.881753    0.435004   -1.005583    0.000000       -2.034067        1.000000   11.509269    4.536832    0.023917    3.524125
    0.696078    0.866651    0.469836   -1.010516    0.000000       -2.039353        1.000000   11.697407    4.611456    0.023917    3.524125
    0.705882    0.850473    0.504819   -1.014399    0.000000       -2.043545        1.000000   11.882032    4.682169    0.023917    3.524125
    0.715686    0.833236    0.539922   -1.017479    0.000000       -2.046897        1.000000   12.062916    4.748854    0.023917    3.524125
    0.725490    0.814957    0.575121   -1.019941    0.000000       -2.049598        1.000000   12.239831    4.811425    0.023917    3.524125
    0.735294    0.795657    0.610395   -1.021925    0.000000       -2.051793        1.000000   12.412557    4.869826    0.023917    3.524125
    0.745098    0.775357    0.645732   -1.023534    0.000000       -2.053588        1.000000   12.580876    4.924036    0.023917    3.524125
    0.754902    0.754082    0.681119   -1.024849    0.000000       -2.055068        1.000000   12.744576    4.974065    0.023917    3.524125
    0.764706    0.731856    0.716547   -1.025929    0.000000       -2.056294        1.000000   12.903452    5.019954    0.023917    3.524125
    0.774510    0.708707    0.752009   -1.026822    0.000000       -2.057317        1.000000   13.057302    5.061773    0.023917    3.524125
    0.784314    0.684662    0.787499   -1.027564    0.000000       -2.058174        1.000000   13.205932    5.099621    0.023917    3.524125
    0.794118    0.659753    0.823012   -1.028184    0.000000       -2.058897        1.000000   13.349155    5.133624    0.023917    3.524125
    0.803922    0.634009    0.858546   -1.028704    0.000000       -2.059508        1.000000   13.486789    5.163931    0.023917    3.524125
    0.813725    0.607462    0.894095   -1.029141    0.000000       -2.060028        1.000000   13.618660    5.190713    0.023917    3.524125
    0.823529    0.580146    0.929659   -1.029511    0.000000       -2.060471        1.000000   13.744601    5.214162    0.023917    3.524125
    0.833333    0.552095    0.965234   -1.029825    0.000000       -2.060850        1.000000   13.864453    5.234485    0.023917    3.524125
    0.843137    0.523345    1.000820   -1.030092    0.000000       -2.061175        1.000000   13.978064    5.251903    0.023917    3.524125
    0.852941    0.493931    1.036414   -1.030319    0.000000       -2.061454        1.000000   14.085289    5.266648    0.023917    3.524125
    0.862745    0.463891    1.072015   -1.030512    0.000000       -2.061694        1.000000   14.185993    5.278958    0.023917    3.524125
    0.872549    0.433262    1.107622   -1.030678    0.000000       -2.061901        1.000000   14.280048    5.289076    0.023917    3.524125
    0.882353    0.402084    1.143235   -1.030819    0.000000       -2.062079        1.000000   14.367335    5.297246    0.023917    3.524125
    0.892157    0.370395    1.178852   -1.030939    0.000000       -2.062231        1.000000   14.447742    5.303708    0.023917    3.524125
    0.901961    0.338237    1.214473   -1.031042    0.000000       -2.062362        1.000000   14.521169    5.308700    0.023917    3.524125
    0.911765    0.305649    1.250098   -1.031129    0.000000       -2.062474        1.000000   14.587521    5.312446    0.023917    3.524125
    0.921569    0.272673    1.285725   -1.031202    0.000000       -2.062569        1.000000   14.646714    5.315162    0.023917    3.524125
    0.931373    0.239351    1.321354   -1.031263    0.000000       -2.062649        1.000000   14.698674    5.317049    0.023917    3.524125
    0.941176    0.205726    1.356985   -1.031314    0.000000       -2.062716        1.000000   14.743334    5.318290    0.023917    3.524125
    0.950980    0.171839    1.392618   -1.031355    0.000000       -2.062770        1.000000   14.780638    5.319050    0.023917    3.524125
    0.960784    0.137733    1.428252   -1.031388    0.000000       -2.062813        1.000000   14.810538    5.319470    0.023917    3.524125
    0.970588    0.103453    1.463888   -1.031412    0.000000       -2.062845        1.000000   14.832996    5.319670    0.023917    3.524125
    0.980392    0.069042    1.499523   -1.031430    0.000000       -2.062868        1.000000   14.847984    5.319745    0.023917    3.524125
    0.990196    0.034543    1.535160   -1.031440    0.000000       -2.062882        1.000000   14.855483    5.319762    0.023917    3.524125
    1.000000    0.000000    1.570796   -1.031443    0.000000       -2.062886        1.000000   14.855483    5.319764    0.023917    3.524125
