           t           r         psi          cs          qs               p             sig           A           V          Q2           S
    0.000000   -0.000000   -1.570796   -1.023209    0.000000       -2.046418        1.000000    0.000000   -0.000000    0.299252    6.350022
    0.009804    0.062213   -1.507080   -1.024005    0.000000       -2.047479        1.000000    0.000000    0.000012    0.299252    6.350022
    0.019608    0.124173   -1.443263   -1.026445    0.000000       -2.050721        1.000000    0.048572    0.000192    0.299252    6.350022
    0.029412    0.185627   -1.379240   -1.030681    0.000000       -2.056323        1.000000    0.121182    0.000967    0.299252    6.350022
    0.039216    0.246321   -1.314890   -1.036969    0.000000       -2.064580        1.000000    0.217533    0.003032    0.299252    6.350022
    0.049020    0.305997   -1.250076   -1.045681    0.000000       -2.075921        1.000000    0.337227    0.007325    0.299252    6.350022
    0.058824    0.364395   -1.184632   -1.057323    0.000000       -2.090923        1.000000    0.479763    0.014992    0.299252    6.350022
    0.068627    0.421248   -1.118354   -1.072563    0.000000       -2.110343        1.000000    0.644539    0.027349    0.299252    6.350022
    0.078431    0.476284   -1.050994   -1.092259    0.000000       -2.135142        1.000000    0.830842    0.045828    0.299252    6.350022
    0.088235    0.529215   -0.982242   -1.117489    0.000000       -2.166512        1.000000    1.037850    0.071926    0.299252    6.350022
    0.098039    0.579740   -0.911714   -1.149552    0.000000       -2.205872        1.000000    1.264622    0.107139    0.299252    6.350022
    0.107843    0.627535   -0.838939   -1.189897    0.000000       -2.254781        1.000000    1.510089    0.152893    0.299252    6.350022
    0.117647    0.672244   -0.763359   -1.239887    0.000000       -2.314672        1.000000    1.773044    0.210470    0.299252    6.350022
    0.127451    0.713478   -0.684345   -1.300199    0.000000       -2.386194        1.000000    2.052129    0.280912    0.299252    6.350022
    0.137255    0.750804   -0.601281   -1.369524    0.000000       -2.467828        1.000000    2.345813    0.364919    0.299252    6.350022
    0.147059    0.783752   -0.513751   -1.442161    0.000000       -2.553364        1.000000    2.652386    0.462722    0.299252    6.350022
    0.156863    0.811834   -0.421923   -1.504505    0.000000       -2.628260        1.000000    2.969943    0.573930    0.299252    6.350022
    0.166667    0.834609   -0.327138   -1.532162    0.000000       -2.666784        1.000000    3.296410    0.697399    0.299252    6.350022
    0.176471    0.851786   -0.232545   -1.492949    0.000000       -2.635352        1.000000    3.629594    0.831168    0.299252    6.350022
    0.186275    0.863367   -0.143184   -1.361588    0.000000       -2.507991        1.000000    3.967310    0.972603    0.299252    6.350022
    0.196078    0.869760   -0.064899   -1.140574    0.000000       -2.287896        1.000000    4.307525    1.118795    0.299252    6.350022
    0.205882    0.871762   -0.002296   -0.865779    0.000000       -2.012879        1.000000    4.648524    1.267098    0.299252    6.350022
    0.215686    0.870410    0.042818   -0.586606    0.000000       -1.734436        1.000000    4.988994    1.415535    0.299252    6.350022
    0.225490    0.866776    0.071452   -0.340879    0.000000       -1.491636        1.000000    5.328042    1.562885    0.299252    6.350022
    0.235294    0.861807    0.086319   -0.145595    0.000000       -1.301627        1.000000    5.665147    1.708542    0.299252    6.350022
    0.245098    0.856259    0.090654   -0.001839    0.000000       -1.164914        1.000000    6.000082    1.852302    0.299252    6.350022
    0.254902    0.850690    0.087480    0.097046    0.000000       -1.073975        1.000000    6.332838    1.994190    0.299252    6.350022
    0.264706    0.845484    0.079319    0.159838    0.000000       -1.019198        1.000000    6.663558    2.134355    0.299252    6.350022
    0.274510    0.840886    0.068156    0.194793    0.000000       -0.991667        1.000000    6.992479    2.273005    0.299252    6.350022
    0.284314    0.837035    0.055499    0.208810    0.000000       -0.984043        1.000000    7.319894    2.410380    0.299252    6.350022
    0.294118    0.833987    0.042476    0.207399    0.000000       -0.990579        1.000000    7.646117    2.546723    0.299252    6.350022
    0.303922    0.831739    0.029905    0.194907    0.000000       -1.006856        1.000000    7.971461    2.682279    0.299252    6.350022
    0.313725    0.830243    0.018366    0.174787    0.000000       -1.029477        1.000000    8.296219    2.817277    0.299252    6.350022
    0.323529    0.829423    0.008243    0.149814    0.000000       -1.055803        1.000000    8.620656    2.951929    0.299252    6.350022
    0.333333    0.829182   -0.000234    0.122248    0.000000       -1.083759        1.000000    8.944999    3.086422    0.299252    6.350022
    0.343137    0.829415   -0.006963    0.093941    0.000000       -1.111699        1.000000    9.269434    3.220917    0.299252    6.350022
    0.352941    0.830013   -0.011947    0.066399    0.000000       -1.138316        1.000000    9.594102    3.355545    0.299252    6.350022
    0.362745    0.830868   -0.015271    0.040824    0.000000       -1.162596        1.000000    9.919105    3.490405    0.299252    6.350022
    0.372549    0.831883   -0.017090    0.018128    0.000000       -1.183789        1.000000   10.244505    3.625566    0.299252    6.350022
    0.382353    0.832969   -0.017602   -0.001058    0.000000       -1.201396        1.000000   10.570329    3.761068    0.299252    6.350022
    0.392157    0.834052   -0.017038   -0.016372    0.000000       -1.215163        1.000000   10.896577    3.896926    0.299252    6.350022
    0.401961    0.835073   -0.015646   -0.027711    0.000000       -1.225064        1.000000   11.223225    4.033131    0.299252    6.350022
    0.411765    0.835988   -0.013668   -0.035202    0.000000       -1.231280        1.000000   11.550230    4.169656    0.299252    6.350022
    0.421569    0.836768   -0.011336   -0.039170    0.000000       -1.234168        1.000000   11.877541    4.306463    0.299252    6.350022
    0.431373    0.837396   -0.008855   -0.040084    0.000000       -1.234215        1.000000   12.205097    4.443505    0.299252    6.350022
    0.441176    0.837871   -0.006397   -0.038512    0.000000       -1.231989        1.000000   12.532839    4.580730    0.299252    6.350022
    0.450980    0.838196   -0.004098   -0.035062    0.000000       -1.228090        1.000000   12.860708    4.718088    0.299252    6.350022
    0.460784    0.838386   -0.002058   -0.030338    0.000000       -1.223103        1.000000   13.188651    4.855531    0.299252    6.350022
    0.470588    0.838459   -0.000336   -0.024898    0.000000       -1.217562        1.000000   13.516623    4.993017    0.299252    6.350022
    0.480392    0.838435    0.001038   -0.019226    0.000000       -1.211923        1.000000   13.844586    5.130511    0.299252    6.350022
    0.490196    0.838337    0.002062   -0.013719    0.000000       -1.206554        1.000000   14.172510    5.267985    0.299252    6.350022
    0.500000    0.838185    0.002756   -0.008675    0.000000       -1.201724        1.000000   14.500375    5.405416    0.299252    6.350022
    0.509804    0.838000    0.003156   -0.004305    0.000000       -1.197616        1.000000   14.828168    5.542792    0.299252    6.350022
    0.519608    0.837798    0.003308   -0.000733    0.000000       -1.194332        1.000000   15.155881    5.680103    0.299252    6.350022
    0.529412    0.837592    0.003265    0.001987    0.000000       -1.191905        1.000000   15.483514    5.817347    0.299252    6.350022
    0.539216    0.837394    0.003078    0.003855    0.000000       -1.190320        1.000000   15.811069    5.954525    0.299252    6.350022
    0.549020    0.837211    0.002802    0.004913    0.000000       -1.189524        1.000000   16.138553    6.091641    0.299252    6.350022
    0.558824    0.837046    0.002482    0.005231    0.000000       -1.189443        1.000000   16.465973    6.228699    0.299252    6.350022
    0.568627    0.836902    0.002164    0.004889    0.000000       -1.189991        1.000000   16.793335    6.365707    0.299252    6.350022
    0.578431    0.836776    0.001885    0.003974    0.000000       -1.191087        1.000000   17.120649    6.502671    0.299252    6.350022
    0.588235    0.836665    0.001679    0.002561    0.000000       -1.192659        1.000000   17.447919    6.639596    0.299252    6.350022
    0.598039    0.836565    0.001575    0.000711    0.000000       -1.194652        1.000000   17.775150    6.776487    0.299252    6.350022
    0.607843    0.836467    0.001599   -0.001538    0.000000       -1.197042        1.000000   18.102343    6.913346    0.299252    6.350022
    0.617647    0.836362    0.001775   -0.004180    0.000000       -1.199832        1.000000   18.429495    7.050172    0.299252    6.350022
    0.627451    0.836242    0.002128   -0.007242    0.000000       -1.203065        1.000000   18.756600    7.186962    0.299252    6.350022
    0.637255    0.836093    0.002687   -0.010793    0.000000       -1.206827        1.000000   19.083646    7.323707    0.299252    6.350022
    0.647059    0.835902    0.003485   -0.014948    0.000000       -1.211253        1.000000   19.410618    7.460397    0.299252    6.350022
    0.656863    0.835653    0.004564   -0.019877    0.000000       -1.216533        1.000000   19.737493    7.597016    0.299252    6.350022
    0.666667    0.835327    0.005980   -0.025806    0.000000       -1.222920        1.000000   20.064240    7.733540    0.299252    6.350022
    0.676471    0.834900    0.007804   -0.033031    0.000000       -1.230742        1.000000   20.390820    7.869940    0.299252    6.350022
    0.686275    0.834345    0.010127   -0.041921    0.000000       -1.240405        1.000000   20.717183    8.006179    0.299252    6.350022
    0.696078    0.833627    0.013068   -0.052934    0.000000       -1.252409        1.000000   21.043264    8.142207    0.299252    6.350022
    0.705882    0.832702    0.016774   -0.066616    0.000000       -1.267356        1.000000   21.368984    8.277963    0.299252    6.350022
    0.715686    0.831519    0.021431   -0.083612    0.000000       -1.285955        1.000000   21.694242    8.413368    0.299252    6.350022
    0.725490    0.830010    0.027268   -0.104664    0.000000       -1.309022        1.000000   22.018909    8.548321    0.299252    6.350022
    0.735294    0.828094    0.034564   -0.130596    0.000000       -1.337468        1.000000   22.342826    8.682697    0.299252    6.350022
    0.745098    0.825670    0.043648   -0.162286    0.000000       -1.372270        1.000000   22.665795    8.816335    0.299252    6.350022
    0.754902    0.822616    0.054908   -0.200612    0.000000       -1.414414        1.000000   22.987570    8.949034    0.299252    6.350022
    0.764706    0.818783    0.068781   -0.246367    0.000000       -1.464804        1.000000   23.307846    9.080539    0.299252    6.350022
    0.774510    0.813995    0.085750   -0.300149    0.000000       -1.524144        1.000000   23.626248    9.210532    0.299252    6.350022
    0.784314    0.808045    0.106325   -0.362213    0.000000       -1.592779        1.000000   23.942324    9.338619    0.299252    6.350022
    0.794118    0.800697    0.131017   -0.432332    0.000000       -1.670539        1.000000   24.255525    9.464315    0.299252    6.350022
    0.803922    0.791686    0.160305   -0.509673    0.000000       -1.756604        1.000000   24.565201    9.587036    0.299252    6.350022
    0.813725    0.780724    0.194596   -0.592754    0.000000       -1.849441        1.000000   24.870590    9.706090    0.299252    6.350022
    0.823529    0.767507    0.234185   -0.679496    0.000000       -1.946851        1.000000   25.170808    9.820678    0.299252    6.350022
    0.833333    0.751730    0.279224   -0.767407    0.000000       -2.046150        1.000000   25.464855    9.929911    0.299252    6.350022
    0.843137    0.733096    0.329704   -0.853849    0.000000       -2.144456        1.000000   25.751613   10.032837    0.299252    6.350022
    0.852941    0.711334    0.385455   -0.936355    0.000000       -2.239017        1.000000   26.029859   10.128490    0.299252    6.350022
    0.862745    0.686213    0.446166   -1.012892    0.000000       -2.327510        1.000000   26.298278   10.215948    0.299252    6.350022
    0.872549    0.657557    0.511417   -1.082036    0.000000       -2.408235        1.000000   26.555489   10.294413    0.299252    6.350022
    0.882353    0.625249    0.580720   -1.143015    0.000000       -2.480190        1.000000   26.800061   10.363277    0.299252    6.350022
    0.892157    0.589244    0.653560   -1.195653    0.000000       -2.543014        1.000000   27.030550   10.422199    0.299252    6.350022
    0.901961    0.549565    0.729424   -1.240238    0.000000       -2.596871        1.000000   27.245518   10.471149    0.299252    6.350022
    0.911765    0.506308    0.807828   -1.277372    0.000000       -2.642291        1.000000   27.443566   10.510439    0.299252    6.350022
    0.921569    0.459635    0.888331   -1.307828    0.000000       -2.680020        1.000000   27.623357   10.540714    0.299252    6.350022
    0.931373    0.409770    0.970545   -1.332436    0.000000       -2.710893        1.000000   27.783643   10.562919    0.299252    6.350022
    0.941176    0.356992    1.054129   -1.352006    0.000000       -2.735750        1.000000   27.923284   10.578239    0.299252    6.350022
    0.950980    0.301629    1.138794   -1.367274    0.000000       -2.755372        1.000000   28.041269   10.588004    0.299252    6.350022
    0.960784    0.244050    1.224292   -1.378878    0.000000       -2.770445        1.000000   28.136732   10.593596    0.299252    6.350022
    0.970588    0.184658    1.310413   -1.387345    0.000000       -2.781548        1.000000   28.208963   10.596336    0.299252    6.350022
    0.980392    0.123884    1.396975   -1.393091    0.000000       -2.789140        1.000000   28.257421   10.597378    0.299252    6.350022
    0.990196    0.062177    1.483817   -1.396415    0.000000       -2.793556        1.000000   28.281742   10.597623    0.299252    6.350022
    1.000000    0.000000    1.570796   -1.397502    0.000000       -2.795004        1.000000   28.281742   10.597639    0.299252    6.350022
