           t           r         psi          cs          qs               p             sig           A           V          Q2           S
    0.000000   -0.000000   -1.570796   -1.192638    0.000000       -2.385276        1.000000    0.000000    0.000000    0.593034    9.460502
    0.009804    0.092560   -1.459833   -1.203878    0.000000       -2.400244        1.000000    0.000000    0.000069    0.593034    9.460502
    0.019608    0.183968   -1.346752   -1.238624    0.000000       -2.446308        1.000000    0.107210    0.001100    0.593034    9.460502
    0.029412    0.272995   -1.229259   -1.299552    0.000000       -2.526448        1.000000    0.266302    0.005510    0.593034    9.460502
    0.039216    0.358256   -1.104777   -1.389795    0.000000       -2.644019        1.000000    0.475081    0.017135    0.593034    9.460502
    0.049020    0.438117   -0.970512   -1.510198    0.000000       -2.799527        1.000000    0.730401    0.040880    0.593034    9.460502
    0.058824    0.510609   -0.823915   -1.653276    0.000000       -2.983753        1.000000    1.027967    0.082080    0.593034    9.460502
    0.068627    0.573424   -0.663917   -1.792458    0.000000       -3.165936        1.000000    1.362138    0.145399    0.593034    9.460502
    0.078431    0.624130   -0.493250   -1.871342    0.000000       -3.282585        1.000000    1.725860    0.233237    0.593034    9.460502
    0.088235    0.660775   -0.321049   -1.813185    0.000000       -3.249233        1.000000    2.110936    0.344085    0.593034    9.460502
    0.098039    0.682798   -0.162664   -1.571957    0.000000       -3.017186        1.000000    2.508847    0.472174    0.593034    9.460502
    0.107843    0.691620   -0.033982   -1.186520    0.000000       -2.631566        1.000000    2.911900    0.609463    0.593034    9.460502
    0.117647    0.690285    0.056140   -0.758577    0.000000       -2.204972        1.000000    3.314174    0.748792    0.593034    9.460502
    0.127451    0.682398    0.108262   -0.378234    0.000000       -1.835075        1.000000    3.711852    0.885702    0.593034    9.460502
    0.137255    0.671209    0.129099   -0.087053    0.000000       -1.564504        1.000000    4.103009    1.018262    0.593034    9.460502
    0.147059    0.659210    0.127304    0.111038    0.000000       -1.393653        1.000000    4.487174    1.146114    0.593034    9.460502
    0.156863    0.648102    0.110988    0.228796    0.000000       -1.304677        1.000000    4.864866    1.269669    0.593034    9.460502
    0.166667    0.638905    0.086824    0.283085    0.000000       -1.276197        1.000000    5.237198    1.389664    0.593034    9.460502
    0.176471    0.632101    0.059936    0.290077    0.000000       -1.289108        1.000000    5.605564    1.506947    0.593034    9.460502
    0.186275    0.627763    0.034032    0.264082    0.000000       -1.327953        1.000000    5.971403    1.622369    0.593034    9.460502
    0.196078    0.625682    0.011585    0.217458    0.000000       -1.380691        1.000000    6.336029    1.736724    0.593034    9.460502
    0.205882    0.625463   -0.005994    0.160658    0.000000       -1.438128        1.000000    6.700528    1.850703    0.593034    9.460502
    0.215686    0.626626   -0.018168    0.102176    0.000000       -1.493409        1.000000    7.065703    1.964861    0.593034    9.460502
    0.225490    0.628671   -0.025097    0.048475    0.000000       -1.541683        1.000000    7.432071    2.079601    0.593034    9.460502
    0.235294    0.631139   -0.027445    0.003939    0.000000       -1.579901        1.000000    7.799877    2.195169    0.593034    9.460502
    0.245098    0.633649   -0.026187   -0.029053    0.000000       -1.606671        1.000000    8.169146    2.311660    0.593034    9.460502
    0.254902    0.635919   -0.022432   -0.049934    0.000000       -1.622066        1.000000    8.539738    2.429049    0.593034    9.460502
    0.264706    0.637767   -0.017272   -0.059609    0.000000       -1.627346        1.000000    8.911406    2.547216    0.593034    9.460502
    0.274510    0.639109   -0.011661   -0.060018    0.000000       -1.624591        1.000000    9.283857    2.665988    0.593034    9.460502
    0.284314    0.639939   -0.006348   -0.053654    0.000000       -1.616270        1.000000    9.656791    2.785171    0.593034    9.460502
    0.294118    0.640311   -0.001837   -0.043117    0.000000       -1.604855        1.000000   10.029943    2.904580    0.593034    9.460502
    0.303922    0.640314    0.001595   -0.030771    0.000000       -1.592503        1.000000   10.403096    3.024057    0.593034    9.460502
    0.313725    0.640051    0.003874   -0.018517    0.000000       -1.580880        1.000000   10.776095    3.143482    0.593034    9.460502
    0.323529    0.639629    0.005075   -0.007699    0.000000       -1.571087        1.000000   11.148849    3.262775    0.593034    9.460502
    0.333333    0.639138    0.005372    0.000888    0.000000       -1.563697        1.000000   11.521317    3.381894    0.593034    9.460502
    0.343137    0.638653    0.004989    0.006931    0.000000       -1.558845        1.000000   11.893502    3.500830    0.593034    9.460502
    0.352941    0.638226    0.004163    0.010490    0.000000       -1.556339        1.000000   12.265438    3.619596    0.593034    9.460502
    0.362745    0.637888    0.003111    0.011882    0.000000       -1.555784        1.000000   12.637177    3.738219    0.593034    9.460502
    0.372549    0.637651    0.002012    0.011569    0.000000       -1.556685        1.000000   13.008778    3.856735    0.593034    9.460502
    0.382353    0.637512    0.001001    0.010070    0.000000       -1.558527        1.000000   13.380298    3.975182    0.593034    9.460502
    0.392157    0.637459    0.000165    0.007885    0.000000       -1.560843        1.000000   13.751787    4.093594    0.593034    9.460502
    0.401961    0.637475   -0.000454    0.005447    0.000000       -1.563243        1.000000   14.123285    4.212000    0.593034    9.460502
    0.411765    0.637537   -0.000848    0.003095    0.000000       -1.565442        1.000000   14.494819    4.330420    0.593034    9.460502
    0.421569    0.637626   -0.001038    0.001065    0.000000       -1.567253        1.000000   14.866406    4.448870    0.593034    9.460502
    0.431373    0.637724   -0.001060   -0.000511    0.000000       -1.568587        1.000000   15.238049    4.567354    0.593034    9.460502
    0.441176    0.637818   -0.000959   -0.001587    0.000000       -1.569431        1.000000   15.609748    4.685875    0.593034    9.460502
    0.450980    0.637899   -0.000780   -0.002184    0.000000       -1.569829        1.000000   15.981494    4.804429    0.593034    9.460502
    0.460784    0.637962   -0.000566   -0.002373    0.000000       -1.569864        1.000000   16.353276    4.923009    0.593034    9.460502
    0.470588    0.638004   -0.000350   -0.002246    0.000000       -1.569633        1.000000   16.725083    5.041609    0.593034    9.460502
    0.480392    0.638028   -0.000156   -0.001907    0.000000       -1.569237        1.000000   17.096903    5.160221    0.593034    9.460502
    0.490196    0.638034    0.000000   -0.001454    0.000000       -1.568767        1.000000   17.468728    5.278839    0.593034    9.460502
    0.500000    0.638029    0.000113   -0.000968    0.000000       -1.568295        1.000000   17.840549    5.397456    0.593034    9.460502
    0.509804    0.638015    0.000181   -0.000513    0.000000       -1.567874        1.000000   18.212362    5.516070    0.593034    9.460502
    0.519608    0.637997    0.000210   -0.000130    0.000000       -1.567536        1.000000   18.584165    5.634678    0.593034    9.460502
    0.529412    0.637977    0.000208    0.000159    0.000000       -1.567296        1.000000   18.955956    5.753279    0.593034    9.460502
    0.539216    0.637959    0.000184    0.000347    0.000000       -1.567152        1.000000   19.327736    5.871873    0.593034    9.460502
    0.549020    0.637943    0.000146    0.000443    0.000000       -1.567094        1.000000   19.699507    5.990460    0.593034    9.460502
    0.558824    0.637932    0.000104    0.000462    0.000000       -1.567104        1.000000   20.071272    6.109042    0.593034    9.460502
    0.568627    0.637924    0.000062    0.000422    0.000000       -1.567163        1.000000   20.443032    6.227621    0.593034    9.460502
    0.578431    0.637920    0.000027    0.000344    0.000000       -1.567251        1.000000   20.814790    6.346197    0.593034    9.460502
    0.588235    0.637919   -0.000001    0.000246    0.000000       -1.567352        1.000000   21.186547    6.464773    0.593034    9.460502
    0.598039    0.637920   -0.000019    0.000142    0.000000       -1.567453        1.000000   21.558305    6.583348    0.593034    9.460502
    0.607843    0.637922   -0.000027    0.000045    0.000000       -1.567545        1.000000   21.930064    6.701925    0.593034    9.460502
    0.617647    0.637925   -0.000027   -0.000042    0.000000       -1.567625        1.000000   22.301824    6.820502    0.593034    9.460502
    0.627451    0.637927   -0.000020   -0.000115    0.000000       -1.567692        1.000000   22.673586    6.939080    0.593034    9.460502
    0.637255    0.637928   -0.000007   -0.000176    0.000000       -1.567751        1.000000   23.045348    7.057658    0.593034    9.460502
    0.647059    0.637928    0.000012   -0.000231    0.000000       -1.567806        1.000000   23.417111    7.176237    0.593034    9.460502
    0.656863    0.637926    0.000036   -0.000287    0.000000       -1.567867        1.000000   23.788872    7.294816    0.593034    9.460502
    0.666667    0.637921    0.000066   -0.000354    0.000000       -1.567946        1.000000   24.160630    7.413393    0.593034    9.460502
    0.676471    0.637913    0.000103   -0.000445    0.000000       -1.568056        1.000000   24.532384    7.531968    0.593034    9.460502
    0.686275    0.637902    0.000150   -0.000574    0.000000       -1.568214        1.000000   24.904131    7.650539    0.593034    9.460502
    0.696078    0.637885    0.000211   -0.000762    0.000000       -1.568443        1.000000   25.275869    7.769105    0.593034    9.460502
    0.705882    0.637862    0.000294   -0.001034    0.000000       -1.568771        1.000000   25.647593    7.887664    0.593034    9.460502
    0.715686    0.637830    0.000406   -0.001422    0.000000       -1.569238        1.000000   26.019298    8.006213    0.593034    9.460502
    0.725490    0.637785    0.000562   -0.001971    0.000000       -1.569897        1.000000   26.390977    8.124747    0.593034    9.460502
    0.735294    0.637724    0.000779   -0.002744    0.000000       -1.570821        1.000000   26.762620    8.243262    0.593034    9.460502
    0.745098    0.637638    0.001081   -0.003825    0.000000       -1.572112        1.000000   27.134214    8.361750    0.593034    9.460502
    0.754902    0.637519    0.001502   -0.005333    0.000000       -1.573912        1.000000   27.505738    8.480200    0.593034    9.460502
    0.764706    0.637354    0.002088   -0.007434    0.000000       -1.576416        1.000000   27.877166    8.598598    0.593034    9.460502
    0.774510    0.637125    0.002906   -0.010355    0.000000       -1.579899        1.000000   28.248461    8.716923    0.593034    9.460502
    0.784314    0.636805    0.004044   -0.014413    0.000000       -1.584739        1.000000   28.619569    8.835147    0.593034    9.460502
    0.794118    0.636361    0.005628   -0.020046    0.000000       -1.591456        1.000000   28.990418    8.953229    0.593034    9.460502
    0.803922    0.635742    0.007830   -0.027852    0.000000       -1.600768        1.000000   29.360907    9.071115    0.593034    9.460502
    0.813725    0.634882    0.010887   -0.038653    0.000000       -1.613655        1.000000   29.730895    9.188727    0.593034    9.460502
    0.823529    0.633686    0.015126   -0.053557    0.000000       -1.631443        1.000000   30.100185    9.305958    0.593034    9.460502
    0.833333    0.632026    0.020994   -0.074049    0.000000       -1.655913        1.000000   30.468508    9.422656    0.593034    9.460502
    0.843137    0.629724    0.029095   -0.102085    0.000000       -1.689411        1.000000   30.835490    9.538615    0.593034    9.460502
    0.852941    0.626536    0.040241   -0.140179    0.000000       -1.734965        1.000000   31.200613    9.653542    0.593034    9.460502
    0.862745    0.622134    0.055505   -0.191454    0.000000       -1.796349        1.000000   31.563172    9.767036    0.593034    9.460502
    0.872549    0.616076    0.076277   -0.259595    0.000000       -1.878052        1.000000   31.922199    9.878538    0.593034    9.460502
    0.882353    0.607777    0.104306   -0.348608    0.000000       -1.985007        1.000000   32.276391    9.987285    0.593034    9.460502
    0.892157    0.596478    0.141707   -0.462276    0.000000       -2.121978        1.000000   32.623998   10.092240    0.593034    9.460502
    0.901961    0.581225    0.190903   -0.603198    0.000000       -2.292445        1.000000   32.962716   10.192026    0.593034    9.460502
    0.911765    0.560864    0.254450   -0.771471    0.000000       -2.497028        1.000000   33.289568   10.284882    0.593034    9.460502
    0.921569    0.534072    0.334744   -0.963301    0.000000       -2.731778        1.000000   33.600807   10.368683    0.593034    9.460502
    0.931373    0.499461    0.433614   -1.170221    0.000000       -2.987085        1.000000   33.891876   10.441099    0.593034    9.460502
    0.941176    0.455744    0.551901   -1.379671    0.000000       -3.248112        1.000000   34.157467   10.499969    0.593034    9.460502
    0.950980    0.401970    0.689173   -1.577216    0.000000       -3.497192        1.000000   34.391721   10.543904    0.593034    9.460502
    0.960784    0.337794    0.843694   -1.749667    0.000000       -3.717455        1.000000   34.588576   10.572960    0.593034    9.460502
    0.970588    0.263693    1.012666   -1.887649    0.000000       -3.896053        1.000000   34.742247   10.589067    0.593034    9.460502
    0.980392    0.181066    1.192638   -1.986461    0.000000       -4.025554        1.000000   34.847766   10.595825    0.593034    9.460502
    0.990196    0.092186    1.379912   -2.045139    0.000000       -4.103226        1.000000   34.901489   10.597521    0.593034    9.460502
    1.000000    0.000000    1.570796   -2.064501    0.000000       -4.129002        1.000000   34.901489   10.597639    0.593034    9.460502
