           t           r         psi          cs          qs               p             sig           A           V          Q2           S
    0.000000    0.000000   -1.570796   -2.139334    0.000000       -4.278669        1.000000    0.000000    0.000000    0.900318   34.408062
    0.009804    0.297983   -0.649936   -3.496774    0.000000       -6.168480        1.000000    0.000000    0.020482    0.900318   34.408062
    0.019608    0.349245    0.150686   -0.582867    0.000000       -3.413742        1.000000    0.740236    0.143058    0.900318   34.408062
    0.029412    0.306722    0.039627    0.580779    0.000000       -2.676947        1.000000    1.390342    0.253636    0.900318   34.408062
    0.039216    0.312876   -0.035967   -0.085048    0.000000       -3.279132        1.000000    2.053493    0.353954    0.900318   34.408062
    0.049020    0.317862    0.004147   -0.065379    0.000000       -3.211373        1.000000    2.727211    0.460149    0.900318   34.408062
    0.058824    0.315526    0.004189    0.031576    0.000000       -3.137707        1.000000    3.395978    0.566415    0.900318   34.408062
    0.068627    0.315456   -0.001850    0.000708    0.000000       -3.169298        1.000000    4.064598    0.671783    0.900318   34.408062
    0.078431    0.315831   -0.000099   -0.004995    0.000000       -3.171243        1.000000    4.734012    0.777405    0.900318   34.408062
    0.088235    0.315733    0.000309    0.001342    0.000000       -3.165889        1.000000    5.403219    0.883090    0.900318   34.408062
    0.098039    0.315705   -0.000075    0.000367    0.000000       -3.167148        1.000000    6.072365    0.988718    0.900318   34.408062
    0.107843    0.315728   -0.000025   -0.000310    0.000000       -3.167593        1.000000    6.741561    1.094353    0.900318   34.408062
    0.117647    0.315726    0.000019    0.000034    0.000000       -3.167274        1.000000    7.410751    1.199995    0.900318   34.408062
    0.127451    0.315723   -0.000002    0.000037    0.000000       -3.167299        1.000000    8.079935    1.305634    0.900318   34.408062
    0.137255    0.315724   -0.000002   -0.000016    0.000000       -3.167340        1.000000    8.749122    1.411273    0.900318   34.408062
    0.147059    0.315724    0.000001   -0.000001    0.000000       -3.167324        1.000000    9.418309    1.516912    0.900318   34.408062
    0.156863    0.315724    0.000000    0.000003    0.000000       -3.167323        1.000000   10.087496    1.622551    0.900318   34.408062
    0.166667    0.315724   -0.000000   -0.000001    0.000000       -3.167325        1.000000   10.756683    1.728190    0.900318   34.408062
    0.176471    0.315724    0.000000   -0.000000    0.000000       -3.167325        1.000000   11.425869    1.833830    0.900318   34.408062
    0.186275    0.315724    0.000000    0.000000    0.000000       -3.167325        1.000000   12.095056    1.939469    0.900318   34.408062
    0.196078    0.315724   -0.000000   -0.000000    0.000000       -3.167325        1.000000   12.764243    2.045108    0.900318   34.408062
    0.205882    0.315724    0.000000   -0.000000    0.000000       -3.167325        1.000000   13.433430    2.150747    0.900318   34.408062
    0.215686    0.315724    0.000000    0.000000    0.000000       -3.167325        1.000000   14.102616    2.256386    0.900318   34.408062
    0.225490    0.315724   -0.000000    0.000000    0.000000       -3.167325        1.000000   14.771803    2.362025    0.900318   34.408062
    0.235294    0.315724   -0.000000   -0.000000    0.000000       -3.167325        1.000000   15.440990    2.467664    0.900318   34.408062
    0.245098    0.315724    0.000000    0.000000    0.000000       -3.167325        1.000000   16.110176    2.573303    0.900318   34.408062
    0.254902    0.315724   -0.000000    0.000000    0.000000       -3.167325        1.000000   16.779363    2.678942    0.900318   34.408062
    0.264706    0.315724   -0.000000   -0.000000    0.000000       -3.167325        1.000000   17.448550    2.784581    0.900318   34.408062
    0.274510    0.315724    0.000000    0.000000    0.000000       -3.167325        1.000000   18.117737    2.890221    0.900318   34.408062
    0.284314    0.315724   -0.000000    0.000000    0.000000       -3.167325        1.000000   18.786923    2.995860    0.900318   34.408062
    0.294118    0.315724   -0.000000   -0.000000    0.000000       -3.167325        1.000000   19.456110    3.101499    0.900318   34.408062
    0.303922    0.315724    0.000000   -0.000000    0.000000       -3.167325        1.000000   20.125297    3.207138    0.900318   34.408062
    0.313725    0.315724    0.000000    0.000000    0.000000       -3.167325        1.000000   20.794483    3.312777    0.900318   34.408062
    0.323529    0.315724   -0.000000   -0.000000    0.000000       -3.167325        1.000000   21.463670    3.418416    0.900318   34.408062
    0.333333    0.315724    0.000000   -0.000000    0.000000       -3.167325        1.000000   22.132857    3.524055    0.900318   34.408062
    0.343137    0.315724    0.000000    0.000000    0.000000       -3.167325        1.000000   22.802044    3.629694    0.900318   34.408062
    0.352941    0.315724    0.000000   -0.000000    0.000000       -3.167325        1.000000   23.471230    3.735333    0.900318   34.408062
    0.362745    0.315724    0.000000   -0.000000    0.000000       -3.167325        1.000000   24.140417    3.840973    0.900318   34.408062
    0.372549    0.315724    0.000000   -0.000000    0.000000       -3.167325        1.000000   24.809604    3.946612    0.900318   34.408062
    0.382353    0.315724    0.000000    0.000000    0.000000       -3.167325        1.000000   25.478790    4.052251    0.900318   34.408062
    0.392157    0.315724    0.000000   -0.000000    0.000000       -3.167325        1.000000   26.147977    4.157890    0.900318   34.408062
    0.401961    0.315724    0.000000    0.000000    0.000000       -3.167325        1.000000   26.817164    4.263529    0.900318   34.408062
    0.411765    0.315724    0.000000   -0.000000    0.000000       -3.167325        1.000000   27.486351    4.369168    0.900318   34.408062
    0.421569    0.315724    0.000000   -0.000000    0.000000       -3.167325        1.000000   28.155537    4.474807    0.900318   34.408062
    0.431373    0.315724    0.000000   -0.000000    0.000000       -3.167325        1.000000   28.824724    4.580446    0.900318   34.408062
    0.441176    0.315724    0.000000    0.000000    0.000000       -3.167325        1.000000   29.493911    4.686085    0.900318   34.408062
    0.450980    0.315724    0.000000   -0.000000    0.000000       -3.167325        1.000000   30.163097    4.791725    0.900318   34.408062
    0.460784    0.315724    0.000000    0.000000    0.000000       -3.167325        1.000000   30.832284    4.897364    0.900318   34.408062
    0.470588    0.315724    0.000000    0.000000    0.000000       -3.167325        1.000000   31.501471    5.003003    0.900318   34.408062
    0.480392    0.315724    0.000000    0.000000    0.000000       -3.167325        1.000000   32.170658    5.108642    0.900318   34.408062
    0.490196    0.315724    0.000000   -0.000000    0.000000       -3.167325        1.000000   32.839844    5.214281    0.900318   34.408062
    0.500000    0.315724    0.000000   -0.000000    0.000000       -3.167325        1.000000   33.509031    5.319920    0.900318   34.408062
    0.509804    0.315724    0.000000    0.000000    0.000000       -3.167325        1.000000   34.178218    5.425559    0.900318   34.408062
    0.519608    0.315724    0.000000   -0.000000    0.000000       -3.167325        1.000000   34.847404    5.531198    0.900318   34.408062
    0.529412    0.315724    0.000000    0.000000    0.000000       -3.167325        1.000000   35.516591    5.636837    0.900318   34.408062
    0.539216    0.315724    0.000000    0.000000    0.000000       -3.167325        1.000000   36.185778    5.742476    0.900318   34.408062
    0.549020    0.315724    0.000000    0.000000    0.000000       -3.167325        1.000000   36.854965    5.848116    0.900318   34.408062
    0.558824    0.315724    0.000000    0.000000    0.000000       -3.167325        1.000000   37.524151    5.953755    0.900318   34.408062
    0.568627    0.315724    0.000000    0.000000    0.000000       -3.167325        1.000000   38.193338    6.059394    0.900318   34.408062
    0.578431    0.315724    0.000000    0.000000    0.000000       -3.167325        1.000000   38.862525    6.165033    0.900318   34.408062
    0.588235    0.315724    0.000000    0.000000    0.000000       -3.167325        1.000000   39.531711    6.270672    0.900318   34.408062
    0.598039    0.315724    0.000000    0.000000    0.000000       -3.167325        1.000000   40.200898    6.376311    0.900318   34.408062
    0.607843    0.315724    0.000000    0.000000    0.000000       -3.167325        1.000000   40.870085    6.481950    0.900318   34.408062
    0.617647    0.315724    0.000000    0.000000    0.000000       -3.167325        1.000000   41.539272    6.587589    0.900318   34.408062
    0.627451    0.315724    0.000000    0.000000    0.000000       -3.167325        1.000000   42.208458    6.693228    0.900318   34.408062
    0.637255    0.315724    0.000000    0.000000    0.000000       -3.167325        1.000000   42.877645    6.798868    0.900318   34.408062
    0.647059    0.315724    0.000000    0.000000    0.000000       -3.167325        1.000000   43.546832    6.904507    0.900318   34.408062
    0.656863    0.315724    0.000000    0.000000    0.000000       -3.167325        1.000000   44.216018    7.010146    0.900318   34.408062
    0.666667    0.315724    0.000000    0.000000    0.000000       -3.167325        1.000000   44.885205    7.115785    0.900318   34.408062
    0.676471    0.315724    0.000000    0.000000    0.000000       -3.167325        1.000000   45.554392    7.221424    0.900318   34.408062
    0.686275    0.315724    0.000000    0.000000    0.000000       -3.167325        1.000000   46.223579    7.327063    0.900318   34.408062
    0.696078    0.315724    0.000000    0.000000    0.000000       -3.167325        1.000000   46.892765    7.432702    0.900318   34.408062
    0.705882    0.315724    0.000000    0.000000    0.000000       -3.167325        1.000000   47.561952    7.538341    0.900318   34.408062
    0.715686    0.315724    0.000000    0.000000    0.000000       -3.167325        1.000000   48.231139    7.643980    0.900318   34.408062
    0.725490    0.315724    0.000000    0.000000    0.000000       -3.167325        1.000000   48.900325    7.749620    0.900318   34.408062
    0.735294    0.315724    0.000000    0.000000    0.000000       -3.167325        1.000000   49.569512    7.855259    0.900318   34.408062
    0.745098    0.315724    0.000000    0.000000    0.000000       -3.167325        1.000000   50.238699    7.960898    0.900318   34.408062
    0.754902    0.315724    0.000000    0.000000    0.000000       -3.167325        1.000000   50.907886    8.066537    0.900318   34.408062
    0.764706    0.315724    0.000000    0.000000    0.000000       -3.167325        1.000000   51.577072    8.172176    0.900318   34.408062
    0.774510    0.315724    0.000000    0.000000    0.000000       -3.167325        1.000000   52.246259    8.277815    0.900318   34.408062
    0.784314    0.315724    0.000000    0.000000    0.000000       -3.167325        1.000000   52.915446    8.383454    0.900318   34.408062
    0.794118    0.315724    0.000000    0.000000    0.000000       -3.167325        1.000000   53.584632    8.489093    0.900318   34.408062
    0.803922    0.315724    0.000000    0.000000    0.000000       -3.167325        1.000000   54.253819    8.594732    0.900318   34.408062
    0.813725    0.315724    0.000000    0.000000    0.000000       -3.167325        1.000000   54.923006    8.700371    0.900318   34.408062
    0.823529    0.315724    0.000000   -0.000000    0.000000       -3.167325        1.000000   55.592193    8.806011    0.900318   34.408062
    0.833333    0.315724    0.000000   -0.000000    0.000000       -3.167325        1.000000   56.261379    8.911650    0.900318   34.408062
    0.843137    0.315724    0.000000   -0.000000    0.000000       -3.167325        1.000000   56.930566    9.017289    0.900318   34.408062
    0.852941    0.315724    0.000000   -0.000000    0.000000       -3.167325        1.000000   57.599753    9.122928    0.900318   34.408062
    0.862745    0.315724    0.000000   -0.000000    0.000000       -3.167325        1.000000   58.268939    9.228567    0.900318   34.408062
    0.872549    0.315724    0.000000   -0.000000    0.000000       -3.167325        1.000000   58.938126    9.334206    0.900318   34.408062
    0.882353    0.315724    0.000000   -0.000000    0.000000       -3.167325        1.000000   59.607313    9.439845    0.900318   34.408062
    0.892157    0.315724    0.000000   -0.000000    0.000000       -3.167325        1.000000   60.276500    9.545484    0.900318   34.408062
    0.901961    0.315724    0.000000   -0.000000    0.000000       -3.167325        1.000000   60.945686    9.651123    0.900318   34.408062
    0.911765    0.315724    0.000000   -0.000001    0.000000       -3.167326        1.000000   61.614873    9.756763    0.900318   34.408062
    0.921569    0.315724    0.000001   -0.000004    0.000000       -3.167330        1.000000   62.284059    9.862402    0.900318   34.408062
    0.931373    0.315723    0.000005   -0.000028    0.000000       -3.167362        1.000000   62.953244    9.968040    0.900318   34.408062
    0.941176    0.315718    0.000033   -0.000184    0.000000       -3.167568        1.000000   63.622418   10.073678    0.900318   34.408062
    0.950980    0.315685    0.000217   -0.001216    0.000000       -3.168930        1.000000   64.291523   10.179305    0.900318   34.408062
    0.960784    0.315467    0.001435   -0.008025    0.000000       -3.177921        1.000000   64.960166   10.284867    0.900318   34.408062
    0.970588    0.314032    0.009458   -0.052819    0.000000       -3.237066        1.000000   65.625767   10.389997    0.900318   34.408062
    0.980392    0.304615    0.061765   -0.341050    0.000000       -3.617618        1.000000   66.271409   10.492268    0.900318   34.408062
    0.990196    0.245611    0.378005   -1.922664    0.000000       -5.706713        1.000000   66.791988   10.576220    0.900318   34.408062
    1.000000    0.000000    1.570796   -4.687607    0.000000       -9.375215        1.000000   66.791988   10.597639    0.900318   34.408062
