           t           r         psi          cs          qs               p             sig           A           V          Q2           S
    0.000000   -0.000000   -1.570796   -1.065777    0.000000       -2.131555        1.000000    0.000000    0.000000    0.412192    7.012701
    0.009804    0.068690   -1.497475   -1.067833    0.000000       -2.134293        1.000000    0.000000    0.000019    0.412192    7.012701
    0.019608    0.137011   -1.423868   -1.074145    0.000000       -2.142678        1.000000    0.059186    0.000298    0.412192    7.012701
    0.029412    0.204587   -1.349669   -1.085144    0.000000       -2.157206        1.000000    0.147564    0.001496    0.412192    7.012701
    0.039216    0.271037   -1.274533   -1.101536    0.000000       -2.178688        1.000000    0.264647    0.004684    0.412192    7.012701
    0.049020    0.335966   -1.198057   -1.124312    0.000000       -2.208255        1.000000    0.409778    0.011294    0.412192    7.012701
    0.058824    0.398956   -1.119760   -1.154746    0.000000       -2.247342        1.000000    0.582120    0.023062    0.412192    7.012701
    0.068627    0.459565   -1.039065   -1.194351    0.000000       -2.297626        1.000000    0.780643    0.041945    0.412192    7.012701
    0.078431    0.517306   -0.955285   -1.244720    0.000000       -2.360840        1.000000    1.004110    0.070022    0.412192    7.012701
    0.088235    0.571645   -0.867635   -1.307102    0.000000       -2.438280        1.000000    1.251050    0.109367    0.412192    7.012701
    0.098039    0.621983   -0.775277   -1.381458    0.000000       -2.529764        1.000000    1.519735    0.161895    0.412192    7.012701
    0.107843    0.667652   -0.677472   -1.464617    0.000000       -2.631631        1.000000    1.808148    0.229162    0.412192    7.012701
    0.117647    0.707925   -0.573891   -1.547260    0.000000       -2.733536        1.000000    2.113959    0.312116    0.412192    7.012701
    0.127451    0.742063   -0.465157   -1.610348    0.000000       -2.814762        1.000000    2.434516    0.410809    0.412192    7.012701
    0.137255    0.769420   -0.353587   -1.624149    0.000000       -2.843427        1.000000    2.766891    0.524136    0.412192    7.012701
    0.147059    0.789613   -0.243724   -1.555815    0.000000       -2.784829        1.000000    3.107990    0.649743    0.412192    7.012701
    0.156863    0.802719   -0.141966   -1.387880    0.000000       -2.621113        1.000000    3.454749    0.784289    0.412192    7.012701
    0.166667    0.809373   -0.054849   -1.135302    0.000000       -2.368969        1.000000    3.804383    0.924091    0.412192    7.012701
    0.176471    0.810688    0.013192   -0.841387    0.000000       -2.074799        1.000000    4.154585    1.065896    0.412192    7.012701
    0.186275    0.808025    0.061012   -0.554192    0.000000       -1.789475        1.000000    4.503637    1.207359    0.412192    7.012701
    0.196078    0.802731    0.090313   -0.306331    0.000000       -1.547002        1.000000    4.850401    1.347096    0.412192    7.012701
    0.205882    0.795973    0.104345   -0.110876    0.000000       -1.360366        1.000000    5.194247    1.484465    0.412192    7.012701
    0.215686    0.788674    0.106755    0.032572    0.000000       -1.228162        1.000000    5.534939    1.619298    0.412192    7.012701
    0.225490    0.781509    0.100906    0.130697    0.000000       -1.142369        1.000000    5.872537    1.751692    0.412192    7.012701
    0.235294    0.774946    0.089630    0.191877    0.000000       -1.093357        1.000000    6.207299    1.881885    0.412192    7.012701
    0.245098    0.769274    0.075186    0.224052    0.000000       -1.072203        1.000000    6.539611    2.010181    0.412192    7.012701
    0.254902    0.764649    0.059329    0.234047    0.000000       -1.071441        1.000000    6.869925    2.136915    0.412192    7.012701
    0.264706    0.761123    0.043382    0.227522    0.000000       -1.085091        1.000000    7.198716    2.262423    0.412192    7.012701
    0.274510    0.758666    0.028315    0.209143    0.000000       -1.108432        1.000000    7.526445    2.387036    0.412192    7.012701
    0.284314    0.757194    0.014807    0.182770    0.000000       -1.137751        1.000000    7.853539    2.511059    0.412192    7.012701
    0.294118    0.756584    0.003292    0.151621    0.000000       -1.170102        1.000000    8.180369    2.634769    0.412192    7.012701
    0.303922    0.756690   -0.005994    0.118375    0.000000       -1.203146        1.000000    8.507245    2.758405    0.412192    7.012701
    0.313725    0.757356   -0.012987    0.085239    0.000000       -1.235033        1.000000    8.834409    2.882167    0.412192    7.012701
    0.323529    0.758425   -0.017758    0.053988    0.000000       -1.264326        1.000000    9.162034    3.006207    0.412192    7.012701
    0.333333    0.759751   -0.020486    0.025979    0.000000       -1.289967        1.000000    9.490232    3.130636    0.412192    7.012701
    0.343137    0.761201   -0.021427    0.002164    0.000000       -1.311249        1.000000    9.819057    3.255519    0.412192    7.012701
    0.352941    0.762663   -0.020892   -0.016894    0.000000       -1.327803        1.000000   10.148513    3.380883    0.412192    7.012701
    0.362745    0.764047   -0.019218   -0.030998    0.000000       -1.339577        1.000000   10.478567    3.506720    0.412192    7.012701
    0.372549    0.765287   -0.016741   -0.040281    0.000000       -1.346797        1.000000   10.809156    3.632998    0.412192    7.012701
    0.382353    0.766338   -0.013781   -0.045142    0.000000       -1.349925        1.000000   11.140200    3.759660    0.412192    7.012701
    0.392157    0.767177   -0.010621   -0.046186    0.000000       -1.349592        1.000000   11.471606    3.886641    0.412192    7.012701
    0.401961    0.767799   -0.007501   -0.044145    0.000000       -1.346532        1.000000   11.803281    4.013869    0.412192    7.012701
    0.411765    0.768214   -0.004604   -0.039803    0.000000       -1.341511        1.000000   12.135135    4.141270    0.412192    7.012701
    0.421569    0.768440   -0.002062   -0.033935    0.000000       -1.335269        1.000000   12.467087    4.268779    0.412192    7.012701
    0.431373    0.768507    0.000044   -0.027247    0.000000       -1.328471        1.000000   12.799068    4.396337    0.412192    7.012701
    0.441176    0.768445    0.001679   -0.020347    0.000000       -1.321675        1.000000   13.131022    4.523895    0.412192    7.012701
    0.450980    0.768287    0.002848   -0.013721    0.000000       -1.315313        1.000000   13.462907    4.651415    0.412192    7.012701
    0.460784    0.768064    0.003581   -0.007726    0.000000       -1.309693        1.000000   13.794696    4.778870    0.412192    7.012701
    0.470588    0.767803    0.003930   -0.002600    0.000000       -1.305006        1.000000   14.126373    4.906244    0.412192    7.012701
    0.480392    0.767531    0.003961    0.001531    0.000000       -1.301338        1.000000   14.457932    5.033529    0.412192    7.012701
    0.490196    0.767264    0.003743    0.004630    0.000000       -1.298692        1.000000   14.789376    5.160724    0.412192    7.012701
    0.500000    0.767020    0.003347    0.006733    0.000000       -1.297007        1.000000   15.120714    5.287835    0.412192    7.012701
    0.509804    0.766807    0.002838    0.007928    0.000000       -1.296176        1.000000   15.451960    5.414870    0.412192    7.012701
    0.519608    0.766631    0.002275    0.008338    0.000000       -1.296068        1.000000   15.783131    5.541840    0.412192    7.012701
    0.529412    0.766494    0.001707    0.008104    0.000000       -1.296536        1.000000   16.114242    5.668758    0.412192    7.012701
    0.539216    0.766395    0.001172    0.007372    0.000000       -1.297437        1.000000   16.445310    5.795638    0.412192    7.012701
    0.549020    0.766331    0.000701    0.006283    0.000000       -1.298635        1.000000   16.776351    5.922491    0.412192    7.012701
    0.558824    0.766297    0.000313    0.004966    0.000000       -1.300011        1.000000   17.107377    6.049329    0.412192    7.012701
    0.568627    0.766286    0.000021    0.003528    0.000000       -1.301468        1.000000   17.438398    6.176158    0.412192    7.012701
    0.578431    0.766292   -0.000171    0.002054    0.000000       -1.302932        1.000000   17.769422    6.302987    0.412192    7.012701
    0.588235    0.766307   -0.000262    0.000604    0.000000       -1.304356        1.000000   18.100453    6.429820    0.412192    7.012701
    0.598039    0.766326   -0.000255   -0.000787    0.000000       -1.305715        1.000000   18.431491    6.556659    0.412192    7.012701
    0.607843    0.766340   -0.000155   -0.002109    0.000000       -1.307013        1.000000   18.762536    6.683503    0.412192    7.012701
    0.617647    0.766345    0.000034   -0.003377    0.000000       -1.308273        1.000000   19.093582    6.810351    0.412192    7.012701
    0.627451    0.766334    0.000309   -0.004629    0.000000       -1.309543        1.000000   19.424624    6.937197    0.412192    7.012701
    0.637255    0.766300    0.000671   -0.005922    0.000000       -1.310893        1.000000   19.755652    7.064037    0.412192    7.012701
    0.647059    0.766239    0.001126   -0.007339    0.000000       -1.312414        1.000000   20.086653    7.190861    0.412192    7.012701
    0.656863    0.766143    0.001685   -0.008982    0.000000       -1.314219        1.000000   20.417612    7.317659    0.412192    7.012701
    0.666667    0.766005    0.002369   -0.010978    0.000000       -1.316450        1.000000   20.748512    7.444418    0.412192    7.012701
    0.676471    0.765814    0.003206   -0.013481    0.000000       -1.319275        1.000000   21.079330    7.571123    0.412192    7.012701
    0.686275    0.765559    0.004239   -0.016678    0.000000       -1.322901        1.000000   21.410037    7.697754    0.412192    7.012701
    0.696078    0.765225    0.005521   -0.020794    0.000000       -1.327578        1.000000   21.740600    7.824288    0.412192    7.012701
    0.705882    0.764793    0.007125   -0.026104    0.000000       -1.333614        1.000000   22.070976    7.950695    0.412192    7.012701
    0.715686    0.764236    0.009145   -0.032943    0.000000       -1.341384        1.000000   22.401112    8.076937    0.412192    7.012701
    0.725490    0.763523    0.011699   -0.041721    0.000000       -1.351349        1.000000   22.730940    8.202968    0.412192    7.012701
    0.735294    0.762612    0.014938   -0.052936    0.000000       -1.364072        1.000000   23.060374    8.328729    0.412192    7.012701
    0.745098    0.761449    0.019048   -0.067191    0.000000       -1.380238        1.000000   23.389306    8.454142    0.412192    7.012701
    0.754902    0.759968    0.024263   -0.085208    0.000000       -1.400666        1.000000   23.717598    8.579112    0.412192    7.012701
    0.764706    0.758082    0.030870   -0.107835    0.000000       -1.426325        1.000000   24.045075    8.703513    0.412192    7.012701
    0.774510    0.755684    0.039218   -0.136043    0.000000       -1.458330        1.000000   24.371516    8.827188    0.412192    7.012701
    0.784314    0.752641    0.049729   -0.170909    0.000000       -1.497922        1.000000   24.696643    8.949934    0.412192    7.012701
    0.794118    0.748788    0.062897   -0.213565    0.000000       -1.546415        1.000000   25.020106    9.071493    0.412192    7.012701
    0.803922    0.743924    0.079299   -0.265110    0.000000       -1.605109        1.000000   25.341467    9.191538    0.412192    7.012701
    0.813725    0.737808    0.099577   -0.326485    0.000000       -1.675137        1.000000   25.660186    9.309657    0.412192    7.012701
    0.823529    0.730152    0.124431   -0.398291    0.000000       -1.757280        1.000000   25.975598    9.425337    0.412192    7.012701
    0.833333    0.720624    0.154584   -0.480587    0.000000       -1.851726        1.000000   26.286894    9.537943    0.412192    7.012701
    0.843137    0.708848    0.190739   -0.572689    0.000000       -1.957843        1.000000   26.593104    9.646711    0.412192    7.012701
    0.852941    0.694413    0.233521   -0.673037    0.000000       -2.074016        1.000000   26.893077    9.750740    0.412192    7.012701
    0.862745    0.676882    0.283418   -0.779185    0.000000       -2.197609        1.000000   27.185477    9.849002    0.412192    7.012701
    0.872549    0.655817    0.340723   -0.887967    0.000000       -2.325126        1.000000   27.468778    9.940383    0.412192    7.012701
    0.882353    0.630800    0.405495   -0.995825    0.000000       -2.452558        1.000000   27.741272   10.023739    0.412192    7.012701
    0.892157    0.601464    0.477550   -1.099250    0.000000       -2.575852        1.000000   28.001093   10.097998    0.412192    7.012701
    0.901961    0.567523    0.556475   -1.195208    0.000000       -2.691399        1.000000   28.246253   10.162279    0.412192    7.012701
    0.911765    0.528795    0.641673   -1.281453    0.000000       -2.796399        1.000000   28.474682   10.216018    0.412192    7.012701
    0.921569    0.485226    0.732426   -1.356658    0.000000       -2.889045        1.000000   28.684291   10.259084    0.412192    7.012701
    0.931373    0.436901    0.827955   -1.420369    0.000000       -2.968507        1.000000   28.873024   10.291858    0.412192    7.012701
    0.941176    0.384047    0.927474   -1.472836    0.000000       -3.034772        1.000000   29.038925   10.315241    0.412192    7.012701
    0.950980    0.327027    1.030234   -1.514778    0.000000       -3.088405        1.000000   29.180195   10.330597    0.412192    7.012701
    0.960784    0.266331    1.135543   -1.547162    0.000000       -3.130305        1.000000   29.295245   10.339617    0.412192    7.012701
    0.970588    0.202559    1.242779   -1.571013    0.000000       -3.161491        1.000000   29.382746   10.344127    0.412192    7.012701
    0.980392    0.136401    1.351390   -1.587272    0.000000       -3.182937        1.000000   29.441669   10.345871    0.412192    7.012701
    0.990196    0.068614    1.460879   -1.596694    0.000000       -3.195446        1.000000   29.471309   10.346284    0.412192    7.012701
    1.000000    0.000000    1.570796   -1.599776    0.000000       -3.199551        1.000000   29.471309   10.346312    0.412192    7.012701
