           t           r         psi          cs          qs               p             sig           A           V          Q2           S
    0.000000    0.000000   -1.570796   -1.179507    0.000000       -2.359013        1.000000    0.000000    0.000000    0.579412    5.724679
    0.009804    0.056083   -1.504527   -1.183269    0.000000       -2.364027        1.000000    0.000000    0.000009    0.579412    5.724679
    0.019608    0.111919   -1.437833   -1.194693    0.000000       -2.379225        1.000000    0.039467    0.000147    0.579412    5.724679
    0.029412    0.167255   -1.370274   -1.214171    0.000000       -2.405051        1.000000    0.098448    0.000739    0.579412    5.724679
    0.039216    0.221829   -1.301382   -1.242299    0.000000       -2.442176        1.000000    0.176674    0.002324    0.579412    5.724679
    0.049020    0.275358   -1.230652   -1.279808    0.000000       -2.491405        1.000000    0.273776    0.005633    0.579412    5.724679
    0.058824    0.327540   -1.157536   -1.327441    0.000000       -2.553542        1.000000    0.389279    0.011573    0.579412    5.724679
    0.068627    0.378040   -1.081449   -1.385753    0.000000       -2.629141        1.000000    0.522591    0.021197    0.579412    5.724679
    0.078431    0.426484   -1.001786   -1.454765    0.000000       -2.718115        1.000000    0.672986    0.035659    0.579412    5.724679
    0.088235    0.472455   -0.917972   -1.533411    0.000000       -2.819106        1.000000    0.839592    0.056155    0.579412    5.724679
    0.098039    0.515488   -0.829537   -1.618714    0.000000       -2.928575        1.000000    1.021373    0.083841    0.579412    5.724679
    0.107843    0.555076   -0.736258   -1.704721    0.000000       -3.039648        1.000000    1.217115    0.119725    0.579412    5.724679
    0.117647    0.590686   -0.638355   -1.781448    0.000000       -3.141014        1.000000    1.425414    0.164529    0.579412    5.724679
    0.127451    0.621795   -0.536734   -1.834487    0.000000       -3.216588        1.000000    1.644684    0.218546    0.579412    5.724679
    0.137255    0.647950   -0.433207   -1.846344    0.000000       -3.247106        1.000000    1.873177    0.281506    0.579412    5.724679
    0.147059    0.668846   -0.330570   -1.800415    0.000000       -3.214578        1.000000    2.109038    0.352525    0.579412    5.724679
    0.156863    0.684401   -0.232383   -1.687048    0.000000       -3.108905        1.000000    2.350385    0.430165    0.579412    5.724679
    0.166667    0.694808   -0.142423   -1.508798    0.000000       -2.933472        1.000000    2.595402    0.512636    0.579412    5.724679
    0.176471    0.700528   -0.063952   -1.281104    0.000000       -2.705681        1.000000    2.842435    0.598079    0.579412    5.724679
    0.186275    0.702230    0.000893   -1.027418    0.000000       -2.451452        1.000000    3.090069    0.684837    0.579412    5.724679
    0.196078    0.700698    0.051341   -0.771793    0.000000       -2.197061        1.000000    3.337163    0.771612    0.579412    5.724679
    0.205882    0.696733    0.087848   -0.533165    0.000000       -1.962901        1.000000    3.582858    0.857514    0.579412    5.724679
    0.215686    0.691087    0.111729   -0.323242    0.000000       -1.761216        1.000000    3.826563    0.942009    0.579412    5.724679
    0.225490    0.684420    0.124769   -0.147231    0.000000       -1.596965        1.000000    4.067916    1.024833    0.579412    5.724679
    0.235294    0.677283    0.128904   -0.005766    0.000000       -1.470003        1.000000    4.306753    1.105910    0.579412    5.724679
    0.245098    0.670120    0.126025    0.103196    0.000000       -1.377238        1.000000    4.543064    1.185280    0.579412    5.724679
    0.254902    0.663273    0.117866    0.182984    0.000000       -1.314232        1.000000    4.776960    1.263057    0.579412    5.724679
    0.264706    0.656990    0.105960    0.237368    0.000000       -1.276188        1.000000    5.008641    1.339397    0.579412    5.724679
    0.274510    0.651446    0.091627    0.270113    0.000000       -1.258493        1.000000    5.238366    1.414477    0.579412    5.724679
    0.284314    0.646745    0.075978    0.284784    0.000000       -1.256961        1.000000    5.466434    1.488487    0.579412    5.724679
    0.294118    0.642934    0.059936    0.284671    0.000000       -1.267906        1.000000    5.693158    1.561617    0.579412    5.724679
    0.303922    0.640015    0.044244    0.272788    0.000000       -1.288147        1.000000    5.918852    1.634055    0.579412    5.724679
    0.313725    0.637952    0.029485    0.251878    0.000000       -1.314958        1.000000    6.143819    1.705981    0.579412    5.724679
    0.323529    0.636680    0.016094    0.224427    0.000000       -1.346018        1.000000    6.368337    1.777564    0.579412    5.724679
    0.333333    0.636114    0.004374    0.192668    0.000000       -1.379362        1.000000    6.592656    1.848957    0.579412    5.724679
    0.343137    0.636154   -0.005490    0.158584    0.000000       -1.413338        1.000000    6.816989    1.920297    0.579412    5.724679
    0.352941    0.636694   -0.013416    0.123901    0.000000       -1.446571        1.000000    7.041512    1.991701    0.579412    5.724679
    0.362745    0.637624   -0.019414    0.090083    0.000000       -1.477944        1.000000    7.266363    2.063266    0.579412    5.724679
    0.372549    0.638838   -0.023567    0.058332    0.000000       -1.506575        1.000000    7.491643    2.135067    0.579412    5.724679
    0.382353    0.640237   -0.026018    0.029582    0.000000       -1.531811        1.000000    7.717416    2.207158    0.579412    5.724679
    0.392157    0.641730   -0.026956    0.004510    0.000000       -1.553212        1.000000    7.943715    2.279574    0.579412    5.724679
    0.401961    0.643238   -0.026601   -0.016459    0.000000       -1.570543        1.000000    8.170546    2.352330    0.579412    5.724679
    0.411765    0.644696   -0.025189   -0.033133    0.000000       -1.583760        1.000000    8.397891    2.425426    0.579412    5.724679
    0.421569    0.646050   -0.022962   -0.045528    0.000000       -1.592987        1.000000    8.625714    2.498845    0.579412    5.724679
    0.431373    0.647262   -0.020155   -0.053841    0.000000       -1.598496        1.000000    8.853964    2.572561    0.579412    5.724679
    0.441176    0.648306   -0.016988   -0.058416    0.000000       -1.600676        1.000000    9.082582    2.646540    0.579412    5.724679
    0.450980    0.649166   -0.013659   -0.059706    0.000000       -1.600000        1.000000    9.311504    2.720740    0.579412    5.724679
    0.460784    0.649839   -0.010338   -0.058234    0.000000       -1.596995        1.000000    9.540663    2.795120    0.579412    5.724679
    0.470588    0.650329   -0.007164   -0.054561    0.000000       -1.592204        1.000000    9.769994    2.869635    0.579412    5.724679
    0.480392    0.650648   -0.004244   -0.049249    0.000000       -1.586165        1.000000    9.999438    2.944244    0.579412    5.724679
    0.490196    0.650812   -0.001656   -0.042839    0.000000       -1.579380        1.000000   10.228940    3.018908    0.579412    5.724679
    0.500000    0.650841    0.000553   -0.035825    0.000000       -1.572298        1.000000   10.458453    3.093595    0.579412    5.724679
    0.509804    0.650757    0.002362   -0.028641    0.000000       -1.565308        1.000000   10.687935    3.168276    0.579412    5.724679
    0.519608    0.650583    0.003772   -0.021655    0.000000       -1.558726        1.000000   10.917356    3.242926    0.579412    5.724679
    0.529412    0.650341    0.004802   -0.015159    0.000000       -1.552796        1.000000   11.146692    3.317527    0.579412    5.724679
    0.539216    0.650051    0.005487   -0.009378    0.000000       -1.547697        1.000000   11.375926    3.392067    0.579412    5.724679
    0.549020    0.649731    0.005871   -0.004470    0.000000       -1.543543        1.000000   11.605047    3.466536    0.579412    5.724679
    0.558824    0.649396    0.006007   -0.000533    0.000000       -1.540396        1.000000   11.834049    3.540930    0.579412    5.724679
    0.568627    0.649060    0.005950    0.002386    0.000000       -1.538276        1.000000   12.062933    3.615247    0.579412    5.724679
    0.578431    0.648731    0.005758    0.004277    0.000000       -1.537168        1.000000   12.291702    3.689487    0.579412    5.724679
    0.588235    0.648415    0.005489    0.005163    0.000000       -1.537035        1.000000   12.520358    3.763654    0.579412    5.724679
    0.598039    0.648115    0.005197    0.005086    0.000000       -1.537828        1.000000   12.748909    3.837751    0.579412    5.724679
    0.607843    0.647831    0.004935    0.004100    0.000000       -1.539493        1.000000   12.977360    3.911781    0.579412    5.724679
    0.617647    0.647560    0.004752    0.002257    0.000000       -1.541984        1.000000   13.205715    3.985748    0.579412    5.724679
    0.627451    0.647296    0.004696   -0.000395    0.000000       -1.545267        1.000000   13.433977    4.059654    0.579412    5.724679
    0.637255    0.647030    0.004811   -0.003825    0.000000       -1.549331        1.000000   13.662146    4.133499    0.579412    5.724679
    0.647059    0.646752    0.005140   -0.008024    0.000000       -1.554192        1.000000   13.890216    4.207282    0.579412    5.724679
    0.656863    0.646448    0.005727   -0.013011    0.000000       -1.559900        1.000000   14.118179    4.281000    0.579412    5.724679
    0.666667    0.646103    0.006616   -0.018842    0.000000       -1.566548        1.000000   14.346020    4.354643    0.579412    5.724679
    0.676471    0.645699    0.007859   -0.025614    0.000000       -1.574277        1.000000   14.573719    4.428201    0.579412    5.724679
    0.686275    0.645213    0.009512   -0.033474    0.000000       -1.583279        1.000000   14.801246    4.501657    0.579412    5.724679
    0.696078    0.644622    0.011641   -0.042620    0.000000       -1.593812        1.000000   15.028566    4.574990    0.579412    5.724679
    0.705882    0.643896    0.014325   -0.053312    0.000000       -1.606198        1.000000   15.255629    4.648172    0.579412    5.724679
    0.715686    0.643002    0.017660   -0.065876    0.000000       -1.620839        1.000000   15.482377    4.721167    0.579412    5.724679
    0.725490    0.641900    0.021762   -0.080711    0.000000       -1.638218        1.000000   15.708736    4.793932    0.579412    5.724679
    0.735294    0.640543    0.026771   -0.098294    0.000000       -1.658911        1.000000   15.934616    4.866412    0.579412    5.724679
    0.745098    0.638875    0.032857   -0.119184    0.000000       -1.683591        1.000000   16.159909    4.938542    0.579412    5.724679
    0.754902    0.636831    0.040223   -0.144026    0.000000       -1.713030        1.000000   16.384481    5.010239    0.579412    5.724679
    0.764706    0.634333    0.049111   -0.173545    0.000000       -1.748104        1.000000   16.608171    5.081404    0.579412    5.724679
    0.774510    0.631287    0.059806   -0.208542    0.000000       -1.789776        1.000000   16.830788    5.151918    0.579412    5.724679
    0.784314    0.627584    0.072638   -0.249874    0.000000       -1.839085        1.000000   17.052099    5.221635    0.579412    5.724679
    0.794118    0.623094    0.087989   -0.298423    0.000000       -1.897108        1.000000   17.271826    5.290379    0.579412    5.724679
    0.803922    0.617666    0.106287   -0.355049    0.000000       -1.964911        1.000000   17.489640    5.357939    0.579412    5.724679
    0.813725    0.611123    0.128008   -0.420525    0.000000       -2.043468        1.000000   17.705146    5.424064    0.579412    5.724679
    0.823529    0.603265    0.153667   -0.495454    0.000000       -2.133568        1.000000   17.917881    5.488455    0.579412    5.724679
    0.833333    0.593861    0.183805   -0.580158    0.000000       -2.235688        1.000000   18.127300    5.550762    0.579412    5.724679
    0.843137    0.582660    0.218971   -0.674572    0.000000       -2.349857        1.000000   18.332768    5.610582    0.579412    5.724679
    0.852941    0.569383    0.259696   -0.778132    0.000000       -2.475528        1.000000   18.533555    5.667462    0.579412    5.724679
    0.862745    0.553736    0.306465   -0.889692    0.000000       -2.611463        1.000000   18.728824    5.720901    0.579412    5.724679
    0.872549    0.535417    0.359680   -1.007495    0.000000       -2.755682        1.000000   18.917633    5.770373    0.579412    5.724679
    0.882353    0.514130    0.419629   -1.129209    0.000000       -2.905491        1.000000   19.098936    5.815352    0.579412    5.724679
    0.892157    0.489598    0.486454   -1.252052    0.000000       -3.057607        1.000000   19.271588    5.855348    0.579412    5.724679
    0.901961    0.461585    0.560134   -1.372990    0.000000       -3.208371        1.000000   19.434361    5.889963    0.579412    5.724679
    0.911765    0.429914    0.640477   -1.488983    0.000000       -3.354032        1.000000   19.585965    5.918946    0.579412    5.724679
    0.921569    0.394491    0.727126   -1.597239    0.000000       -3.491042        1.000000   19.725078    5.942245    0.579412    5.724679
    0.931373    0.355318    0.819576   -1.695417    0.000000       -3.616316        1.000000   19.850377    5.960053    0.579412    5.724679
    0.941176    0.312511    0.917212   -1.781760    0.000000       -3.727408        1.000000   19.960581    5.972826    0.579412    5.724679
    0.950980    0.266301    1.019333   -1.855128    0.000000       -3.822581        1.000000   20.054489    5.981263    0.579412    5.724679
    0.960784    0.217038    1.125194   -1.914947    0.000000       -3.900783        1.000000   20.131025    5.986246    0.579412    5.724679
    0.970588    0.165184    1.234027   -1.961087    0.000000       -3.961524        1.000000   20.189276    5.988751    0.579412    5.724679
    0.980392    0.111295    1.345070   -1.993712    0.000000       -4.004721        1.000000   20.228522    5.989723    0.579412    5.724679
    0.990196    0.056004    1.457571   -2.013110    0.000000       -4.030512        1.000000   20.248272    5.989954    0.579412    5.724679
    1.000000    0.000000    1.570796   -2.019541    0.000000       -4.039082        1.000000   20.248272    5.989970    0.579412    5.724679
