           t           r         psi          cs          qs               p             sig           A           V          Q2           S
    0.000000   -0.000000   -1.570796   -2.565059    0.000000       -5.130118        1.000000    0.000000   -0.000000    0.932445   28.688345
    0.009804    0.247869   -0.640436   -4.219454    0.000000       -7.454367        1.000000    0.000000    0.011933    0.932445   28.688345
    0.019608    0.288747    0.154918   -0.700462    0.000000       -4.122222        1.000000    0.510274    0.082249    0.932445   28.688345
    0.029412    0.252175    0.041900    0.718662    0.000000       -3.243355        1.000000    0.955917    0.144880    0.932445   28.688345
    0.039216    0.257369   -0.037549   -0.101321    0.000000       -3.984048        1.000000    1.410740    0.201394    0.932445   28.688345
    0.049020    0.261804    0.004051   -0.084406    0.000000       -3.904027        1.000000    1.873399    0.261406    0.932445   28.688345
    0.058824    0.259758    0.004598    0.039574    0.000000       -3.810117        1.000000    2.332444    0.321489    0.932445   28.688345
    0.068627    0.259665   -0.001953    0.001682    0.000000       -3.849430        1.000000    2.791323    0.381015    0.932445   28.688345
    0.078431    0.260009   -0.000152   -0.006622    0.000000       -3.852638        1.000000    3.250811    0.440694    0.932445   28.688345
    0.088235    0.259925    0.000346    0.001640    0.000000       -3.845623        1.000000    3.710149    0.500415    0.932445   28.688345
    0.098039    0.259896   -0.000076    0.000554    0.000000       -3.847141        1.000000    4.169437    0.560100    0.932445   28.688345
    0.107843    0.259917   -0.000032   -0.000413    0.000000       -3.847791        1.000000    4.628762    0.619789    0.932445   28.688345
    0.117647    0.259916    0.000021    0.000033    0.000000       -3.847369        1.000000    5.088085    0.679483    0.932445   28.688345
    0.127451    0.259913   -0.000001    0.000055    0.000000       -3.847390        1.000000    5.547402    0.739174    0.932445   28.688345
    0.137255    0.259914   -0.000003   -0.000021    0.000000       -3.847449        1.000000    6.006721    0.798866    0.932445   28.688345
    0.147059    0.259914    0.000001   -0.000002    0.000000       -3.847429        1.000000    6.466041    0.858557    0.932445   28.688345
    0.156863    0.259914    0.000000    0.000004    0.000000       -3.847425        1.000000    6.925360    0.918249    0.932445   28.688345
    0.166667    0.259914   -0.000000   -0.000001    0.000000       -3.847430        1.000000    7.384679    0.977941    0.932445   28.688345
    0.176471    0.259914    0.000000   -0.000000    0.000000       -3.847429        1.000000    7.843998    1.037633    0.932445   28.688345
    0.186275    0.259914    0.000000    0.000000    0.000000       -3.847428        1.000000    8.303317    1.097324    0.932445   28.688345
    0.196078    0.259914   -0.000000   -0.000000    0.000000       -3.847429        1.000000    8.762637    1.157016    0.932445   28.688345
    0.205882    0.259914   -0.000000   -0.000000    0.000000       -3.847429        1.000000    9.221956    1.216708    0.932445   28.688345
    0.215686    0.259914    0.000000    0.000000    0.000000       -3.847429        1.000000    9.681275    1.276399    0.932445   28.688345
    0.225490    0.259914   -0.000000    0.000000    0.000000       -3.847429        1.000000   10.140594    1.336091    0.932445   28.688345
    0.235294    0.259914   -0.000000   -0.000000    0.000000       -3.847429        1.000000   10.599914    1.395783    0.932445   28.688345
    0.245098    0.259914    0.000000    0.000000    0.000000       -3.847429        1.000000   11.059233    1.455475    0.932445   28.688345
    0.254902    0.259914   -0.000000    0.000000    0.000000       -3.847429        1.000000   11.518552    1.515166    0.932445   28.688345
    0.264706    0.259914   -0.000000   -0.000000    0.000000       -3.847429        1.000000   11.977871    1.574858    0.932445   28.688345
    0.274510    0.259914    0.000000   -0.000000    0.000000       -3.847429        1.000000   12.437190    1.634550    0.932445   28.688345
    0.284314    0.259914    0.000000    0.000000    0.000000       -3.847429        1.000000   12.896510    1.694241    0.932445   28.688345
    0.294118    0.259914   -0.000000   -0.000000    0.000000       -3.847429        1.000000   13.355829    1.753933    0.932445   28.688345
    0.303922    0.259914    0.000000   -0.000000    0.000000       -3.847429        1.000000   13.815148    1.813625    0.932445   28.688345
    0.313725    0.259914    0.000000    0.000000    0.000000       -3.847429        1.000000   14.274467    1.873317    0.932445   28.688345
    0.323529    0.259914   -0.000000   -0.000000    0.000000       -3.847429        1.000000   14.733787    1.933008    0.932445   28.688345
    0.333333    0.259914   -0.000000   -0.000000    0.000000       -3.847429        1.000000   15.193106    1.992700    0.932445   28.688345
    0.343137    0.259914    0.000000    0.000000    0.000000       -3.847429        1.000000   15.652425    2.052392    0.932445   28.688345
    0.352941    0.259914   -0.000000    0.000000    0.000000       -3.847429        1.000000   16.111744    2.112083    0.932445   28.688345
    0.362745    0.259914   -0.000000   -0.000000    0.000000       -3.847429        1.000000   16.571063    2.171775    0.932445   28.688345
    0.372549    0.259914    0.000000   -0.000000    0.000000       -3.847429        1.000000   17.030383    2.231467    0.932445   28.688345
    0.382353    0.259914    0.000000    0.000000    0.000000       -3.847429        1.000000   17.489702    2.291159    0.932445   28.688345
    0.392157    0.259914    0.000000   -0.000000    0.000000       -3.847429        1.000000   17.949021    2.350850    0.932445   28.688345
    0.401961    0.259914    0.000000   -0.000000    0.000000       -3.847429        1.000000   18.408340    2.410542    0.932445   28.688345
    0.411765    0.259914    0.000000    0.000000    0.000000       -3.847429        1.000000   18.867659    2.470234    0.932445   28.688345
    0.421569    0.259914    0.000000   -0.000000    0.000000       -3.847429        1.000000   19.326979    2.529925    0.932445   28.688345
    0.431373    0.259914    0.000000    0.000000    0.000000       -3.847429        1.000000   19.786298    2.589617    0.932445   28.688345
    0.441176    0.259914    0.000000    0.000000    0.000000       -3.847429        1.000000   20.245617    2.649309    0.932445   28.688345
    0.450980    0.259914    0.000000   -0.000000    0.000000       -3.847429        1.000000   20.704936    2.709001    0.932445   28.688345
    0.460784    0.259914    0.000000   -0.000000    0.000000       -3.847429        1.000000   21.164256    2.768692    0.932445   28.688345
    0.470588    0.259914    0.000000    0.000000    0.000000       -3.847429        1.000000   21.623575    2.828384    0.932445   28.688345
    0.480392    0.259914    0.000000   -0.000000    0.000000       -3.847429        1.000000   22.082894    2.888076    0.932445   28.688345
    0.490196    0.259914    0.000000    0.000000    0.000000       -3.847429        1.000000   22.542213    2.947767    0.932445   28.688345
    0.500000    0.259914    0.000000   -0.000000    0.000000       -3.847429        1.000000   23.001532    3.007459    0.932445   28.688345
    0.509804    0.259914    0.000000    0.000000    0.000000       -3.847429        1.000000   23.460852    3.067151    0.932445   28.688345
    0.519608    0.259914   -0.000000   -0.000000    0.000000       -3.847429        1.000000   23.920171    3.126843    0.932445   28.688345
    0.529412    0.259914    0.000000   -0.000000    0.000000       -3.847429        1.000000   24.379490    3.186534    0.932445   28.688345
    0.539216    0.259914    0.000000    0.000000    0.000000       -3.847429        1.000000   24.838809    3.246226    0.932445   28.688345
    0.549020    0.259914   -0.000000   -0.000000    0.000000       -3.847429        1.000000   25.298129    3.305918    0.932445   28.688345
    0.558824    0.259914    0.000000   -0.000000    0.000000       -3.847429        1.000000   25.757448    3.365609    0.932445   28.688345
    0.568627    0.259914    0.000000    0.000000    0.000000       -3.847429        1.000000   26.216767    3.425301    0.932445   28.688345
    0.578431    0.259914   -0.000000   -0.000000    0.000000       -3.847429        1.000000   26.676086    3.484993    0.932445   28.688345
    0.588235    0.259914    0.000000   -0.000000    0.000000       -3.847429        1.000000   27.135405    3.544685    0.932445   28.688345
    0.598039    0.259914    0.000000    0.000000    0.000000       -3.847429        1.000000   27.594725    3.604376    0.932445   28.688345
    0.607843    0.259914   -0.000000   -0.000000    0.000000       -3.847429        1.000000   28.054044    3.664068    0.932445   28.688345
    0.617647    0.259914   -0.000000    0.000000    0.000000       -3.847429        1.000000   28.513363    3.723760    0.932445   28.688345
    0.627451    0.259914   -0.000000   -0.000000    0.000000       -3.847429        1.000000   28.972682    3.783451    0.932445   28.688345
    0.637255    0.259914    0.000000   -0.000000    0.000000       -3.847429        1.000000   29.432001    3.843143    0.932445   28.688345
    0.647059    0.259914    0.000000    0.000000    0.000000       -3.847429        1.000000   29.891321    3.902835    0.932445   28.688345
    0.656863    0.259914   -0.000000    0.000000    0.000000       -3.847429        1.000000   30.350640    3.962527    0.932445   28.688345
    0.666667    0.259914   -0.000000   -0.000000    0.000000       -3.847429        1.000000   30.809959    4.022218    0.932445   28.688345
    0.676471    0.259914   -0.000000    0.000000    0.000000       -3.847429        1.000000   31.269278    4.081910    0.932445   28.688345
    0.686275    0.259914   -0.000000    0.000000    0.000000       -3.847429        1.000000   31.728598    4.141602    0.932445   28.688345
    0.696078    0.259914    0.000000   -0.000000    0.000000       -3.847429        1.000000   32.187917    4.201293    0.932445   28.688345
    0.705882    0.259914    0.000000    0.000000    0.000000       -3.847429        1.000000   32.647236    4.260985    0.932445   28.688345
    0.715686    0.259914   -0.000000    0.000000    0.000000       -3.847429        1.000000   33.106555    4.320677    0.932445   28.688345
    0.725490    0.259914   -0.000000   -0.000000    0.000000       -3.847429        1.000000   33.565874    4.380369    0.932445   28.688345
    0.735294    0.259914   -0.000000    0.000000    0.000000       -3.847429        1.000000   34.025194    4.440060    0.932445   28.688345
    0.745098    0.259914   -0.000000    0.000000    0.000000       -3.847429        1.000000   34.484513    4.499752    0.932445   28.688345
    0.754902    0.259914   -0.000000    0.000000    0.000000       -3.847429        1.000000   34.943832    4.559444    0.932445   28.688345
    0.764706    0.259914   -0.000000   -0.000000    0.000000       -3.847429        1.000000   35.403151    4.619135    0.932445   28.688345
    0.774510    0.259914    0.000000   -0.000000    0.000000       -3.847429        1.000000   35.862471    4.678827    0.932445   28.688345
    0.784314    0.259914    0.000000    0.000000    0.000000       -3.847429        1.000000   36.321790    4.738519    0.932445   28.688345
    0.794118    0.259914   -0.000000    0.000000    0.000000       -3.847429        1.000000   36.781109    4.798211    0.932445   28.688345
    0.803922    0.259914   -0.000000   -0.000000    0.000000       -3.847429        1.000000   37.240428    4.857902    0.932445   28.688345
    0.813725    0.259914    0.000000   -0.000000    0.000000       -3.847429        1.000000   37.699747    4.917594    0.932445   28.688345
    0.823529    0.259914    0.000000   -0.000000    0.000000       -3.847429        1.000000   38.159067    4.977286    0.932445   28.688345
    0.833333    0.259914    0.000000   -0.000000    0.000000       -3.847429        1.000000   38.618386    5.036977    0.932445   28.688345
    0.843137    0.259914    0.000000   -0.000000    0.000000       -3.847429        1.000000   39.077705    5.096669    0.932445   28.688345
    0.852941    0.259914    0.000000   -0.000000    0.000000       -3.847429        1.000000   39.537024    5.156361    0.932445   28.688345
    0.862745    0.259914    0.000000   -0.000000    0.000000       -3.847429        1.000000   39.996343    5.216053    0.932445   28.688345
    0.872549    0.259914    0.000000   -0.000000    0.000000       -3.847429        1.000000   40.455663    5.275744    0.932445   28.688345
    0.882353    0.259914    0.000000   -0.000000    0.000000       -3.847429        1.000000   40.914982    5.335436    0.932445   28.688345
    0.892157    0.259914    0.000000   -0.000000    0.000000       -3.847429        1.000000   41.374301    5.395128    0.932445   28.688345
    0.901961    0.259914    0.000000   -0.000000    0.000000       -3.847429        1.000000   41.833620    5.454819    0.932445   28.688345
    0.911765    0.259914    0.000000   -0.000001    0.000000       -3.847430        1.000000   42.292940    5.514511    0.932445   28.688345
    0.921569    0.259914    0.000001   -0.000006    0.000000       -3.847436        1.000000   42.752259    5.574203    0.932445   28.688345
    0.931373    0.259913    0.000005   -0.000036    0.000000       -3.847477        1.000000   43.211576    5.633894    0.932445   28.688345
    0.941176    0.259909    0.000035   -0.000233    0.000000       -3.847741        1.000000   43.670886    5.693585    0.932445   28.688345
    0.950980    0.259880    0.000227   -0.001507    0.000000       -3.849443        1.000000   44.130145    5.753270    0.932445   28.688345
    0.960784    0.259693    0.001467   -0.009727    0.000000       -3.860429        1.000000   44.589073    5.812915    0.932445   28.688345
    0.970588    0.258486    0.009461   -0.062643    0.000000       -3.931149        1.000000   45.045869    5.872309    0.932445   28.688345
    0.980392    0.250736    0.060562   -0.397438    0.000000       -4.378381        1.000000   45.488970    5.930079    0.932445   28.688345
    0.990196    0.202792    0.368055   -2.257262    0.000000       -6.858188        1.000000   45.847342    5.977626    0.932445   28.688345
    1.000000    0.000000    1.570796   -5.765307    0.000000      -11.530613        1.000000   45.847342    5.989970    0.932445   28.688345
