           t           r         psi          cs          qs               p             sig           A           V          Q2           S
    0.000000    0.000000   -1.570796   -0.994696    0.000000       -1.989391        1.000000    0.000000    0.000000    0.023826    4.329289
    0.009804    0.042431   -1.528577   -0.994700    0.000000       -1.989398        1.000000    0.000000    0.000003    0.023826    4.329289
    0.019608    0.084787   -1.486358   -0.994715    0.000000       -1.989417        1.000000    0.022611    0.000040    0.023826    4.329289
    0.029412    0.126992   -1.444138   -0.994740    0.000000       -1.989450        1.000000    0.056478    0.000204    0.023826    4.329289
    0.039216    0.168970   -1.401916   -0.994776    0.000000       -1.989497        1.000000    0.101540    0.000643    0.023826    4.329289
    0.049020    0.210647   -1.359693   -0.994824    0.000000       -1.989560        1.000000    0.157716    0.001561    0.023826    4.329289
    0.058824    0.251949   -1.317468   -0.994885    0.000000       -1.989641        1.000000    0.224906    0.003216    0.023826    4.329289
    0.068627    0.292802   -1.275239   -0.994963    0.000000       -1.989743        1.000000    0.302992    0.005913    0.023826    4.329289
    0.078431    0.333132   -1.233007   -0.995060    0.000000       -1.989867        1.000000    0.391833    0.009998    0.023826    4.329289
    0.088235    0.372869   -1.190770   -0.995178    0.000000       -1.990018        1.000000    0.491271    0.015854    0.023826    4.329289
    0.098039    0.411940   -1.148528   -0.995322    0.000000       -1.990200        1.000000    0.601128    0.023893    0.023826    4.329289
    0.107843    0.450277   -1.106279   -0.995497    0.000000       -1.990421        1.000000    0.721210    0.034548    0.023826    4.329289
    0.117647    0.487811   -1.064022   -0.995710    0.000000       -1.990686        1.000000    0.851301    0.048266    0.023826    4.329289
    0.127451    0.524474   -1.021754   -0.995970    0.000000       -1.991006        1.000000    0.991170    0.065500    0.023826    4.329289
    0.137255    0.560201   -0.979475   -0.996288    0.000000       -1.991393        1.000000    1.140566    0.086698    0.023826    4.329289
    0.147059    0.594927   -0.937180   -0.996677    0.000000       -1.991862        1.000000    1.299223    0.112298    0.023826    4.329289
    0.156863    0.628591   -0.894868   -0.997157    0.000000       -1.992434        1.000000    1.466858    0.142717    0.023826    4.329289
    0.166667    0.661131   -0.852532   -0.997752    0.000000       -1.993136        1.000000    1.643171    0.178346    0.023826    4.329289
    0.176471    0.692488   -0.810168   -0.998495    0.000000       -1.994002        1.000000    1.827846    0.219538    0.023826    4.329289
    0.186275    0.722605   -0.767769   -0.999432    0.000000       -1.995082        1.000000    2.020553    0.266603    0.023826    4.329289
    0.196078    0.751427   -0.725325   -1.000624    0.000000       -1.996441        1.000000    2.220946    0.319802    0.023826    4.329289
    0.205882    0.778900   -0.682823   -1.002158    0.000000       -1.998171        1.000000    2.428666    0.379338    0.023826    4.329289
    0.215686    0.804973   -0.640247   -1.004158    0.000000       -2.000399        1.000000    2.643339    0.445357    0.023826    4.329289
    0.225490    0.829596   -0.597573   -1.006801    0.000000       -2.003315        1.000000    2.864579    0.517935    0.023826    4.329289
    0.235294    0.852718   -0.554769   -1.010356    0.000000       -2.007194        1.000000    3.091985    0.597081    0.023826    4.329289
    0.245098    0.874294   -0.511788   -1.015227    0.000000       -2.012455        1.000000    3.325145    0.682732    0.023826    4.329289
    0.254902    0.894275   -0.468561   -1.022048    0.000000       -2.019748        1.000000    3.563633    0.774754    0.023826    4.329289
    0.264706    0.912613   -0.424986   -1.031838    0.000000       -2.030119        1.000000    3.807012    0.872938    0.023826    4.329289
    0.274510    0.929258   -0.380905   -1.046286    0.000000       -2.045286        1.000000    4.054830    0.977001    0.023826    4.329289
    0.284314    0.944151   -0.336064   -1.068264    0.000000       -2.068168        1.000000    4.306620    1.086589    0.023826    4.329289
    0.294118    0.957226   -0.290047   -1.102709    0.000000       -2.103758        1.000000    4.561896    1.201276    0.023826    4.329289
    0.303922    0.968395   -0.242167   -1.157777    0.000000       -2.160282        1.000000    4.820151    1.320561    0.023826    4.329289
    0.313725    0.977534   -0.191322   -1.243940    0.000000       -2.248257        1.000000    5.080844    1.443863    0.023826    4.329289
    0.323529    0.984469   -0.136162   -1.356232    0.000000       -2.362606        1.000000    5.343385    1.570497    0.023826    4.329289
    0.333333    0.988993   -0.077154   -1.392663    0.000000       -2.400784        1.000000    5.607134    1.699620    0.023826    4.329289
    0.343137    0.991068   -0.022770   -1.099156    0.000000       -2.107907        1.000000    5.871435    1.830195    0.023826    4.329289
    0.352941    0.991209    0.012080   -0.535638    0.000000       -1.544433        1.000000    6.135774    1.961209    0.023826    4.329289
    0.362745    0.990361    0.024865   -0.107895    0.000000       -1.117316        1.000000    6.399888    2.092090    0.023826    4.329289
    0.372549    0.989284    0.024478    0.095590    0.000000       -0.914940        1.000000    6.663713    2.222689    0.023826    4.329289
    0.382353    0.988358    0.018655    0.163191    0.000000       -0.848411        1.000000    6.927292    2.353029    0.023826    4.329289
    0.392157    0.987717    0.011548    0.164371    0.000000       -0.847997        1.000000    7.190700    2.483178    0.023826    4.329289
    0.401961    0.987368    0.005120    0.135394    0.000000       -0.877387        1.000000    7.454015    2.613208    0.023826    4.329289
    0.411765    0.987261    0.000214    0.094926    0.000000       -0.917977        1.000000    7.717301    2.743183    0.023826    4.329289
    0.421569    0.987325   -0.002926    0.053538    0.000000       -0.959296        1.000000    7.980605    2.873154    0.023826    4.329289
    0.431373    0.987486   -0.004411    0.017754    0.000000       -0.994909        1.000000    8.243951    3.003156    0.023826    4.329289
    0.441176    0.987680   -0.004568   -0.008587    0.000000       -1.021050        1.000000    8.507349    3.133206    0.023826    4.329289
    0.450980    0.987861   -0.003837   -0.024061    0.000000       -1.036341        1.000000    8.770795    3.263305    0.023826    4.329289
    0.460784    0.988000   -0.002669   -0.029485    0.000000       -1.041627        1.000000    9.034279    3.393448    0.023826    4.329289
    0.470588    0.988087   -0.001441   -0.027350    0.000000       -1.039406        1.000000    9.297785    3.523621    0.023826    4.329289
    0.480392    0.988125   -0.000408   -0.020876    0.000000       -1.032893        1.000000    9.561302    3.653811    0.023826    4.329289
    0.490196    0.988126    0.000312   -0.013058    0.000000       -1.025074        1.000000    9.824819    3.784006    0.023826    4.329289
    0.500000    0.988103    0.000712   -0.006074    0.000000       -1.018114        1.000000   10.088330    3.914197    0.023826    4.329289
    0.509804    0.988069    0.000857   -0.001139    0.000000       -1.013214        1.000000   10.351832    4.044380    0.023826    4.329289
    0.519608    0.988033    0.000844    0.001323    0.000000       -1.010789        1.000000   10.615324    4.174555    0.023826    4.329289
    0.529412    0.987998    0.000779    0.001360    0.000000       -1.010787        1.000000   10.878807    4.304719    0.023826    4.329289
    0.539216    0.987966    0.000760   -0.000823    0.000000       -1.013003        1.000000   11.142281    4.434875    0.023826    4.329289
    0.549020    0.987932    0.000879   -0.005155    0.000000       -1.017370        1.000000   11.405746    4.565023    0.023826    4.329289
    0.558824    0.987888    0.001232   -0.011936    0.000000       -1.024196        1.000000   11.669199    4.695160    0.023826    4.329289
    0.568627    0.987822    0.001940   -0.022069    0.000000       -1.034395        1.000000   11.932635    4.825283    0.023826    4.329289
    0.578431    0.987716    0.003177   -0.037282    0.000000       -1.049714        1.000000   12.196043    4.955384    0.023826    4.329289
    0.588235    0.987541    0.005215   -0.060343    0.000000       -1.072945        1.000000   12.459404    5.085447    0.023826    4.329289
    0.598039    0.987256    0.008465   -0.095131    0.000000       -1.108003        1.000000   12.722689    5.215450    0.023826    4.329289
    0.607843    0.986797    0.013522   -0.146280    0.000000       -1.159566        1.000000   12.985852    5.345351    0.023826    4.329289
    0.617647    0.986072    0.021173   -0.217916    0.000000       -1.231814        1.000000   13.248821    5.475088    0.023826    4.329289
    0.627451    0.984950    0.032330   -0.311264    0.000000       -1.326013        1.000000   13.511491    5.604558    0.023826    4.329289
    0.637255    0.983266    0.047845   -0.421989    0.000000       -1.437844        1.000000   13.773712    5.733607    0.023826    4.329289
    0.647059    0.980821    0.068253   -0.539741    0.000000       -1.556921        1.000000   14.035281    5.862006    0.023826    4.329289
    0.656863    0.977407    0.093578   -0.651654    0.000000       -1.670292        1.000000   14.295939    5.989442    0.023826    4.329289
    0.666667    0.972827    0.123343   -0.747719    0.000000       -1.767841        1.000000   14.555376    6.115513    0.023826    4.329289
    0.676471    0.966914    0.156765   -0.823771    0.000000       -1.845307        1.000000   14.813236    6.239743    0.023826    4.329289
    0.686275    0.959538    0.193000   -0.880686    0.000000       -1.903505        1.000000   15.069129    6.361602    0.023826    4.329289
    0.696078    0.950607    0.231302   -0.921874    0.000000       -1.945818        1.000000   15.322641    6.480537    0.023826    4.329289
    0.705882    0.940062    0.271088   -0.951211    0.000000       -1.976122        1.000000   15.573340    6.595991    0.023826    4.329289
    0.715686    0.927868    0.311929   -0.972034    0.000000       -1.997766        1.000000   15.820787    6.707429    0.023826    4.329289
    0.725490    0.914008    0.353518   -0.986880    0.000000       -2.013305        1.000000   16.064538    6.814350    0.023826    4.329289
    0.735294    0.898481    0.395644   -0.997559    0.000000       -2.024568        1.000000   16.304148    6.916300    0.023826    4.329289
    0.745098    0.881297    0.438158   -1.005329    0.000000       -2.032832        1.000000   16.539175    7.012882    0.023826    4.329289
    0.754902    0.862473    0.480956   -1.011054    0.000000       -2.038974        1.000000   16.769183    7.103762    0.023826    4.329289
    0.764706    0.842035    0.523964   -1.015325    0.000000       -2.043600        1.000000   16.993740    7.188675    0.023826    4.329289
    0.774510    0.820013    0.567130   -1.018551    0.000000       -2.047128        1.000000   17.212424    7.267427    0.023826    4.329289
    0.784314    0.796444    0.610416   -1.021017    0.000000       -2.049852        1.000000   17.424822    7.339897    0.023826    4.329289
    0.794118    0.771369    0.653794   -1.022922    0.000000       -2.051979        1.000000   17.630534    7.406038    0.023826    4.329289
    0.803922    0.744831    0.697244   -1.024410    0.000000       -2.053657        1.000000   17.829168    7.465874    0.023826    4.329289
    0.813725    0.716878    0.740750   -1.025581    0.000000       -2.054993        1.000000   18.020347    7.519500    0.023826    4.329289
    0.823529    0.687562    0.784300   -1.026512    0.000000       -2.056067        1.000000   18.203709    7.567078    0.023826    4.329289
    0.833333    0.656938    0.827886   -1.027258    0.000000       -2.056936        1.000000   18.378904    7.608829    0.023826    4.329289
    0.843137    0.625062    0.871500   -1.027858    0.000000       -2.057644        1.000000   18.545597    7.645031    0.023826    4.329289
    0.852941    0.591994    0.915137   -1.028345    0.000000       -2.058224        1.000000   18.703472    7.676013    0.023826    4.329289
    0.862745    0.557797    0.958793   -1.028742    0.000000       -2.058703        1.000000   18.852227    7.702142    0.023826    4.329289
    0.872549    0.522535    1.002464   -1.029067    0.000000       -2.059098        1.000000   18.991579    7.723822    0.023826    4.329289
    0.882353    0.486276    1.046147   -1.029334    0.000000       -2.059427        1.000000   19.121261    7.741479    0.023826    4.329289
    0.892157    0.449088    1.089841   -1.029553    0.000000       -2.059700        1.000000   19.241025    7.755559    0.023826    4.329289
    0.901961    0.411042    1.133544   -1.029734    0.000000       -2.059927        1.000000   19.350643    7.766512    0.023826    4.329289
    0.911765    0.372211    1.177253   -1.029883    0.000000       -2.060115        1.000000   19.449906    7.774787    0.023826    4.329289
    0.921569    0.332668    1.220968   -1.030005    0.000000       -2.060271        1.000000   19.538623    7.780823    0.023826    4.329289
    0.931373    0.292489    1.264688   -1.030104    0.000000       -2.060399        1.000000   19.616625    7.785038    0.023826    4.329289
    0.941176    0.251752    1.308411   -1.030185    0.000000       -2.060504        1.000000   19.683763    7.787823    0.023826    4.329289
    0.950980    0.210533    1.352138   -1.030249    0.000000       -2.060588        1.000000   19.739909    7.789534    0.023826    4.329289
    0.960784    0.168911    1.395867   -1.030299    0.000000       -2.060653        1.000000   19.784955    7.790484    0.023826    4.329289
    0.970588    0.126967    1.439598   -1.030336    0.000000       -2.060702        1.000000   19.818815    7.790938    0.023826    4.329289
    0.980392    0.084780    1.483330   -1.030361    0.000000       -2.060736        1.000000   19.841424    7.791108    0.023826    4.329289
    0.990196    0.042430    1.527063   -1.030376    0.000000       -2.060756        1.000000   19.852739    7.791147    0.023826    4.329289
    1.000000    0.000000    1.570796   -1.030381    0.000000       -2.060763        1.000000   19.852739    7.791150    0.023826    4.329289
