           t           r         psi          cs          qs               p             sig           A           V          Q2           S
    0.000000    0.000000   -1.570796   -0.990997    0.000000       -1.981994        1.000000    0.000000   -0.000000    0.078957    5.188900
    0.009804    0.050850   -1.520382   -0.991043    0.000000       -1.982055        1.000000    0.000000    0.000005    0.078957    5.188900
    0.019608    0.101571   -1.469963   -0.991184    0.000000       -1.982243        1.000000    0.032466    0.000083    0.078957    5.188900
    0.029412    0.152033   -1.419534   -0.991426    0.000000       -1.982564        1.000000    0.081061    0.000419    0.078957    5.188900
    0.039216    0.202110   -1.369090   -0.991781    0.000000       -1.983032        1.000000    0.145662    0.001317    0.078957    5.188900
    0.049020    0.251672   -1.318625   -0.992266    0.000000       -1.983666        1.000000    0.226105    0.003190    0.078957    5.188900
    0.058824    0.300593   -1.268131   -0.992901    0.000000       -1.984492        1.000000    0.322186    0.006555    0.078957    5.188900
    0.068627    0.348748   -1.217601   -0.993719    0.000000       -1.985544        1.000000    0.433658    0.012013    0.078957    5.188900
    0.078431    0.396015   -1.167024   -0.994757    0.000000       -1.986868        1.000000    0.560238    0.020237    0.078957    5.188900
    0.088235    0.442270   -1.116387   -0.996068    0.000000       -1.988521        1.000000    0.701603    0.031958    0.078957    5.188900
    0.098039    0.487393   -1.065675   -0.997720    0.000000       -1.990581        1.000000    0.857392    0.047939    0.078957    5.188900
    0.107843    0.531268   -1.014868   -0.999804    0.000000       -1.993149        1.000000    1.027204    0.068962    0.078957    5.188900
    0.117647    0.573777   -0.963942   -1.002441    0.000000       -1.996357        1.000000    1.210603    0.095805    0.078957    5.188900
    0.127451    0.614806   -0.912865   -1.005793    0.000000       -2.000385        1.000000    1.407117    0.129218    0.078957    5.188900
    0.137255    0.654245   -0.861594   -1.010085    0.000000       -2.005475        1.000000    1.616237    0.169909    0.078957    5.188900
    0.147059    0.691981   -0.810074   -1.015623    0.000000       -2.011958        1.000000    1.837418    0.218517    0.078957    5.188900
    0.156863    0.727905   -0.758233   -1.022837    0.000000       -2.020292        1.000000    2.070082    0.275600    0.078957    5.188900
    0.166667    0.761907   -0.705969   -1.032335    0.000000       -2.031123        1.000000    2.313615    0.341612    0.078957    5.188900
    0.176471    0.793875   -0.653147   -1.044985    0.000000       -2.045363        1.000000    2.567365    0.416891    0.078957    5.188900
    0.186275    0.823695   -0.599575   -1.062036    0.000000       -2.064318        1.000000    2.830648    0.501641    0.078957    5.188900
    0.196078    0.851246   -0.544987   -1.085281    0.000000       -2.089849        1.000000    3.102736    0.595924    0.078957    5.188900
    0.205882    0.876393   -0.489008   -1.117242    0.000000       -2.124552        1.000000    3.382862    0.699643    0.078957    5.188900
    0.215686    0.898985   -0.431112   -1.161228    0.000000       -2.171814        1.000000    3.670210    0.812534    0.078957    5.188900
    0.225490    0.918844   -0.370596   -1.220738    0.000000       -2.235177        1.000000    3.963905    0.934145    0.078957    5.188900
    0.235294    0.935755   -0.306629   -1.296497    0.000000       -2.315307        1.000000    4.263006    1.063814    0.078957    5.188900
    0.245098    0.949467   -0.238587   -1.377082    0.000000       -2.400470        1.000000    4.566489    1.200620    0.078957    5.188900
    0.254902    0.959723   -0.167143   -1.419139    0.000000       -2.446586        1.000000    4.873251    1.343326    0.078957    5.188900
    0.264706    0.966386   -0.096317   -1.336644    0.000000       -2.366631        1.000000    5.182142    1.490337    0.078957    5.188900
    0.274510    0.969650   -0.034410   -1.067324    0.000000       -2.098014        1.000000    5.492076    1.639845    0.078957    5.188900
    0.284314    0.970180    0.010283   -0.683368    0.000000       -1.714050        1.000000    5.802181    1.790229    0.078957    5.188900
    0.294118    0.968935    0.035693   -0.330081    0.000000       -1.361485        1.000000    6.111886    1.940449    0.078957    5.188900
    0.303922    0.966812    0.045689   -0.081502    0.000000       -1.114750        1.000000    6.420914    2.090045    0.078957    5.188900
    0.313725    0.964456    0.045702    0.066502    0.000000       -0.969269        1.000000    6.729188    2.238907    0.078957    5.188900
    0.323529    0.962257    0.040139    0.142592    0.000000       -0.895794        1.000000    7.036760    2.387080    0.078957    5.188900
    0.333333    0.960417    0.031972    0.172506    0.000000       -0.868177        1.000000    7.343743    2.534671    0.078957    5.188900
    0.343137    0.959017    0.023066    0.173999    0.000000       -0.868458        1.000000    7.650279    2.681805    0.078957    5.188900
    0.352941    0.958063    0.014554    0.158532    0.000000       -0.885130        1.000000    7.956510    2.828608    0.078957    5.188900
    0.362745    0.957518    0.007097    0.133540    0.000000       -0.910801        1.000000    8.262567    2.975200    0.078957    5.188900
    0.372549    0.957317    0.001043    0.104037    0.000000       -0.940548        1.000000    8.568559    3.121688    0.078957    5.188900
    0.382353    0.957386   -0.003472    0.073567    0.000000       -0.970937        1.000000    8.874574    3.268158    0.078957    5.188900
    0.392157    0.957645   -0.006470    0.044722    0.000000       -0.999484        1.000000    9.180671    3.414679    0.078957    5.188900
    0.401961    0.958021   -0.008082    0.019380    0.000000       -1.024404        1.000000    9.486888    3.561296    0.078957    5.188900
    0.411765    0.958447   -0.008522   -0.001202    0.000000       -1.044518        1.000000    9.793242    3.708037    0.078957    5.188900
    0.421569    0.958872   -0.008052   -0.016367    0.000000       -1.059225        1.000000   10.099732    3.854910    0.078957    5.188900
    0.431373    0.959256   -0.006951   -0.026038    0.000000       -1.068487        1.000000   10.406344    4.001908    0.078957    5.188900
    0.441176    0.959573   -0.005489   -0.030655    0.000000       -1.072769        1.000000   10.713057    4.149015    0.078957    5.188900
    0.450980    0.959812   -0.003903   -0.031058    0.000000       -1.072920        1.000000   11.019848    4.296210    0.078957    5.188900
    0.460784    0.959972   -0.002382   -0.028325    0.000000       -1.070019        1.000000   11.326688    4.443466    0.078957    5.188900
    0.470588    0.960058   -0.001055   -0.023597    0.000000       -1.065200        1.000000   11.633557    4.590760    0.078957    5.188900
    0.480392    0.960083    0.000003   -0.017931    0.000000       -1.059507        1.000000   11.940434    4.738071    0.078957    5.188900
    0.490196    0.960063    0.000768   -0.012198    0.000000       -1.053797        1.000000   12.247304    4.885382    0.078957    5.188900
    0.500000    0.960010    0.001254   -0.007036    0.000000       -1.048690        1.000000   12.554157    5.032682    0.078957    5.188900
    0.509804    0.959939    0.001500   -0.002847    0.000000       -1.044579        1.000000   12.860988    5.179962    0.078957    5.188900
    0.519608    0.959861    0.001563    0.000165    0.000000       -1.041652        1.000000   13.167793    5.327220    0.078957    5.188900
    0.529412    0.959782    0.001504    0.001952    0.000000       -1.039950        1.000000   13.474574    5.474453    0.078957    5.188900
    0.539216    0.959709    0.001385    0.002565    0.000000       -1.039417        1.000000   13.781330    5.621662    0.078957    5.188900
    0.549020    0.959641    0.001262    0.002102    0.000000       -1.039953        1.000000   14.088066    5.768850    0.078957    5.188900
    0.558824    0.959579    0.001187    0.000668    0.000000       -1.041455        1.000000   14.394781    5.916018    0.078957    5.188900
    0.568627    0.959519    0.001209   -0.001674    0.000000       -1.043862        1.000000   14.701478    6.063168    0.078957    5.188900
    0.578431    0.959454    0.001373   -0.004925    0.000000       -1.047184        1.000000   15.008153    6.210299    0.078957    5.188900
    0.588235    0.959376    0.001727   -0.009195    0.000000       -1.051537        1.000000   15.314804    6.357407    0.078957    5.188900
    0.598039    0.959274    0.002330   -0.014720    0.000000       -1.057173        1.000000   15.621422    6.504489    0.078957    5.188900
    0.607843    0.959133    0.003253   -0.021908    0.000000       -1.064510        1.000000   15.927995    6.651533    0.078957    5.188900
    0.617647    0.958936    0.004597   -0.031360    0.000000       -1.074172        1.000000   16.234505    6.798526    0.078957    5.188900
    0.627451    0.958656    0.006496   -0.043913    0.000000       -1.087018        1.000000   16.540925    6.945445    0.078957    5.188900
    0.637255    0.958262    0.009136   -0.060663    0.000000       -1.104175        1.000000   16.847220    7.092260    0.078957    5.188900
    0.647059    0.957710    0.012762   -0.082967    0.000000       -1.127040        1.000000   17.153338    7.238926    0.078957    5.188900
    0.656863    0.956942    0.017698   -0.112401    0.000000       -1.157233        1.000000   17.459211    7.385385    0.078957    5.188900
    0.666667    0.955881    0.024347   -0.150618    0.000000       -1.196463        1.000000   17.764744    7.531550    0.078957    5.188900
    0.676471    0.954428    0.033197   -0.199090    0.000000       -1.246261        1.000000   18.069813    7.677306    0.078957    5.188900
    0.686275    0.952457    0.044793   -0.258698    0.000000       -1.307561        1.000000   18.374252    7.822494    0.078957    5.188900
    0.696078    0.949816    0.059704   -0.329241    0.000000       -1.380201        1.000000   18.677847    7.966898    0.078957    5.188900
    0.705882    0.946322    0.078449   -0.409035    0.000000       -1.462508        1.000000   18.980325    8.110231    0.078957    5.188900
    0.715686    0.941771    0.101423   -0.494836    0.000000       -1.551209        1.000000   19.281348    8.252119    0.078957    5.188900
    0.725490    0.935947    0.128823   -0.582278    0.000000       -1.641861        1.000000   19.580510    8.392096    0.078957    5.188900
    0.735294    0.928629    0.160614   -0.666742    0.000000       -1.729739        1.000000   19.877333    8.529594    0.078957    5.188900
    0.745098    0.919609    0.196542   -0.744326    0.000000       -1.810809        1.000000   20.171273    8.663954    0.078957    5.188900
    0.754902    0.908703    0.236184   -0.812491    0.000000       -1.882409        1.000000   20.461726    8.794447    0.078957    5.188900
    0.764706    0.895756    0.279029   -0.870209    0.000000       -1.943406        1.000000   20.748042    8.920302    0.078957    5.188900
    0.774510    0.880647    0.324548   -0.917688    0.000000       -1.993937        1.000000   21.029528    9.040739    0.078957    5.188900
    0.784314    0.863289    0.372241   -0.955927    0.000000       -2.034957        1.000000   21.305465    9.155009    0.078957    5.188900
    0.794118    0.843629    0.421673   -0.986280    0.000000       -2.067804        1.000000   21.575119    9.262423    0.078957    5.188900
    0.803922    0.821643    0.472479   -1.010160    0.000000       -2.093895        1.000000   21.837746    9.362390    0.078957    5.188900
    0.813725    0.797331    0.524362   -1.028860    0.000000       -2.114537        1.000000   22.092601    9.454430    0.078957    5.188900
    0.823529    0.770715    0.577089   -1.043481    0.000000       -2.130854        1.000000   22.338949    9.538201    0.078957    5.188900
    0.833333    0.741838    0.630475   -1.054923    0.000000       -2.143769        1.000000   22.576066    9.613506    0.078957    5.188900
    0.843137    0.710756    0.684378   -1.063896    0.000000       -2.154020        1.000000   22.803249    9.680296    0.078957    5.188900
    0.852941    0.677543    0.738687   -1.070957    0.000000       -2.162184        1.000000   23.019816    9.738675    0.078957    5.188900
    0.862745    0.642281    0.793316   -1.076531    0.000000       -2.168711        1.000000   23.225112    9.788889    0.078957    5.188900
    0.872549    0.605065    0.848197   -1.080949    0.000000       -2.173950        1.000000   23.418512    9.831318    0.078957    5.188900
    0.882353    0.566000    0.903280   -1.084463    0.000000       -2.178168        1.000000   23.599426    9.866463    0.078957    5.188900
    0.892157    0.525199    0.958522   -1.087264    0.000000       -2.181574        1.000000   23.767298    9.894921    0.078957    5.188900
    0.901961    0.482781    1.013892   -1.089503    0.000000       -2.184329        1.000000   23.921612    9.917372    0.078957    5.188900
    0.911765    0.438873    1.069364   -1.091292    0.000000       -2.186557        1.000000   24.061891    9.934550    0.078957    5.188900
    0.921569    0.393608    1.124917   -1.092721    0.000000       -2.188358        1.000000   24.187702    9.947223    0.078957    5.188900
    0.931373    0.347124    1.180536   -1.093858    0.000000       -2.189806        1.000000   24.298656    9.956162    0.078957    5.188900
    0.941176    0.299563    1.236206   -1.094757    0.000000       -2.190961        1.000000   24.394407    9.962120    0.078957    5.188900
    0.950980    0.251072    1.291916   -1.095457    0.000000       -2.191871        1.000000   24.474658    9.965808    0.078957    5.188900
    0.960784    0.201801    1.347658   -1.095992    0.000000       -2.192570        1.000000   24.539161    9.967868    0.078957    5.188900
    0.970588    0.151903    1.403423   -1.096384    0.000000       -2.193088        1.000000   24.587715    9.968858    0.078957    5.188900
    0.980392    0.101532    1.459205   -1.096652    0.000000       -2.193443        1.000000   24.620168    9.969229    0.078957    5.188900
    0.990196    0.050845    1.514998   -1.096808    0.000000       -2.193650        1.000000   24.636420    9.969315    0.078957    5.188900
    1.000000    0.000000    1.570796   -1.096859    0.000000       -2.193718        1.000000   24.636420    9.969321    0.078957    5.188900
