           t           r         psi          cs          qs               p             sig           A           V          Q2           S
    0.000000    0.000000   -1.570796   -0.997956    0.000000       -1.995913        1.000000    0.000000    0.000000    0.006756    4.997516
    0.009804    0.048976   -1.521901   -0.997957    0.000000       -1.995914        1.000000    0.000000    0.000005    0.006756    4.997516
    0.019608    0.097834   -1.473006   -0.997960    0.000000       -1.995918        1.000000    0.030118    0.000072    0.006756    4.997516
    0.029412    0.146459   -1.424111   -0.997965    0.000000       -1.995924        1.000000    0.075205    0.000363    0.006756    4.997516
    0.039216    0.194734   -1.375215   -0.997972    0.000000       -1.995934        1.000000    0.135153    0.001142    0.006756    4.997516
    0.049020    0.242543   -1.326319   -0.997982    0.000000       -1.995946        1.000000    0.209819    0.002767    0.006756    4.997516
    0.058824    0.289773   -1.277422   -0.997995    0.000000       -1.995963        1.000000    0.299025    0.005688    0.006756    4.997516
    0.068627    0.336310   -1.228525   -0.998011    0.000000       -1.995984        1.000000    0.402556    0.010429    0.006756    4.997516
    0.078431    0.382042   -1.179626   -0.998031    0.000000       -1.996010        1.000000    0.520167    0.017580    0.006756    4.997516
    0.088235    0.426862   -1.130727   -0.998057    0.000000       -1.996043        1.000000    0.651574    0.027780    0.006756    4.997516
    0.098039    0.470661   -1.081826   -0.998090    0.000000       -1.996083        1.000000    0.796466    0.041705    0.006756    4.997516
    0.107843    0.513335   -1.032923   -0.998131    0.000000       -1.996134        1.000000    0.954494    0.060045    0.006756    4.997516
    0.117647    0.554782   -0.984019   -0.998182    0.000000       -1.996197        1.000000    1.125282    0.083493    0.006756    4.997516
    0.127451    0.594902   -0.935111   -0.998247    0.000000       -1.996275        1.000000    1.308420    0.112727    0.006756    4.997516
    0.137255    0.633600   -0.886200   -0.998330    0.000000       -1.996374        1.000000    1.503472    0.148386    0.006756    4.997516
    0.147059    0.670783   -0.837284   -0.998437    0.000000       -1.996500        1.000000    1.709970    0.191064    0.006756    4.997516
    0.156863    0.706361   -0.788362   -0.998576    0.000000       -1.996661        1.000000    1.927420    0.241282    0.006756    4.997516
    0.166667    0.740250   -0.739432   -0.998759    0.000000       -1.996870        1.000000    2.155303    0.299484    0.006756    4.997516
    0.176471    0.772367   -0.690492   -0.999003    0.000000       -1.997146        1.000000    2.393074    0.366018    0.006756    4.997516
    0.186275    0.802636   -0.641538   -0.999335    0.000000       -1.997516        1.000000    2.640162    0.441125    0.006756    4.997516
    0.196078    0.830984   -0.592564   -0.999795    0.000000       -1.998023        1.000000    2.895978    0.524931    0.006756    4.997516
    0.205882    0.857341   -0.543564   -1.000448    0.000000       -1.998734        1.000000    3.159907    0.617442    0.006756    4.997516
    0.215686    0.881643   -0.494525   -1.001403    0.000000       -1.999760        1.000000    3.431317    0.718533    0.006756    4.997516
    0.225490    0.903829   -0.445428   -1.002848    0.000000       -2.001296        1.000000    3.709558    0.827956    0.006756    4.997516
    0.235294    0.923843   -0.396242   -1.005128    0.000000       -2.003694        1.000000    3.993959    0.945330    0.006756    4.997516
    0.245098    0.941631   -0.346911   -1.008922    0.000000       -2.007643        1.000000    4.283837    1.070152    0.006756    4.997516
    0.254902    0.957142   -0.297330   -1.015676    0.000000       -2.014611        1.000000    4.578490    1.201800    0.006756    4.997516
    0.264706    0.970321   -0.247283   -1.028807    0.000000       -2.028045        1.000000    4.877199    1.339539    0.006756    4.997516
    0.274510    0.981102   -0.196271   -1.057473    0.000000       -2.057165        1.000000    5.179228    1.482532    0.006756    4.997516
    0.284314    0.989386   -0.142980   -1.129492    0.000000       -2.129906        1.000000    5.483807    1.629844    0.006756    4.997516
    0.294118    0.994964   -0.083709   -1.314227    0.000000       -2.315769        1.000000    5.790102    1.780434    0.006756    4.997516
    0.303922    0.997426   -0.017496   -1.191661    0.000000       -2.194088        1.000000    6.097156    1.933051    0.006756    4.997516
    0.313725    0.997307    0.013154   -0.122660    0.000000       -1.125273        1.000000    6.404174    2.086196    0.006756    4.997516
    0.323529    0.996695    0.009616    0.163578    0.000000       -0.839692        1.000000    6.711003    2.239180    0.006756    4.997516
    0.333333    0.996418    0.002061    0.124890    0.000000       -0.878703        1.000000    7.017746    2.392032    0.006756    4.997516
    0.343137    0.996432   -0.001934    0.039162    0.000000       -0.964417        1.000000    7.324494    2.544852    0.006756    4.997516
    0.352941    0.996546   -0.002284   -0.017196    0.000000       -1.020659        1.000000    7.631277    2.697695    0.006756    4.997516
    0.362745    0.996629   -0.001012   -0.028182    0.000000       -1.031563        1.000000    7.938086    2.850571    0.006756    4.997516
    0.372549    0.996649    0.000069   -0.014248    0.000000       -1.017610        1.000000    8.244900    3.003462    0.006756    4.997516
    0.382353    0.996635    0.000396   -0.000364    0.000000       -1.003740        1.000000    8.551711    3.156354    0.006756    4.997516
    0.392157    0.996618    0.000257    0.004601    0.000000       -0.998792        1.000000    8.858516    3.309240    0.006756    4.997516
    0.401961    0.996611    0.000047    0.003408    0.000000       -0.999992        1.000000    9.165319    3.462123    0.006756    4.997516
    0.411765    0.996612   -0.000056    0.000850    0.000000       -1.002549        1.000000    9.472122    3.615004    0.006756    4.997516
    0.421569    0.996615   -0.000056   -0.000576    0.000000       -1.003973        1.000000    9.778926    3.767887    0.006756    4.997516
    0.431373    0.996617   -0.000021   -0.000710    0.000000       -1.004105        1.000000   10.085731    3.920770    0.006756    4.997516
    0.441176    0.996617    0.000005   -0.000309    0.000000       -1.003703        1.000000   10.392536    4.073653    0.006756    4.997516
    0.450980    0.996617    0.000011    0.000025    0.000000       -1.003370        1.000000   10.699341    4.226537    0.006756    4.997516
    0.460784    0.996616    0.000006    0.000125    0.000000       -1.003270        1.000000   11.006145    4.379420    0.006756    4.997516
    0.470588    0.996616    0.000001    0.000081    0.000000       -1.003314        1.000000   11.312950    4.532303    0.006756    4.997516
    0.480392    0.996616   -0.000002    0.000015    0.000000       -1.003381        1.000000   11.619754    4.685186    0.006756    4.997516
    0.490196    0.996616   -0.000001   -0.000018    0.000000       -1.003413        1.000000   11.926559    4.838070    0.006756    4.997516
    0.500000    0.996616   -0.000000   -0.000018    0.000000       -1.003413        1.000000   12.233364    4.990953    0.006756    4.997516
    0.509804    0.996616    0.000000   -0.000007    0.000000       -1.003402        1.000000   12.540168    5.143836    0.006756    4.997516
    0.519608    0.996616    0.000000    0.000001    0.000000       -1.003394        1.000000   12.846973    5.296719    0.006756    4.997516
    0.529412    0.996616    0.000000    0.000003    0.000000       -1.003392        1.000000   13.153777    5.449602    0.006756    4.997516
    0.539216    0.996616    0.000000    0.000002    0.000000       -1.003394        1.000000   13.460582    5.602486    0.006756    4.997516
    0.549020    0.996616   -0.000000   -0.000000    0.000000       -1.003395        1.000000   13.767387    5.755369    0.006756    4.997516
    0.558824    0.996616    0.000000   -0.000002    0.000000       -1.003397        1.000000   14.074191    5.908252    0.006756    4.997516
    0.568627    0.996616    0.000000   -0.000004    0.000000       -1.003399        1.000000   14.380996    6.061135    0.006756    4.997516
    0.578431    0.996616    0.000000   -0.000009    0.000000       -1.003405        1.000000   14.687800    6.214019    0.006756    4.997516
    0.588235    0.996616    0.000001   -0.000027    0.000000       -1.003422        1.000000   14.994605    6.366902    0.006756    4.997516
    0.598039    0.996616    0.000004   -0.000076    0.000000       -1.003472        1.000000   15.301409    6.519785    0.006756    4.997516
    0.607843    0.996616    0.000010   -0.000220    0.000000       -1.003616        1.000000   15.608214    6.672668    0.006756    4.997516
    0.617647    0.996615    0.000029   -0.000633    0.000000       -1.004030        1.000000   15.915018    6.825551    0.006756    4.997516
    0.627451    0.996612    0.000084   -0.001821    0.000000       -1.005220        1.000000   16.221821    6.978433    0.006756    4.997516
    0.637255    0.996605    0.000243   -0.005221    0.000000       -1.008627        1.000000   16.528623    7.131315    0.006756    4.997516
    0.647059    0.996584    0.000695   -0.014867    0.000000       -1.018294        1.000000   16.835417    7.284192    0.006756    4.997516
    0.656863    0.996524    0.001970   -0.041527    0.000000       -1.045013        1.000000   17.142193    7.437057    0.006756    4.997516
    0.666667    0.996356    0.005439   -0.110181    0.000000       -1.113823        1.000000   17.448918    7.589890    0.006756    4.997516
    0.676471    0.995907    0.014092   -0.259034    0.000000       -1.263044        1.000000   17.755504    7.742628    0.006756    4.997516
    0.686275    0.994819    0.032220   -0.489400    0.000000       -1.494086        1.000000   18.061756    7.895110    0.006756    4.997516
    0.696078    0.992559    0.061924   -0.712973    0.000000       -1.718538        1.000000   18.367311    8.046966    0.006756    4.997516
    0.705882    0.988608    0.100714   -0.856198    0.000000       -1.862596        1.000000   18.671650    8.197551    0.006756    4.997516
    0.715686    0.982626    0.144679   -0.929759    0.000000       -1.936808        1.000000   18.974148    8.346003    0.006756    4.997516
    0.725490    0.974444    0.191216   -0.965680    0.000000       -1.973202        1.000000   19.274127    8.491364    0.006756    4.997516
    0.735294    0.963990    0.239022   -0.983796    0.000000       -1.991659        1.000000   19.570888    8.632672    0.006756    4.997516
    0.745098    0.951243    0.287483   -0.993477    0.000000       -2.001590        1.000000   19.863724    8.769010    0.006756    4.997516
    0.754902    0.936211    0.336306   -0.998970    0.000000       -2.007269        1.000000   20.151933    8.899532    0.006756    4.997516
    0.764706    0.918916    0.385337   -1.002259    0.000000       -2.010699        1.000000   20.434818    9.023484    0.006756    4.997516
    0.774510    0.899392    0.434498   -1.004322    0.000000       -2.012872        1.000000   20.711693    9.140220    0.006756    4.997516
    0.784314    0.877682    0.483740   -1.005668    0.000000       -2.014305        1.000000   20.981884    9.249207    0.006756    4.997516
    0.794118    0.853835    0.533036   -1.006577    0.000000       -2.015283        1.000000   21.244734    9.350038    0.006756    4.997516
    0.803922    0.827907    0.582370   -1.007209    0.000000       -2.015970        1.000000   21.499602    9.442430    0.006756    4.997516
    0.813725    0.799961    0.631730   -1.007658    0.000000       -2.016466        1.000000   21.745867    9.526234    0.006756    4.997516
    0.823529    0.770063    0.681109   -1.007985    0.000000       -2.016831        1.000000   21.982928    9.601426    0.006756    4.997516
    0.833333    0.738286    0.730502   -1.008227    0.000000       -2.017104        1.000000   22.210207    9.668108    0.006756    4.997516
    0.843137    0.704706    0.779905   -1.008410    0.000000       -2.017313        1.000000   22.427148    9.726500    0.006756    4.997516
    0.852941    0.669406    0.829316   -1.008548    0.000000       -2.017474        1.000000   22.633222    9.776929    0.006756    4.997516
    0.862745    0.632470    0.878733   -1.008656    0.000000       -2.017600        1.000000   22.827925    9.819824    0.006756    4.997516
    0.872549    0.593990    0.928154   -1.008739    0.000000       -2.017699        1.000000   23.010783    9.855694    0.006756    4.997516
    0.882353    0.554059    0.977579   -1.008805    0.000000       -2.017778        1.000000   23.181348    9.885122    0.006756    4.997516
    0.892157    0.512775    1.027007   -1.008856    0.000000       -2.017841        1.000000   23.339204    9.908743    0.006756    4.997516
    0.901961    0.470238    1.076438   -1.008898    0.000000       -2.017892        1.000000   23.483965    9.927230    0.006756    4.997516
    0.911765    0.426552    1.125870   -1.008930    0.000000       -2.017933        1.000000   23.615277    9.941273    0.006756    4.997516
    0.921569    0.381823    1.175303   -1.008957    0.000000       -2.017966        1.000000   23.732820    9.951566    0.006756    4.997516
    0.931373    0.336162    1.224738   -1.008977    0.000000       -2.017993        1.000000   23.836306    9.958785    0.006756    4.997516
    0.941176    0.289680    1.274173   -1.008994    0.000000       -2.018014        1.000000   23.925483    9.963573    0.006756    4.997516
    0.950980    0.242489    1.323609   -1.009007    0.000000       -2.018031        1.000000   24.000133    9.966524    0.006756    4.997516
    0.960784    0.194706    1.373046   -1.009016    0.000000       -2.018043        1.000000   24.060072    9.968167    0.006756    4.997516
    0.970588    0.146447    1.422483   -1.009024    0.000000       -2.018053        1.000000   24.105155    9.968953    0.006756    4.997516
    0.980392    0.097831    1.471921   -1.009028    0.000000       -2.018059        1.000000   24.135272    9.969248    0.006756    4.997516
    0.990196    0.048975    1.521359   -1.009031    0.000000       -2.018063        1.000000   24.150349    9.969316    0.006756    4.997516
    1.000000    0.000000    1.570796   -1.009032    0.000000       -2.018065        1.000000   24.150349    9.969321    0.006756    4.997516
