           t           r         psi          cs          qs               p             sig           A           V          Q2           S
    0.000000    0.000000   -1.570796   -0.994866    0.000000       -1.989731        1.000000    0.000000    0.000000    0.022636    5.213898
    0.009804    0.051095   -1.519942   -0.994872    0.000000       -1.989740        1.000000    0.000000    0.000005    0.022636    5.213898
    0.019608    0.102057   -1.469087   -0.994892    0.000000       -1.989766        1.000000    0.032778    0.000085    0.022636    5.213898
    0.029412    0.152756   -1.418231   -0.994925    0.000000       -1.989811        1.000000    0.081840    0.000429    0.022636    5.213898
    0.039216    0.203059   -1.367372   -0.994975    0.000000       -1.989876        1.000000    0.147057    0.001347    0.022636    5.213898
    0.049020    0.252838   -1.316511   -0.995042    0.000000       -1.989964        1.000000    0.228263    0.003263    0.022636    5.213898
    0.058824    0.301962   -1.265645   -0.995132    0.000000       -1.990080        1.000000    0.325245    0.006703    0.022636    5.213898
    0.068627    0.350306   -1.214775   -0.995246    0.000000       -1.990227        1.000000    0.437755    0.012279    0.022636    5.213898
    0.078431    0.397743   -1.163898   -0.995393    0.000000       -1.990414        1.000000    0.565501    0.020679    0.022636    5.213898
    0.088235    0.444152   -1.113012   -0.995578    0.000000       -1.990647        1.000000    0.708151    0.032642    0.022636    5.213898
    0.098039    0.489411   -1.062116   -0.995813    0.000000       -1.990940        1.000000    0.865338    0.048943    0.022636    5.213898
    0.107843    0.533402   -1.011206   -0.996111    0.000000       -1.991306        1.000000    1.036653    0.070371    0.022636    5.213898
    0.117647    0.576013   -0.960278   -0.996491    0.000000       -1.991767        1.000000    1.221654    0.097708    0.022636    5.213898
    0.127451    0.617131   -0.909329   -0.996978    0.000000       -1.992351        1.000000    1.419862    0.131707    0.022636    5.213898
    0.137255    0.656649   -0.858352   -0.997608    0.000000       -1.993095        1.000000    1.630761    0.173070    0.022636    5.213898
    0.147059    0.694464   -0.807337   -0.998430    0.000000       -1.994054        1.000000    1.853806    0.222431    0.022636    5.213898
    0.156863    0.730475   -0.756274   -0.999518    0.000000       -1.995305        1.000000    2.088416    0.280334    0.022636    5.213898
    0.166667    0.764586   -0.705147   -1.000977    0.000000       -1.996962        1.000000    2.333983    0.347218    0.022636    5.213898
    0.176471    0.796707   -0.653932   -1.002970    0.000000       -1.999193        1.000000    2.589865    0.423399    0.022636    5.213898
    0.186275    0.826747   -0.602597   -1.005745    0.000000       -2.002261        1.000000    2.855396    0.509062    0.022636    5.213898
    0.196078    0.854623   -0.551091   -1.009703    0.000000       -2.006579        1.000000    3.129880    0.604249    0.022636    5.213898
    0.205882    0.880251   -0.499340   -1.015507    0.000000       -2.012834        1.000000    3.412595    0.708852    0.022636    5.213898
    0.215686    0.903550   -0.447222   -1.024301    0.000000       -2.022200        1.000000    3.702793    0.822610    0.022636    5.213898
    0.225490    0.924434   -0.394538   -1.038147    0.000000       -2.036784        1.000000    3.999698    0.945108    0.022636    5.213898
    0.235294    0.942814   -0.340939   -1.060932    0.000000       -2.060537        1.000000    4.302507    1.075779    0.022636    5.213898
    0.245098    0.958577   -0.285798   -1.100205    0.000000       -2.101102        1.000000    4.610378    1.213903    0.022636    5.213898
    0.254902    0.971576   -0.227944   -1.170143    0.000000       -2.172775        1.000000    4.922424    1.358610    0.022636    5.213898
    0.264706    0.981587   -0.165326   -1.288378    0.000000       -2.293246        1.000000    5.237686    1.508858    0.022636    5.213898
    0.274510    0.988274   -0.096087   -1.403051    0.000000       -2.410248        1.000000    5.555095    1.663366    0.022636    5.213898
    0.284314    0.991391   -0.028023   -1.158358    0.000000       -2.166646        1.000000    5.873505    1.820474    0.022636    5.213898
    0.294118    0.991595    0.014094   -0.476562    0.000000       -1.484938        1.000000    6.191981    1.978385    0.022636    5.213898
    0.303922    0.990493    0.025098   -0.016154    0.000000       -1.025434        1.000000    6.510103    2.136086    0.022636    5.213898
    0.313725    0.989284    0.020888    0.145930    0.000000       -0.864682        1.000000    6.827837    2.293393    0.022636    5.213898
    0.323529    0.988425    0.012526    0.167079    0.000000       -0.844552        1.000000    7.145295    2.450387    0.022636    5.213898
    0.333333    0.987992    0.004715    0.133441    0.000000       -0.878701        1.000000    7.462613    2.607193    0.022636    5.213898
    0.343137    0.987904   -0.000837    0.082852    0.000000       -0.929391        1.000000    7.779904    2.763925    0.022636    5.213898
    0.352941    0.988033   -0.003789    0.033965    0.000000       -0.978140        1.000000    8.097236    2.920667    0.022636    5.213898
    0.362745    0.988253   -0.004515   -0.003044    0.000000       -1.014920        1.000000    8.414638    3.077467    0.022636    5.213898
    0.372549    0.988469   -0.003757   -0.023851    0.000000       -1.035509        1.000000    8.732110    3.234338    0.022636    5.213898
    0.382353    0.988626   -0.002339   -0.029412    0.000000       -1.040914        1.000000    9.049633    3.391270    0.022636    5.213898
    0.392157    0.988709   -0.000929   -0.024500    0.000000       -1.035920        1.000000    9.367181    3.548240    0.022636    5.213898
    0.401961    0.988728    0.000090   -0.015052    0.000000       -1.026453        1.000000    9.684736    3.705226    0.022636    5.213898
    0.411765    0.988708    0.000614   -0.005790    0.000000       -1.017210        1.000000   10.002285    3.862211    0.022636    5.213898
    0.421569    0.988672    0.000728    0.000780    0.000000       -1.010678        1.000000   10.319822    4.019187    0.022636    5.213898
    0.431373    0.988638    0.000591    0.004095    0.000000       -1.007397        1.000000   10.637348    4.176152    0.022636    5.213898
    0.441176    0.988613    0.000355    0.004767    0.000000       -1.006750        1.000000   10.954867    4.333107    0.022636    5.213898
    0.450980    0.988601    0.000131    0.003837    0.000000       -1.007693        1.000000   11.272381    4.490056    0.022636    5.213898
    0.460784    0.988599   -0.000027    0.002292    0.000000       -1.009241        1.000000   11.589895    4.647003    0.022636    5.213898
    0.470588    0.988603   -0.000105    0.000830    0.000000       -1.010699        1.000000   11.907409    4.803950    0.022636    5.213898
    0.480392    0.988609   -0.000119   -0.000192    0.000000       -1.011715        1.000000   12.224926    4.960899    0.022636    5.213898
    0.490196    0.988614   -0.000095   -0.000697    0.000000       -1.012214        1.000000   12.542445    5.117850    0.022636    5.213898
    0.500000    0.988618   -0.000055   -0.000784    0.000000       -1.012297        1.000000   12.859964    5.274802    0.022636    5.213898
    0.509804    0.988620   -0.000019   -0.000621    0.000000       -1.012132        1.000000   13.177485    5.431755    0.022636    5.213898
    0.519608    0.988620    0.000007   -0.000369    0.000000       -1.011880        1.000000   13.495005    5.588709    0.022636    5.213898
    0.529412    0.988619    0.000020   -0.000141    0.000000       -1.011653        1.000000   13.812525    5.745662    0.022636    5.213898
    0.539216    0.988618    0.000023    0.000003    0.000000       -1.011510        1.000000   14.130045    5.902616    0.022636    5.213898
    0.549020    0.988617    0.000021    0.000048    0.000000       -1.011465        1.000000   14.447565    6.059568    0.022636    5.213898
    0.558824    0.988616    0.000019    0.000000    0.000000       -1.011515        1.000000   14.765084    6.216521    0.022636    5.213898
    0.568627    0.988615    0.000022   -0.000136    0.000000       -1.011652        1.000000   15.082603    6.373473    0.022636    5.213898
    0.578431    0.988614    0.000035   -0.000375    0.000000       -1.011893        1.000000   15.400121    6.530425    0.022636    5.213898
    0.588235    0.988611    0.000063   -0.000775    0.000000       -1.012295        1.000000   15.717639    6.687376    0.022636    5.213898
    0.598039    0.988607    0.000119   -0.001465    0.000000       -1.012989        1.000000   16.035155    6.844326    0.022636    5.213898
    0.607843    0.988598    0.000222   -0.002696    0.000000       -1.014229        1.000000   16.352668    7.001274    0.022636    5.213898
    0.617647    0.988583    0.000412   -0.004933    0.000000       -1.016482        1.000000   16.670176    7.158218    0.022636    5.213898
    0.627451    0.988554    0.000758   -0.009014    0.000000       -1.020592        1.000000   16.987676    7.315156    0.022636    5.213898
    0.637255    0.988500    0.001389   -0.016432    0.000000       -1.028064        1.000000   17.305157    7.472081    0.022636    5.213898
    0.647059    0.988403    0.002538   -0.029783    0.000000       -1.041513        1.000000   17.622608    7.628982    0.022636    5.213898
    0.656863    0.988225    0.004607   -0.053375    0.000000       -1.065279        1.000000   17.940002    7.785840    0.022636    5.213898
    0.666667    0.987905    0.008279   -0.093752    0.000000       -1.105960        1.000000   18.257292    7.942619    0.022636    5.213898
    0.676471    0.987334    0.014620   -0.159237    0.000000       -1.171958        1.000000   18.574400    8.099254    0.022636    5.213898
    0.686275    0.986340    0.025109   -0.256757    0.000000       -1.270287        1.000000   18.891188    8.255625    0.022636    5.213898
    0.696078    0.984668    0.041403   -0.385111    0.000000       -1.399811        1.000000   19.207439    8.411528    0.022636    5.213898
    0.705882    0.981988    0.064759   -0.529507    0.000000       -1.545716        1.000000   19.522829    8.566620    0.022636    5.213898
    0.715686    0.977928    0.095409   -0.666619    0.000000       -1.684538        1.000000   19.836915    8.720383    0.022636    5.213898
    0.725490    0.972141    0.132470   -0.778417    0.000000       -1.798062        1.000000   20.149143    8.872112    0.022636    5.213898
    0.735294    0.964345    0.174466   -0.859855    0.000000       -1.881086        1.000000   20.458867    9.020946    0.022636    5.213898
    0.745098    0.954343    0.219931   -0.915280    0.000000       -1.937882        1.000000   20.765379    9.165933    0.022636    5.213898
    0.754902    0.942012    0.267718   -0.951849    0.000000       -1.975591        1.000000   21.067929    9.306093    0.022636    5.213898
    0.764706    0.927285    0.317028   -0.975825    0.000000       -2.000500        1.000000   21.365750    9.440480    0.022636    5.213898
    0.774510    0.910138    0.367342   -0.991674    0.000000       -2.017107        1.000000   21.658064    9.568220    0.022636    5.213898
    0.784314    0.890574    0.418322   -1.002315    0.000000       -2.028363        1.000000   21.944095    9.688539    0.022636    5.213898
    0.794118    0.868619    0.469755   -1.009594    0.000000       -2.036142        1.000000   22.223074    9.800793    0.022636    5.213898
    0.803922    0.844313    0.521499   -1.014669    0.000000       -2.041627        1.000000   22.494246    9.904472    0.022636    5.213898
    0.813725    0.817708    0.573463   -1.018276    0.000000       -2.045571        1.000000   22.756874    9.999219    0.022636    5.213898
    0.823529    0.788869    0.625584   -1.020884    0.000000       -2.048458        1.000000   23.010239   10.084828    0.022636    5.213898
    0.833333    0.757869    0.677820   -1.022801    0.000000       -2.050606        1.000000   23.253648   10.161248    0.022636    5.213898
    0.843137    0.724787    0.730140   -1.024229    0.000000       -2.052229        1.000000   23.486432   10.228578    0.022636    5.213898
    0.852941    0.689712    0.782524   -1.025309    0.000000       -2.053471        1.000000   23.707950   10.287060    0.022636    5.213898
    0.862745    0.652738    0.834956   -1.026133    0.000000       -2.054433        1.000000   23.917594   10.337068    0.022636    5.213898
    0.872549    0.613964    0.887426   -1.026769    0.000000       -2.055185        1.000000   24.114784   10.379092    0.022636    5.213898
    0.882353    0.573497    0.939924   -1.027264    0.000000       -2.055778        1.000000   24.298977   10.413723    0.022636    5.213898
    0.892157    0.531447    0.992445   -1.027652    0.000000       -2.056248        1.000000   24.469665   10.441636    0.022636    5.213898
    0.901961    0.487930    1.044983   -1.027958    0.000000       -2.056624        1.000000   24.626376   10.463563    0.022636    5.213898
    0.911765    0.443065    1.097535   -1.028199    0.000000       -2.056924        1.000000   24.768677   10.480276    0.022636    5.213898
    0.921569    0.396975    1.150098   -1.028390    0.000000       -2.057165        1.000000   24.896176   10.492562    0.022636    5.213898
    0.931373    0.349789    1.202670   -1.028541    0.000000       -2.057357        1.000000   25.008519   10.501203    0.022636    5.213898
    0.941176    0.301635    1.255249   -1.028660    0.000000       -2.057509        1.000000   25.105397   10.506947    0.022636    5.213898
    0.950980    0.252648    1.307833   -1.028752    0.000000       -2.057628        1.000000   25.186541   10.510494    0.022636    5.213898
    0.960784    0.202962    1.360421   -1.028822    0.000000       -2.057720        1.000000   25.251728   10.512472    0.022636    5.213898
    0.970588    0.152714    1.413012   -1.028873    0.000000       -2.057787        1.000000   25.300776   10.513420    0.022636    5.213898
    0.980392    0.102045    1.465606   -1.028908    0.000000       -2.057833        1.000000   25.333550   10.513775    0.022636    5.213898
    0.990196    0.051093    1.518201   -1.028928    0.000000       -2.057860        1.000000   25.349960   10.513858    0.022636    5.213898
    1.000000    0.000000    1.570796   -1.028935    0.000000       -2.057869        1.000000   25.349960   10.513863    0.022636    5.213898
