           t           r         psi          cs          qs               p             sig           A           V          Q2           S
    0.000000   -0.000000   -1.570796   -1.008809    0.000000       -2.017619        1.000000    0.000000    0.000000    0.241404    3.869283
    0.009804    0.037925   -1.532526   -1.008998    0.000000       -2.017871        1.000000    0.000000    0.000002    0.241404    3.869283
    0.019608    0.075794   -1.494241   -1.009569    0.000000       -2.018631        1.000000    0.018065    0.000026    0.241404    3.869283
    0.029412    0.113552   -1.455926   -1.010536    0.000000       -2.019916        1.000000    0.045130    0.000132    0.241404    3.869283
    0.039216    0.151144   -1.417568   -1.011922    0.000000       -2.021753        1.000000    0.081155    0.000417    0.241404    3.869283
    0.049020    0.188513   -1.379148   -1.013761    0.000000       -2.024180        1.000000    0.126087    0.001014    0.241404    3.869283
    0.058824    0.225605   -1.340649   -1.016095    0.000000       -2.027248        1.000000    0.179859    0.002092    0.241404    3.869283
    0.068627    0.262363   -1.302052   -1.018977    0.000000       -2.031018        1.000000    0.242392    0.003854    0.241404    3.869283
    0.078431    0.298731   -1.263333   -1.022476    0.000000       -2.035567        1.000000    0.313594    0.006531    0.241404    3.869283
    0.088235    0.334654   -1.224469   -1.026670    0.000000       -2.040986        1.000000    0.393358    0.010382    0.241404    3.869283
    0.098039    0.370076   -1.185432   -1.031657    0.000000       -2.047387        1.000000    0.481564    0.015689    0.241404    3.869283
    0.107843    0.404940   -1.146188   -1.037552    0.000000       -2.054899        1.000000    0.578081    0.022756    0.241404    3.869283
    0.117647    0.439188   -1.106701   -1.044493    0.000000       -2.063678        1.000000    0.682760    0.031898    0.241404    3.869283
    0.127451    0.472764   -1.066929   -1.052642    0.000000       -2.073905        1.000000    0.795442    0.043445    0.241404    3.869283
    0.137255    0.505608   -1.026821   -1.062192    0.000000       -2.085794        1.000000    0.915952    0.057731    0.241404    3.869283
    0.147059    0.537661   -0.986321   -1.073368    0.000000       -2.099594        1.000000    1.044102    0.075091    0.241404    3.869283
    0.156863    0.568861   -0.945363   -1.086434    0.000000       -2.115594        1.000000    1.179689    0.095857    0.241404    3.869283
    0.166667    0.599147   -0.903868   -1.101694    0.000000       -2.134122        1.000000    1.322494    0.120352    0.241404    3.869283
    0.176471    0.628451   -0.861747   -1.119491    0.000000       -2.155551        1.000000    1.472283    0.148883    0.241404    3.869283
    0.186275    0.656706   -0.818897   -1.140207    0.000000       -2.180288        1.000000    1.628807    0.181736    0.241404    3.869283
    0.196078    0.683840   -0.775199   -1.164245    0.000000       -2.208761        1.000000    1.791798    0.219173    0.241404    3.869283
    0.205882    0.709777   -0.730521   -1.192004    0.000000       -2.241386        1.000000    1.960972    0.261419    0.241404    3.869283
    0.215686    0.734436   -0.684713   -1.223816    0.000000       -2.278504        1.000000    2.136023    0.308663    0.241404    3.869283
    0.225490    0.757730   -0.637618   -1.259851    0.000000       -2.320276        1.000000    2.316625    0.361042    0.241404    3.869283
    0.235294    0.779567   -0.589078   -1.299950    0.000000       -2.366508        1.000000    2.502433    0.418640    0.241404    3.869283
    0.245098    0.799848   -0.538951   -1.343363    0.000000       -2.416376        1.000000    2.693075    0.481471    0.241404    3.869283
    0.254902    0.818470   -0.487139   -1.388376    0.000000       -2.468043        1.000000    2.888155    0.549474    0.241404    3.869283
    0.264706    0.835327   -0.433636   -1.431831    0.000000       -2.518165        1.000000    3.087252    0.622498    0.241404    3.869283
    0.274510    0.850314   -0.378592   -1.468637    0.000000       -2.561393        1.000000    3.289923    0.700291    0.241404    3.869283
    0.284314    0.863340   -0.322389   -1.491500    0.000000       -2.590118        1.000000    3.495697    0.782488    0.241404    3.869283
    0.294118    0.874334   -0.265725   -1.491306    0.000000       -2.594892        1.000000    3.704092    0.868615    0.241404    3.869283
    0.303922    0.883261   -0.209658   -1.458603    0.000000       -2.565980        1.000000    3.914615    0.958091    0.241404    3.869283
    0.313725    0.890140   -0.155567   -1.386285    0.000000       -2.496137        1.000000    4.126778    1.050262    0.241404    3.869283
    0.323529    0.895054   -0.105008   -1.272655    0.000000       -2.383751        1.000000    4.340111    1.144435    0.241404    3.869283
    0.333333    0.898152   -0.059468   -1.123209    0.000000       -2.234638        1.000000    4.554183    1.239941    0.241404    3.869283
    0.343137    0.899640   -0.020097   -0.949766    0.000000       -2.061097        1.000000    4.768610    1.336181    0.241404    3.869283
    0.352941    0.899763    0.012473   -0.767156    0.000000       -1.878473        1.000000    4.983066    1.432665    0.241404    3.869283
    0.362745    0.898781    0.038167   -0.589299    0.000000       -1.701107        1.000000    5.197288    1.529022    0.241404    3.869283
    0.372549    0.896950    0.057375   -0.426531    0.000000       -1.539586        1.000000    5.411074    1.624995    0.241404    3.869283
    0.382353    0.894504    0.070795   -0.284808    0.000000       -1.399945        1.000000    5.624276    1.720420    0.241404    3.869283
    0.392157    0.891646    0.079278   -0.166317    0.000000       -1.284316        1.000000    5.836798    1.815207    0.241404    3.869283
    0.401961    0.888547    0.083703   -0.070647    0.000000       -1.192141        1.000000    6.048580    1.909312    0.241404    3.869283
    0.411765    0.885344    0.084903    0.004086    0.000000       -1.121351        1.000000    6.259599    2.002728    0.241404    3.869283
    0.421569    0.882144    0.083626    0.060403    0.000000       -1.069237        1.000000    6.469856    2.095471    0.241404    3.869283
    0.431373    0.879029    0.080520    0.100943    0.000000       -1.032990        1.000000    6.679370    2.187568    0.241404    3.869283
    0.441176    0.876058    0.076135    0.128181    0.000000       -1.009989        1.000000    6.888176    2.279057    0.241404    3.869283
    0.450980    0.873269    0.070935    0.144310    0.000000       -0.997932        1.000000    7.096318    2.369979    0.241404    3.869283
    0.460784    0.870686    0.065303    0.151207    0.000000       -0.994865        1.000000    7.303843    2.460378    0.241404    3.869283
    0.470588    0.868320    0.059560    0.150445    0.000000       -0.999163        1.000000    7.510805    2.550298    0.241404    3.869283
    0.480392    0.866168    0.053970    0.143328    0.000000       -1.009501        1.000000    7.717254    2.639782    0.241404    3.869283
    0.490196    0.864222    0.048753    0.130928    0.000000       -1.024807        1.000000    7.923239    2.728870    0.241404    3.869283
    0.500000    0.862464    0.044092    0.114119    0.000000       -1.044223        1.000000    8.128805    2.817598    0.241404    3.869283
    0.509804    0.860869    0.040141    0.093610    0.000000       -1.067071        1.000000    8.333990    2.906000    0.241404    3.869283
    0.519608    0.859409    0.037030    0.069968    0.000000       -1.092825        1.000000    8.538828    2.994102    0.241404    3.869283
    0.529412    0.858048    0.034867    0.043641    0.000000       -1.121086        1.000000    8.743341    3.081925    0.241404    3.869283
    0.539216    0.856751    0.033748    0.014972    0.000000       -1.151564        1.000000    8.947546    3.169481    0.241404    3.869283
    0.549020    0.855474    0.033757   -0.015786    0.000000       -1.184062        1.000000    9.151446    3.256778    0.241404    3.869283
    0.558824    0.854175    0.034970   -0.048458    0.000000       -1.218463        1.000000    9.355036    3.343810    0.241404    3.869283
    0.568627    0.852806    0.037457   -0.082938    0.000000       -1.254716        1.000000    9.558300    3.430567    0.241404    3.869283
    0.578431    0.851317    0.041285   -0.119177    0.000000       -1.292827        1.000000    9.761209    3.517024    0.241404    3.869283
    0.588235    0.849656    0.046520   -0.157169    0.000000       -1.332842        1.000000    9.963722    3.603146    0.241404    3.869283
    0.598039    0.847770    0.053231   -0.196940    0.000000       -1.374835        1.000000   10.165786    3.688886    0.241404    3.869283
    0.607843    0.845600    0.061485   -0.238529    0.000000       -1.418886        1.000000   10.367332    3.774184    0.241404    3.869283
    0.617647    0.843088    0.071351   -0.281969    0.000000       -1.465067        1.000000   10.568280    3.858965    0.241404    3.869283
    0.627451    0.840171    0.082901   -0.327269    0.000000       -1.513416        1.000000   10.768532    3.943137    0.241404    3.869283
    0.637255    0.836784    0.096204   -0.374392    0.000000       -1.563918        1.000000   10.967977    4.026595    0.241404    3.869283
    0.647059    0.832860    0.111327   -0.423237    0.000000       -1.616486        1.000000   11.166487    4.109213    0.241404    3.869283
    0.656863    0.828332    0.128334   -0.473624    0.000000       -1.670942        1.000000   11.363918    4.190852    0.241404    3.869283
    0.666667    0.823127    0.147276   -0.525287    0.000000       -1.727014        1.000000   11.560108    4.271350    0.241404    3.869283
    0.676471    0.817174    0.168198   -0.577869    0.000000       -1.784329        1.000000   11.754879    4.350531    0.241404    3.869283
    0.686275    0.810402    0.191125   -0.630939    0.000000       -1.842426        1.000000   11.948036    4.428199    0.241404    3.869283
    0.696078    0.802738    0.216066   -0.684001    0.000000       -1.900771        1.000000   12.139367    4.504143    0.241404    3.869283
    0.705882    0.794114    0.243012   -0.736522    0.000000       -1.958787        1.000000   12.328641    4.578139    0.241404    3.869283
    0.715686    0.784461    0.271931   -0.787964    0.000000       -2.015883        1.000000   12.515615    4.649952    0.241404    3.869283
    0.725490    0.773716    0.302773   -0.837810    0.000000       -2.071485        1.000000   12.700029    4.719342    0.241404    3.869283
    0.735294    0.761821    0.335468   -0.885594    0.000000       -2.125068        1.000000   12.881606    4.786065    0.241404    3.869283
    0.745098    0.748723    0.369930   -0.930922    0.000000       -2.176180        1.000000   13.060062    4.849883    0.241404    3.869283
    0.754902    0.734376    0.406061   -0.973488    0.000000       -2.224460        1.000000   13.235099    4.910567    0.241404    3.869283
    0.764706    0.718744    0.443750   -1.013080    0.000000       -2.269644        1.000000   13.406410    4.967906    0.241404    3.869283
    0.774510    0.701796    0.482882   -1.049577    0.000000       -2.311569        1.000000   13.573681    5.021712    0.241404    3.869283
    0.784314    0.683510    0.523340   -1.082944    0.000000       -2.350160        1.000000   13.736593    5.071826    0.241404    3.869283
    0.794118    0.663876    0.565004   -1.113222    0.000000       -2.385428        1.000000   13.894826    5.118126    0.241404    3.869283
    0.803922    0.642889    0.607760   -1.140510    0.000000       -2.417447        1.000000   14.048057    5.160527    0.241404    3.869283
    0.813725    0.620556    0.651497   -1.164953    0.000000       -2.446347        1.000000   14.195965    5.198990    0.241404    3.869283
    0.823529    0.596891    0.696109   -1.186726    0.000000       -2.472293        1.000000   14.338232    5.233522    0.241404    3.869283
    0.833333    0.571915    0.741500   -1.206026    0.000000       -2.495475        1.000000   14.474547    5.264177    0.241404    3.869283
    0.843137    0.545661    0.787580   -1.223054    0.000000       -2.516096        1.000000   14.604604    5.291056    0.241404    3.869283
    0.852941    0.518165    0.834265   -1.238016    0.000000       -2.534363        1.000000   14.728107    5.314305    0.241404    3.869283
    0.862745    0.489474    0.881482   -1.251110    0.000000       -2.550482        1.000000   14.844772    5.334112    0.241404    3.869283
    0.872549    0.459637    0.929164   -1.262524    0.000000       -2.564647        1.000000   14.954325    5.350705    0.241404    3.869283
    0.882353    0.428714    0.977249   -1.272433    0.000000       -2.577044        1.000000   15.056508    5.364341    0.241404    3.869283
    0.892157    0.396767    1.025684   -1.280997    0.000000       -2.587844        1.000000   15.151076    5.375305    0.241404    3.869283
    0.901961    0.363865    1.074421   -1.288361    0.000000       -2.597202        1.000000   15.237802    5.383900    0.241404    3.869283
    0.911765    0.330080    1.123416   -1.294655    0.000000       -2.605260        1.000000   15.316476    5.390439    0.241404    3.869283
    0.921569    0.295490    1.172632   -1.299994    0.000000       -2.612144        1.000000   15.386905    5.395239    0.241404    3.869283
    0.931373    0.260174    1.222034   -1.304478    0.000000       -2.617963        1.000000   15.448917    5.398610    0.241404    3.869283
    0.941176    0.224218    1.271591   -1.308193    0.000000       -2.622814        1.000000   15.502359    5.400848    0.241404    3.869283
    0.950980    0.187706    1.321275   -1.311213    0.000000       -2.626780        1.000000   15.547098    5.402229    0.241404    3.869283
    0.960784    0.150729    1.371062   -1.313601    0.000000       -2.629929        1.000000   15.583024    5.402998    0.241404    3.869283
    0.970588    0.113377    1.420929   -1.315405    0.000000       -2.632320        1.000000   15.610047    5.403367    0.241404    3.869283
    0.980392    0.075742    1.470853   -1.316666    0.000000       -2.633995        1.000000   15.628100    5.403505    0.241404    3.869283
    0.990196    0.037918    1.520815   -1.317411    0.000000       -2.634987        1.000000   15.637138    5.403537    0.241404    3.869283
    1.000000    0.000000    1.570796   -1.317658    0.000000       -2.635315        1.000000   15.637138    5.403539    0.241404    3.869283
