           t           r         psi          cs          qs               p             sig           A           V          Q2           S
    0.000000    0.000000   -1.570796   -0.996434    0.000000       -1.992868        1.000000    0.000000    0.000000    0.014782    3.541912
    0.009804    0.034718   -1.536196   -0.996436    0.000000       -1.992870        1.000000    0.000000    0.000001    0.014782    3.541912
    0.019608    0.069394   -1.501595   -0.996440    0.000000       -1.992876        1.000000    0.015140    0.000018    0.014782    3.541912
    0.029412    0.103987   -1.466993   -0.996448    0.000000       -1.992886        1.000000    0.037828    0.000092    0.014782    3.541912
    0.039216    0.138455   -1.432392   -0.996459    0.000000       -1.992901        1.000000    0.068037    0.000289    0.014782    3.541912
    0.049020    0.172758   -1.397790   -0.996473    0.000000       -1.992920        1.000000    0.105729    0.000704    0.014782    3.541912
    0.058824    0.206854   -1.363188   -0.996492    0.000000       -1.992944        1.000000    0.150861    0.001454    0.014782    3.541912
    0.068627    0.240703   -1.328584   -0.996514    0.000000       -1.992974        1.000000    0.203378    0.002679    0.014782    3.541912
    0.078431    0.274263   -1.293980   -0.996542    0.000000       -1.993009        1.000000    0.263217    0.004543    0.014782    3.541912
    0.088235    0.307495   -1.259375   -0.996574    0.000000       -1.993052        1.000000    0.330307    0.007228    0.014782    3.541912
    0.098039    0.340358   -1.224769   -0.996613    0.000000       -1.993102        1.000000    0.404566    0.010934    0.014782    3.541912
    0.107843    0.372814   -1.190161   -0.996659    0.000000       -1.993161        1.000000    0.485908    0.015874    0.014782    3.541912
    0.117647    0.404824   -1.155552   -0.996713    0.000000       -1.993229        1.000000    0.574233    0.022277    0.014782    3.541912
    0.127451    0.436349   -1.120940   -0.996777    0.000000       -1.993309        1.000000    0.669436    0.030379    0.014782    3.541912
    0.137255    0.467351   -1.086326   -0.996851    0.000000       -1.993403        1.000000    0.771403    0.040423    0.014782    3.541912
    0.147059    0.497794   -1.051709   -0.996939    0.000000       -1.993511        1.000000    0.880012    0.052656    0.014782    3.541912
    0.156863    0.527640   -1.017089   -0.997042    0.000000       -1.993638        1.000000    0.995134    0.067326    0.014782    3.541912
    0.166667    0.556854   -0.982465   -0.997164    0.000000       -1.993786        1.000000    1.116629    0.084678    0.014782    3.541912
    0.176471    0.585401   -0.947837   -0.997307    0.000000       -1.993959        1.000000    1.244352    0.104952    0.014782    3.541912
    0.186275    0.613247   -0.913203   -0.997477    0.000000       -1.994163        1.000000    1.378151    0.128377    0.014782    3.541912
    0.196078    0.640357   -0.878562   -0.997680    0.000000       -1.994403        1.000000    1.517865    0.155174    0.014782    3.541912
    0.205882    0.666699   -0.843914   -0.997923    0.000000       -1.994688        1.000000    1.663327    0.185545    0.014782    3.541912
    0.215686    0.692242   -0.809257   -0.998214    0.000000       -1.995028        1.000000    1.814361    0.219679    0.014782    3.541912
    0.225490    0.716955   -0.774588   -0.998567    0.000000       -1.995434        1.000000    1.970787    0.257742    0.014782    3.541912
    0.235294    0.740807   -0.739906   -0.998996    0.000000       -1.995924        1.000000    2.132417    0.299878    0.014782    3.541912
    0.245098    0.763769   -0.705208   -0.999522    0.000000       -1.996520        1.000000    2.299057    0.346207    0.014782    3.541912
    0.254902    0.785814   -0.670489   -1.000172    0.000000       -1.997250        1.000000    2.470507    0.396821    0.014782    3.541912
    0.264706    0.806914   -0.635745   -1.000984    0.000000       -1.998153        1.000000    2.646561    0.451785    0.014782    3.541912
    0.274510    0.827043   -0.600969   -1.002007    0.000000       -1.999281        1.000000    2.827006    0.511134    0.014782    3.541912
    0.284314    0.846175   -0.566153   -1.003313    0.000000       -2.000708        1.000000    3.011626    0.574869    0.014782    3.541912
    0.294118    0.864287   -0.531285   -1.005000    0.000000       -2.002535        1.000000    3.200197    0.642964    0.014782    3.541912
    0.303922    0.881353   -0.496350   -1.007212    0.000000       -2.004913        1.000000    3.392491    0.715358    0.014782    3.541912
    0.313725    0.897352   -0.461326   -1.010163    0.000000       -2.008058        1.000000    3.588277    0.791956    0.014782    3.541912
    0.323529    0.912260   -0.426183   -1.014173    0.000000       -2.012299        1.000000    3.787315    0.872633    0.014782    3.541912
    0.333333    0.926055   -0.390875   -1.019744    0.000000       -2.018147        1.000000    3.989363    0.957230    0.014782    3.541912
    0.343137    0.938712   -0.355335   -1.027676    0.000000       -2.026417        1.000000    4.194172    1.045559    0.014782    3.541912
    0.352941    0.950208   -0.319461   -1.039297    0.000000       -2.038452        1.000000    4.401490    1.137399    0.014782    3.541912
    0.362745    0.960513   -0.283089   -1.056865    0.000000       -2.056537        1.000000    4.611055    1.232498    0.014782    3.541912
    0.372549    0.969594   -0.245949   -1.084327    0.000000       -2.084650        1.000000    4.822603    1.330579    0.014782    3.541912
    0.382353    0.977405   -0.207591   -1.128521    0.000000       -2.129673        1.000000    5.035854    1.431333    0.014782    3.541912
    0.392157    0.983881   -0.167259   -1.199983    0.000000       -2.202182        1.000000    5.250518    1.534418    0.014782    3.541912
    0.401961    0.988928   -0.123845   -1.305231    0.000000       -2.308682        1.000000    5.466284    1.639454    0.014782    3.541912
    0.411765    0.992414   -0.076748   -1.391564    0.000000       -2.396242        1.000000    5.682810    1.745998    0.014782    3.541912
    0.421569    0.994252   -0.030109   -1.226224    0.000000       -2.231549        1.000000    5.899737    1.853507    0.014782    3.541912
    0.431373    0.994654    0.003786   -0.690459    0.000000       -1.695827        1.000000    6.116752    1.961400    0.014782    3.541912
    0.441176    0.994217    0.018473   -0.194148    0.000000       -1.199793        1.000000    6.333671    2.069279    0.014782    3.541912
    0.450980    0.993520    0.020209    0.057584    0.000000       -0.948733        1.000000    6.550439    2.177016    0.014782    3.541912
    0.460784    0.992877    0.016367    0.144613    0.000000       -0.862426        1.000000    6.767066    2.284607    0.014782    3.541912
    0.470588    0.992400    0.011088    0.150540    0.000000       -0.857057        1.000000    6.983589    2.392083    0.014782    3.541912
    0.480392    0.992100    0.006340    0.118845    0.000000       -0.889097        1.000000    7.200047    2.499483    0.014782    3.541912
    0.490196    0.991943    0.003027    0.070168    0.000000       -0.937951        1.000000    7.416470    2.606836    0.014782    3.541912
    0.500000    0.991869    0.001549    0.014217    0.000000       -0.993979        1.000000    7.632877    2.714167    0.014782    3.541912
    0.509804    0.991812    0.002080   -0.045346    0.000000       -1.053600        1.000000    7.849272    2.821484    0.014782    3.541912
    0.519608    0.991700    0.004747   -0.109300    0.000000       -1.117659        1.000000    8.065642    2.928785    0.014782    3.541912
    0.529412    0.991455    0.009770   -0.181869    0.000000       -1.190440        1.000000    8.281959    3.036046    0.014782    3.541912
    0.539216    0.990989    0.017541   -0.268427    0.000000       -1.277364        1.000000    8.498174    3.143225    0.014782    3.541912
    0.549020    0.990199    0.028604   -0.371309    0.000000       -1.380795        1.000000    8.714217    3.250251    0.014782    3.541912
    0.558824    0.988959    0.043467   -0.485909    0.000000       -1.496118        1.000000    8.929990    3.357020    0.014782    3.541912
    0.568627    0.987134    0.062356   -0.601062    0.000000       -1.612127        1.000000    9.145364    3.463382    0.014782    3.541912
    0.578431    0.984587    0.085073   -0.704568    0.000000       -1.716549        1.000000    9.360182    3.569136    0.014782    3.541912
    0.588235    0.981196    0.111065   -0.788978    0.000000       -1.801863        1.000000    9.574261    3.674035    0.014782    3.541912
    0.598039    0.976861    0.139630   -0.853040    0.000000       -1.866764        1.000000    9.787394    3.777794    0.014782    3.541912
    0.607843    0.971510    0.170103   -0.899509    0.000000       -1.913978        1.000000    9.999359    3.880103    0.014782    3.541912
    0.617647    0.965091    0.201944   -0.932445    0.000000       -1.947561        1.000000   10.209924    3.980640    0.014782    3.541912
    0.627451    0.957572    0.234748   -0.955621    0.000000       -1.971287        1.000000   10.418848    4.079081    0.014782    3.541912
    0.637255    0.948932    0.268232   -0.971977    0.000000       -1.988109        1.000000   10.625887    4.175109    0.014782    3.541912
    0.647059    0.939164    0.302197   -0.983625    0.000000       -2.000151        1.000000   10.830795    4.268424    0.014782    3.541912
    0.656863    0.928263    0.336507   -0.992021    0.000000       -2.008881        1.000000   11.033325    4.358740    0.014782    3.541912
    0.666667    0.916234    0.371066   -0.998156    0.000000       -2.015300        1.000000   11.233230    4.445797    0.014782    3.541912
    0.676471    0.903083    0.405810   -1.002703    0.000000       -2.020087        1.000000   11.430266    4.529360    0.014782    3.541912
    0.686275    0.888822    0.440690   -1.006119    0.000000       -2.023710        1.000000   11.624190    4.609221    0.014782    3.541912
    0.696078    0.873464    0.475675   -1.008718    0.000000       -2.026487        1.000000   11.814763    4.685202    0.014782    3.541912
    0.705882    0.857024    0.510738   -1.010722    0.000000       -2.028644        1.000000   12.001750    4.757157    0.014782    3.541912
    0.715686    0.839522    0.545863   -1.012283    0.000000       -2.030338        1.000000   12.184918    4.824971    0.014782    3.541912
    0.725490    0.820976    0.581037   -1.013513    0.000000       -2.031684        1.000000   12.364040    4.888562    0.014782    3.541912
    0.735294    0.801409    0.616248   -1.014491    0.000000       -2.032763        1.000000   12.538892    4.947882    0.014782    3.541912
    0.745098    0.780844    0.651490   -1.015276    0.000000       -2.033637        1.000000   12.709258    5.002914    0.014782    3.541912
    0.754902    0.759306    0.686757   -1.015912    0.000000       -2.034350        1.000000   12.874924    5.053675    0.014782    3.541912
    0.764706    0.736820    0.722043   -1.016430    0.000000       -2.034937        1.000000   13.035684    5.100210    0.014782    3.541912
    0.774510    0.713415    0.757346   -1.016855    0.000000       -2.035424        1.000000   13.191338    5.142598    0.014782    3.541912
    0.784314    0.689119    0.792662   -1.017206    0.000000       -2.035829        1.000000   13.341691    5.180943    0.014782    3.541912
    0.794118    0.663962    0.827989   -1.017498    0.000000       -2.036169        1.000000   13.486555    5.215376    0.014782    3.541912
    0.803922    0.637975    0.863326   -1.017742    0.000000       -2.036455        1.000000   13.625749    5.246053    0.014782    3.541912
    0.813725    0.611190    0.898670   -1.017946    0.000000       -2.036697        1.000000   13.759099    5.273152    0.014782    3.541912
    0.823529    0.583642    0.934021   -1.018118    0.000000       -2.036903        1.000000   13.886439    5.296869    0.014782    3.541912
    0.833333    0.555364    0.969377   -1.018264    0.000000       -2.037079        1.000000   14.007609    5.317417    0.014782    3.541912
    0.843137    0.526391    1.004738   -1.018387    0.000000       -2.037229        1.000000   14.122458    5.335022    0.014782    3.541912
    0.852941    0.496759    1.040103   -1.018492    0.000000       -2.037358        1.000000   14.230841    5.349920    0.014782    3.541912
    0.862745    0.466506    1.075472   -1.018581    0.000000       -2.037468        1.000000   14.332624    5.362354    0.014782    3.541912
    0.872549    0.435669    1.110843   -1.018657    0.000000       -2.037563        1.000000   14.427679    5.372572    0.014782    3.541912
    0.882353    0.404288    1.146217   -1.018722    0.000000       -2.037645        1.000000   14.515887    5.380820    0.014782    3.541912
    0.892157    0.372400    1.181592   -1.018777    0.000000       -2.037715        1.000000   14.597138    5.387343    0.014782    3.541912
    0.901961    0.340046    1.216970   -1.018824    0.000000       -2.037775        1.000000   14.671329    5.392379    0.014782    3.541912
    0.911765    0.307266    1.252349   -1.018864    0.000000       -2.037826        1.000000   14.738369    5.396159    0.014782    3.541912
    0.921569    0.274102    1.287729   -1.018897    0.000000       -2.037869        1.000000   14.798173    5.398899    0.014782    3.541912
    0.931373    0.240595    1.323110   -1.018925    0.000000       -2.037906        1.000000   14.850666    5.400802    0.014782    3.541912
    0.941176    0.206786    1.358493   -1.018948    0.000000       -2.037936        1.000000   14.895783    5.402054    0.014782    3.541912
    0.950980    0.172719    1.393875   -1.018967    0.000000       -2.037961        1.000000   14.933467    5.402820    0.014782    3.541912
    0.960784    0.138435    1.429259   -1.018982    0.000000       -2.037980        1.000000   14.963671    5.403243    0.014782    3.541912
    0.970588    0.103978    1.464643   -1.018993    0.000000       -2.037995        1.000000   14.986357    5.403445    0.014782    3.541912
    0.980392    0.069391    1.500027   -1.019001    0.000000       -2.038005        1.000000   15.001497    5.403521    0.014782    3.541912
    0.990196    0.034717    1.535412   -1.019005    0.000000       -2.038012        1.000000   15.009071    5.403538    0.014782    3.541912
    1.000000    0.000000    1.570796   -1.019007    0.000000       -2.038014        1.000000   15.009071    5.403539    0.014782    3.541912
