           t           r         psi          cs          qs               p             sig           A           V          Q2           S
    0.000000    0.000000   -1.570796   -1.017608    0.000000       -2.035217        1.000000    0.000000   -0.000000    0.279037    6.384056
    0.009804    0.062546   -1.507091   -1.018302    0.000000       -2.036141        1.000000    0.000000    0.000012    0.279037    6.384056
    0.019608    0.124839   -1.443298   -1.020428    0.000000       -2.038966        1.000000    0.049094    0.000195    0.279037    6.384056
    0.029412    0.186623   -1.379324   -1.024123    0.000000       -2.043852        1.000000    0.122485    0.000983    0.279037    6.384056
    0.039216    0.247644   -1.315063   -1.029617    0.000000       -2.051064        1.000000    0.219872    0.003080    0.279037    6.384056
    0.049020    0.307644   -1.250394   -1.037245    0.000000       -2.060988        1.000000    0.340855    0.007438    0.279037    6.384056
    0.058824    0.366364   -1.185169   -1.047465    0.000000       -2.074150        1.000000    0.484930    0.015221    0.279037    6.384056
    0.068627    0.423540   -1.119208   -1.060891    0.000000       -2.091243        1.000000    0.651490    0.027760    0.279037    6.384056
    0.078431    0.478901   -1.052286   -1.078320    0.000000       -2.113161        1.000000    0.839821    0.046504    0.279037    6.384056
    0.088235    0.532168   -0.984122   -1.100775    0.000000       -2.141037        1.000000    1.049100    0.072966    0.279037    6.384056
    0.098039    0.583047   -0.914363   -1.129525    0.000000       -2.176260        1.000000    1.278387    0.108655    0.279037    6.384056
    0.107843    0.631222   -0.842569   -1.166062    0.000000       -2.220442        1.000000    1.526620    0.155015    0.279037    6.384056
    0.117647    0.676355   -0.768203   -1.211948    0.000000       -2.275237        1.000000    1.792601    0.213340    0.279037    6.384056
    0.127451    0.718070   -0.690639   -1.268361    0.000000       -2.341849        1.000000    2.074987    0.284698    0.279037    6.384056
    0.137255    0.755951   -0.609216   -1.335019    0.000000       -2.419874        1.000000    2.372270    0.369824    0.279037    6.384056
    0.147059    0.789540   -0.523388   -1.407978    0.000000       -2.504984        1.000000    2.682762    0.469006    0.279037    6.384056
    0.156863    0.818354   -0.433065   -1.475967    0.000000       -2.585125        1.000000    3.004585    0.581937    0.279037    6.384056
    0.166667    0.841929   -0.339198   -1.516333    0.000000       -2.636406        1.000000    3.335680    0.707575    0.279037    6.384056
    0.176471    0.859925   -0.244531   -1.495478    0.000000       -2.623774        1.000000    3.673852    0.844052    0.279037    6.384056
    0.186275    0.872273   -0.153954   -1.381803    0.000000       -2.514674        1.000000    4.016879    0.988762    0.279037    6.384056
    0.196078    0.879309   -0.073639   -1.169950    0.000000       -2.304124        1.000000    4.362673    1.138726    0.279037    6.384056
    0.205882    0.881799   -0.008868   -0.893335    0.000000       -2.027335        1.000000    4.709447    1.291157    0.279037    6.384056
    0.215686    0.880795    0.037966   -0.605739    0.000000       -1.740260        1.000000    5.055825    1.443926    0.279037    6.384056
    0.225490    0.877408    0.067658   -0.350919    0.000000       -1.488033        1.000000    5.400872    1.595710    0.279037    6.384056
    0.235294    0.872631    0.083014   -0.149159    0.000000       -1.291172        1.000000    5.744040    1.745847    0.279037    6.384056
    0.245098    0.867255    0.087477   -0.002099    0.000000       -1.150754        1.000000    6.085094    1.894114    0.279037    6.384056
    0.254902    0.861854    0.084265    0.097640    0.000000       -1.058532        1.000000    6.424025    2.040531    0.279037    6.384056
    0.264706    0.856823    0.076038    0.159773    0.000000       -1.003957        1.000000    6.760976    2.185250    0.279037    6.384056
    0.274510    0.852406    0.064861    0.193304    0.000000       -0.977379        1.000000    7.096191    2.328482    0.279037    6.384056
    0.284314    0.848739    0.052282    0.205634    0.000000       -0.970976        1.000000    7.429963    2.470471    0.279037    6.384056
    0.294118    0.845870    0.039440    0.202577    0.000000       -0.978719        1.000000    7.762607    2.611464    0.279037    6.384056
    0.303922    0.843791    0.027150    0.188656    0.000000       -0.996035        1.000000    8.094434    2.751706    0.279037    6.384056
    0.313725    0.842449    0.015977    0.167419    0.000000       -1.019446        1.000000    8.425733    2.891427    0.279037    6.384056
    0.323529    0.841760    0.006287    0.141688    0.000000       -1.046275        1.000000    8.756761    3.030838    0.279037    6.384056
    0.333333    0.841626   -0.001713    0.113742    0.000000       -1.074432        1.000000    9.087736    3.170125    0.279037    6.384056
    0.343137    0.841938   -0.007944    0.085432    0.000000       -1.102267        1.000000    9.418834    3.309442    0.279037    6.384056
    0.352941    0.842584   -0.012431    0.058248    0.000000       -1.128485        1.000000    9.750186    3.448916    0.279037    6.384056
    0.362745    0.843460   -0.015284    0.033362    0.000000       -1.152093        1.000000   10.081883    3.588639    0.279037    6.384056
    0.372549    0.844467   -0.016674    0.011641    0.000000       -1.172374        1.000000   10.413975    3.728671    0.279037    6.384056
    0.382353    0.845521   -0.016819   -0.006342    0.000000       -1.188878        1.000000   10.746482    3.869047    0.279037    6.384056
    0.392157    0.846551   -0.015964   -0.020299    0.000000       -1.201412        1.000000   11.079394    4.009772    0.279037    6.384056
    0.401961    0.847504   -0.014363   -0.030209    0.000000       -1.210023        1.000000   11.412681    4.150830    0.279037    6.384056
    0.411765    0.848339   -0.012263   -0.036284    0.000000       -1.214970        1.000000   11.746296    4.292191    0.279037    6.384056
    0.421569    0.849033   -0.009892   -0.038929    0.000000       -1.216683        1.000000   12.080184    4.433812    0.279037    6.384056
    0.431373    0.849575   -0.007450   -0.038686    0.000000       -1.215712        1.000000   12.414286    4.575642    0.279037    6.384056
    0.441176    0.849967   -0.005097   -0.036174    0.000000       -1.212674        1.000000   12.748541    4.717631    0.279037    6.384056
    0.450980    0.850218   -0.002956   -0.032034    0.000000       -1.208197        1.000000   13.082895    4.859729    0.279037    6.384056
    0.460784    0.850343   -0.001108   -0.026879    0.000000       -1.202873        1.000000   13.417299    5.001890    0.279037    6.384056
    0.470588    0.850364    0.000399   -0.021257    0.000000       -1.197225        1.000000   13.751710    5.144074    0.279037    6.384056
    0.480392    0.850301    0.001553   -0.015629    0.000000       -1.191682        1.000000   14.086097    5.286252    0.279037    6.384056
    0.490196    0.850177    0.002363   -0.010350    0.000000       -1.186573        1.000000   14.420435    5.428397    0.279037    6.384056
    0.500000    0.850012    0.002861   -0.005679    0.000000       -1.182129        1.000000   14.754708    5.570492    0.279037    6.384056
    0.509804    0.849824    0.003090   -0.001777    0.000000       -1.178486        1.000000   15.088907    5.712529    0.279037    6.384056
    0.519608    0.849629    0.003101    0.001275    0.000000       -1.175703        1.000000   15.423029    5.854501    0.279037    6.384056
    0.529412    0.849439    0.002949    0.003462    0.000000       -1.173780        1.000000   15.757077    5.996408    0.279037    6.384056
    0.539216    0.849262    0.002685    0.004820    0.000000       -1.172668        1.000000   16.091056    6.138254    0.279037    6.384056
    0.549020    0.849104    0.002361    0.005417    0.000000       -1.172291        1.000000   16.424972    6.280045    0.279037    6.384056
    0.558824    0.848967    0.002021    0.005341    0.000000       -1.172558        1.000000   16.758834    6.421786    0.279037    6.384056
    0.568627    0.848851    0.001705    0.004688    0.000000       -1.173373        1.000000   17.092650    6.563485    0.279037    6.384056
    0.578431    0.848753    0.001445    0.003548    0.000000       -1.174650        1.000000   17.426428    6.705148    0.279037    6.384056
    0.588235    0.848668    0.001269    0.001998    0.000000       -1.176317        1.000000   17.760173    6.846781    0.279037    6.384056
    0.598039    0.848592    0.001202    0.000095    0.000000       -1.178327        1.000000   18.093887    6.988387    0.279037    6.384056
    0.607843    0.848515    0.001264   -0.002132    0.000000       -1.180661        1.000000   18.427572    7.129968    0.279037    6.384056
    0.617647    0.848430    0.001475   -0.004688    0.000000       -1.183334        1.000000   18.761223    7.271522    0.279037    6.384056
    0.627451    0.848327    0.001858   -0.007615    0.000000       -1.186403        1.000000   19.094833    7.413045    0.279037    6.384056
    0.637255    0.848194    0.002438   -0.010996    0.000000       -1.189968        1.000000   19.428391    7.554529    0.279037    6.384056
    0.647059    0.848017    0.003247   -0.014964    0.000000       -1.194179        1.000000   19.761880    7.695961    0.279037    6.384056
    0.656863    0.847781    0.004327   -0.019706    0.000000       -1.199244        1.000000   20.095276    7.837325    0.279037    6.384056
    0.666667    0.847468    0.005735   -0.025471    0.000000       -1.205436        1.000000   20.428549    7.978597    0.279037    6.384056
    0.676471    0.847055    0.007544   -0.032575    0.000000       -1.213102        1.000000   20.761659    8.119747    0.279037    6.384056
    0.686275    0.846514    0.009849   -0.041417    0.000000       -1.222675        1.000000   21.094556    8.260737    0.279037    6.384056
    0.696078    0.845809    0.012774   -0.052483    0.000000       -1.234686        1.000000   21.427177    8.401517    0.279037    6.384056
    0.705882    0.844899    0.016477   -0.066356    0.000000       -1.249770        1.000000   21.759439    8.542024    0.279037    6.384056
    0.715686    0.843727    0.021154   -0.083726    0.000000       -1.268678        1.000000   22.091240    8.682176    0.279037    6.384056
    0.725490    0.842225    0.027047   -0.105378    0.000000       -1.292274        1.000000   22.422451    8.821872    0.279037    6.384056
    0.735294    0.840310    0.034452   -0.132187    0.000000       -1.321518        1.000000   22.752909    8.960979    0.279037    6.384056
    0.745098    0.837875    0.043721   -0.165074    0.000000       -1.357429        1.000000   23.082409    9.099332    0.279037    6.384056
    0.754902    0.834792    0.055261   -0.204944    0.000000       -1.401019        1.000000   23.410697    9.236716    0.279037    6.384056
    0.764706    0.830904    0.069537   -0.252584    0.000000       -1.453184        1.000000   23.737456    9.372865    0.279037    6.384056
    0.774510    0.826027    0.087053   -0.308532    0.000000       -1.514562        1.000000   24.062297    9.507440    0.279037    6.384056
    0.784314    0.819943    0.108335   -0.372917    0.000000       -1.585363        1.000000   24.384745    9.640021    0.279037    6.384056
    0.794118    0.812405    0.133901   -0.445301    0.000000       -1.665196        1.000000   24.704229    9.770089    0.279037    6.384056
    0.803922    0.803136    0.164221   -0.524575    0.000000       -1.752943        1.000000   25.020067    9.897020    0.279037    6.384056
    0.813725    0.791838    0.199673   -0.608942    0.000000       -1.846735        1.000000   25.331463   10.020072    0.279037    6.384056
    0.823529    0.778203    0.240504   -0.696033    0.000000       -1.944059        1.000000   25.637497   10.138396    0.279037    6.384056
    0.833333    0.761921    0.286801   -0.783148    0.000000       -2.042011        1.000000   25.937128   10.251047    0.279037    6.384056
    0.843137    0.742699    0.338480   -0.867588    0.000000       -2.137632        1.000000   26.229199   10.357027    0.279037    6.384056
    0.852941    0.720274    0.395298   -0.946975    0.000000       -2.228267        1.000000   26.512452   10.455331    0.279037    6.384056
    0.862745    0.694431    0.456877   -1.019506    0.000000       -2.311836        1.000000   26.785542   10.545018    0.279037    6.384056
    0.872549    0.665010    0.522750   -1.084065    0.000000       -2.386977        1.000000   27.047062   10.625287    0.279037    6.384056
    0.882353    0.631914    0.592401   -1.140208    0.000000       -2.453047        1.000000   27.295566   10.695553    0.279037    6.384056
    0.892157    0.595119    0.665305   -1.188050    0.000000       -2.510018        1.000000   27.529601   10.755513    0.279037    6.384056
    0.901961    0.554668    0.740956   -1.228108    0.000000       -2.558315        1.000000   27.747728   10.805193    0.279037    6.384056
    0.911765    0.510673    0.818890   -1.261136    0.000000       -2.598650        1.000000   27.948554   10.844963    0.279037    6.384056
    0.921569    0.463308    0.898693   -1.287990    0.000000       -2.631875        1.000000   28.130753   10.875531    0.279037    6.384056
    0.931373    0.412806    0.980007   -1.309530    0.000000       -2.658872        1.000000   28.293092   10.897900    0.279037    6.384056
    0.941176    0.359451    1.062523   -1.326555    0.000000       -2.680481        1.000000   28.434449   10.913299    0.279037    6.384056
    0.950980    0.303569    1.145982   -1.339772    0.000000       -2.697458        1.000000   28.553829   10.923097    0.279037    6.384056
    0.960784    0.245527    1.230165   -1.349778    0.000000       -2.710452        1.000000   28.650384   10.928699    0.279037    6.384056
    0.970588    0.185720    1.314887   -1.357058    0.000000       -2.719995        1.000000   28.723420   10.931440    0.279037    6.384056
    0.980392    0.124569    1.399990   -1.361987    0.000000       -2.726507        1.000000   28.772408   10.932482    0.279037    6.384056
    0.990196    0.062513    1.485334   -1.364834    0.000000       -2.730289        1.000000   28.796991   10.932726    0.279037    6.384056
    1.000000    0.000000    1.570796   -1.365764    0.000000       -2.731529        1.000000   28.796991   10.932742    0.279037    6.384056
