           t           r         psi          cs          qs               p             sig           A           V          Q2           S
    0.000000    0.000000   -1.570796   -0.990971    0.000000       -1.981941        1.000000    0.000000    0.000000    0.079624    5.524044
    0.009804    0.054131   -1.517127   -0.991024    0.000000       -1.982012        1.000000    0.000000    0.000007    0.079624    5.524044
    0.019608    0.108107   -1.463452   -0.991186    0.000000       -1.982228        1.000000    0.036787    0.000107    0.079624    5.524044
    0.029412    0.161771   -1.409765   -0.991467    0.000000       -1.982600        1.000000    0.091834    0.000538    0.079624    5.524044
    0.039216    0.214969   -1.356059   -0.991880    0.000000       -1.983144        1.000000    0.164984    0.001688    0.079624    5.524044
    0.049020    0.267547   -1.302327   -0.992448    0.000000       -1.983886        1.000000    0.256024    0.004087    0.079624    5.524044
    0.058824    0.319353   -1.248559   -0.993201    0.000000       -1.984860        1.000000    0.364694    0.008386    0.079624    5.524044
    0.068627    0.370236   -1.194745   -0.994178    0.000000       -1.986114        1.000000    0.490678    0.015346    0.079624    5.524044
    0.078431    0.420049   -1.140870   -0.995434    0.000000       -1.987707        1.000000    0.633612    0.025809    0.079624    5.524044
    0.088235    0.468646   -1.086919   -0.997043    0.000000       -1.989723        1.000000    0.793083    0.040679    0.079624    5.524044
    0.098039    0.515882   -1.032868   -0.999100    0.000000       -1.992269        1.000000    0.968628    0.060892    0.079624    5.524044
    0.107843    0.561617   -0.978691   -1.001739    0.000000       -1.995494        1.000000    1.159735    0.087390    0.079624    5.524044
    0.117647    0.605712   -0.924351   -1.005141    0.000000       -1.999595        1.000000    1.365847    0.121093    0.079624    5.524044
    0.127451    0.648032   -0.869801   -1.009558    0.000000       -2.004847        1.000000    1.586359    0.162869    0.079624    5.524044
    0.137255    0.688442   -0.814977   -1.015343    0.000000       -2.011630        1.000000    1.820622    0.213507    0.079624    5.524044
    0.147059    0.726809   -0.759791   -1.023001    0.000000       -2.020484        1.000000    2.067941    0.273694    0.079624    5.524044
    0.156863    0.763001   -0.704124   -1.033257    0.000000       -2.032179        1.000000    2.327575    0.343987    0.079624    5.524044
    0.166667    0.796883   -0.647809   -1.047174    0.000000       -2.047833        1.000000    2.598739    0.424791    0.079624    5.524044
    0.176471    0.828315   -0.590606   -1.066313    0.000000       -2.069076        1.000000    2.880598    0.516344    0.079624    5.524044
    0.186275    0.857147   -0.532176   -1.092961    0.000000       -2.098278        1.000000    3.172268    0.618694    0.079624    5.524044
    0.196078    0.883216   -0.472029   -1.130361    0.000000       -2.138776        1.000000    3.472809    0.731687    0.079624    5.524044
    0.205882    0.906328   -0.409473   -1.182664    0.000000       -2.194804        1.000000    3.781215    0.854945    0.079624    5.524044
    0.215686    0.926254   -0.343593   -1.253440    0.000000       -2.269954        1.000000    4.096401    0.987842    0.079624    5.524044
    0.225490    0.942715   -0.273422   -1.339237    0.000000       -2.360598        1.000000    4.417188    1.129462    0.079624    5.524044
    0.235294    0.955397   -0.198751   -1.411090    0.000000       -2.437170        1.000000    4.742291    1.278522    0.079624    5.524044
    0.245098    0.964045   -0.122272   -1.387794    0.000000       -2.417346        1.000000    5.070336    1.433297    0.079624    5.524044
    0.254902    0.968705   -0.052056   -1.168633    0.000000       -2.199540        1.000000    5.399967    1.591670    0.079624    5.524044
    0.264706    0.969988    0.001143   -0.780210    0.000000       -1.811150        1.000000    5.730035    1.751554    0.079624    5.524044
    0.274510    0.968982    0.032446   -0.388572    0.000000       -1.420039        1.000000    6.059761    1.911482    0.079624    5.524044
    0.284314    0.966809    0.045282   -0.106533    0.000000       -1.139804        1.000000    6.388747    2.070762    0.079624    5.524044
    0.294118    0.964295    0.046098    0.059538    0.000000       -0.976388        1.000000    6.716877    2.229213    0.079624    5.524044
    0.303922    0.961935    0.040330    0.142523    0.000000       -0.896203        1.000000    7.044205    2.386874    0.079624    5.524044
    0.313725    0.959981    0.031596    0.173348    0.000000       -0.867820        1.000000    7.370867    2.543873    0.079624    5.524044
    0.323529    0.958527    0.022112    0.173006    0.000000       -0.870007        1.000000    7.697035    2.700359    0.079624    5.524044
    0.333333    0.957576    0.013179    0.154700    0.000000       -0.889513        1.000000    8.022879    2.856487    0.079624    5.524044
    0.343137    0.957076    0.005527    0.126811    0.000000       -0.918022        1.000000    8.348553    3.012397    0.079624    5.524044
    0.352941    0.956947   -0.000485    0.094906    0.000000       -0.950084        1.000000    8.674184    3.168214    0.079624    5.524044
    0.362745    0.957097   -0.004751    0.062877    0.000000       -0.981938        1.000000    8.999865    3.324037    0.079624    5.524044
    0.372549    0.957432   -0.007345    0.033521    0.000000       -1.010912        1.000000    9.325660    3.479939    0.079624    5.524044
    0.382353    0.957866   -0.008466    0.008789    0.000000       -1.035161        1.000000    9.651603    3.635966    0.079624    5.524044
    0.392157    0.958327   -0.008402   -0.010143    0.000000       -1.053591        1.000000    9.977702    3.792141    0.079624    5.524044
    0.401961    0.958760   -0.007480   -0.022849    0.000000       -1.065834        1.000000   10.303950    3.948463    0.079624    5.524044
    0.411765    0.959128   -0.006035   -0.029604    0.000000       -1.072199        1.000000   10.630322    4.104918    0.079624    5.524044
    0.421569    0.959410   -0.004366   -0.031253    0.000000       -1.073551        1.000000   10.956790    4.261480    0.079624    5.524044
    0.431373    0.959601   -0.002720   -0.029013    0.000000       -1.071109        1.000000   11.283324    4.418122    0.079624    5.524044
    0.441176    0.959708   -0.001269   -0.024240    0.000000       -1.066223        1.000000   11.609893    4.574812    0.079624    5.524044
    0.450980    0.959744   -0.000116   -0.018218    0.000000       -1.060162        1.000000   11.936475    4.731525    0.079624    5.524044
    0.460784    0.959727    0.000701   -0.012006    0.000000       -1.053969        1.000000   12.263052    4.888241    0.079624    5.524044
    0.470588    0.959674    0.001195   -0.006371    0.000000       -1.048390        1.000000   12.589610    5.044945    0.079624    5.524044
    0.480392    0.959602    0.001410   -0.001774    0.000000       -1.043872        1.000000   12.916143    5.201628    0.079624    5.524044
    0.490196    0.959525    0.001409    0.001581    0.000000       -1.040600        1.000000   13.242651    5.358287    0.079624    5.524044
    0.500000    0.959452    0.001261    0.003695    0.000000       -1.038566        1.000000   13.569134    5.514921    0.079624    5.524044
    0.509804    0.959390    0.001029    0.004696    0.000000       -1.037632        1.000000   13.895595    5.671532    0.079624    5.524044
    0.519608    0.959341    0.000769    0.004791    0.000000       -1.037590        1.000000   14.222040    5.828126    0.079624    5.524044
    0.529412    0.959307    0.000522    0.004206    0.000000       -1.038213        1.000000   14.548474    5.984706    0.079624    5.524044
    0.539216    0.959284    0.000321    0.003156    0.000000       -1.039288        1.000000   14.874899    6.141277    0.079624    5.524044
    0.549020    0.959271    0.000186    0.001817    0.000000       -1.040642        1.000000   15.201320    6.297842    0.079624    5.524044
    0.558824    0.959263    0.000128    0.000307    0.000000       -1.042161        1.000000   15.527738    6.454403    0.079624    5.524044
    0.568627    0.959255    0.000155   -0.001319    0.000000       -1.043794        1.000000   15.854154    6.610962    0.079624    5.524044
    0.578431    0.959244    0.000273   -0.003078    0.000000       -1.045566        1.000000   16.180566    6.767519    0.079624    5.524044
    0.588235    0.959224    0.000492   -0.005067    0.000000       -1.047576        1.000000   16.506971    6.924070    0.079624    5.524044
    0.598039    0.959189    0.000829   -0.007465    0.000000       -1.050012        1.000000   16.833364    7.080613    0.079624    5.524044
    0.607843    0.959131    0.001313   -0.010548    0.000000       -1.053157        1.000000   17.159737    7.237140    0.079624    5.524044
    0.617647    0.959043    0.001991   -0.014708    0.000000       -1.057412        1.000000   17.486081    7.393644    0.079624    5.524044
    0.627451    0.958911    0.002935   -0.020482    0.000000       -1.063327        1.000000   17.812379    7.550112    0.079624    5.524044
    0.637255    0.958718    0.004251   -0.028588    0.000000       -1.071638        1.000000   18.138612    7.706527    0.079624    5.524044
    0.647059    0.958441    0.006091   -0.039977    0.000000       -1.083319        1.000000   18.464751    7.862865    0.079624    5.524044
    0.656863    0.958046    0.008663   -0.055878    0.000000       -1.099630        1.000000   18.790755    8.019093    0.079624    5.524044
    0.666667    0.957485    0.012252   -0.077819    0.000000       -1.122144        1.000000   19.116568    8.175161    0.079624    5.524044
    0.676471    0.956693    0.017233   -0.107603    0.000000       -1.152715        1.000000   19.442112    8.331004    0.079624    5.524044
    0.686275    0.955584    0.024083   -0.147163    0.000000       -1.193340        1.000000   19.767278    8.486523    0.079624    5.524044
    0.696078    0.954041    0.033381   -0.198245    0.000000       -1.245834        1.000000   20.091920    8.641584    0.079624    5.524044
    0.705882    0.951913    0.045784   -0.261887    0.000000       -1.311302        1.000000   20.415837    8.795998    0.079624    5.524044
    0.715686    0.949016    0.061970   -0.337776    0.000000       -1.389477        1.000000   20.738768    8.949501    0.079624    5.524044
    0.725490    0.945127    0.082553   -0.423720    0.000000       -1.478176        1.000000   21.060376    9.101741    0.079624    5.524044
    0.735294    0.939998    0.107973   -0.515610    0.000000       -1.573247        1.000000   21.380239    9.252251    0.079624    5.524044
    0.745098    0.933365    0.138411   -0.608092    0.000000       -1.669237        1.000000   21.697845    9.400442    0.079624    5.524044
    0.754902    0.924968    0.173751   -0.695796    0.000000       -1.760636        1.000000   22.012593    9.545600    0.079624    5.524044
    0.764706    0.914564    0.213613   -0.774547    0.000000       -1.843112        1.000000   22.323801    9.686901    0.079624    5.524044
    0.774510    0.901943    0.257441   -0.842024    0.000000       -1.914203        1.000000   22.630715    9.823441    0.079624    5.524044
    0.784314    0.886938    0.304603   -0.897712    0.000000       -1.973284        1.000000   22.932522    9.954283    0.079624    5.524044
    0.794118    0.869424    0.354478   -0.942400    0.000000       -2.021077        1.000000   23.228370   10.078502    0.079624    5.524044
    0.803922    0.849322    0.406507   -0.977571    0.000000       -2.059031        1.000000   23.517378   10.195236    0.079624    5.524044
    0.813725    0.826588    0.460222   -1.004914    0.000000       -2.088832        1.000000   23.798650   10.303729    0.079624    5.524044
    0.823529    0.801217    0.515242   -1.026031    0.000000       -2.112096        1.000000   24.071288   10.403363    0.079624    5.524044
    0.833333    0.773229    0.571268   -1.042298    0.000000       -2.130225        1.000000   24.334402   10.493692    0.079624    5.524044
    0.843137    0.742671    0.628071   -1.054835    0.000000       -2.144366        1.000000   24.587118   10.574450    0.079624    5.524044
    0.852941    0.709611    0.685471   -1.064519    0.000000       -2.155429        1.000000   24.828585   10.645568    0.079624    5.524044
    0.862745    0.674135    0.743334   -1.072026    0.000000       -2.164117        1.000000   25.057980   10.707166    0.079624    5.524044
    0.872549    0.636345    0.801557   -1.077868    0.000000       -2.170968        1.000000   25.274516   10.759550    0.079624    5.524044
    0.882353    0.596358    0.860060   -1.082433    0.000000       -2.176394        1.000000   25.477444   10.803197    0.079624    5.524044
    0.892157    0.554300    0.918783   -1.086014    0.000000       -2.180706        1.000000   25.666062   10.838733    0.079624    5.524044
    0.901961    0.510310    0.977678   -1.088830    0.000000       -2.184143        1.000000   25.839710   10.866905    0.079624    5.524044
    0.911765    0.464536    1.036708   -1.091048    0.000000       -2.186886        1.000000   25.997783   10.888557    0.079624    5.524044
    0.921569    0.417134    1.095846   -1.092797    0.000000       -2.189075        1.000000   26.139725   10.904593    0.079624    5.524044
    0.931373    0.368266    1.155067   -1.094171    0.000000       -2.190816        1.000000   26.265039   10.915944    0.079624    5.524044
    0.941176    0.318103    1.214355   -1.095244    0.000000       -2.192191        1.000000   26.373283   10.923534    0.079624    5.524044
    0.950980    0.266819    1.273694   -1.096073    0.000000       -2.193264        1.000000   26.464076   10.928243    0.079624    5.524044
    0.960784    0.214594    1.333072   -1.096700    0.000000       -2.194083        1.000000   26.537098   10.930880    0.079624    5.524044
    0.970588    0.161612    1.392479   -1.097157    0.000000       -2.194684        1.000000   26.592092   10.932148    0.079624    5.524044
    0.980392    0.108060    1.451907   -1.097468    0.000000       -2.195095        1.000000   26.628862   10.932624    0.079624    5.524044
    0.990196    0.054125    1.511349   -1.097648    0.000000       -2.195335        1.000000   26.647280   10.932735    0.079624    5.524044
    1.000000    0.000000    1.570796   -1.097707    0.000000       -2.195413        1.000000   26.647280   10.932742    0.079624    5.524044
