           t           r         psi          cs          qs               p             sig           A           V          Q2           S
    0.000000    0.000000   -1.570796   -0.997195    0.000000       -1.994389        1.000000    0.000000    0.000000    0.175887    5.136705
    0.009804    0.050339   -1.520575   -0.997377    0.000000       -1.994632        1.000000    0.000000    0.000005    0.175887    5.136705
    0.019608    0.100550   -1.470335   -0.997931    0.000000       -1.995369        1.000000    0.031816    0.000080    0.175887    5.136705
    0.029412    0.150508   -1.420057   -0.998882    0.000000       -1.996630        1.000000    0.079440    0.000405    0.175887    5.136705
    0.039216    0.200086   -1.369720   -1.000272    0.000000       -1.998463        1.000000    0.142751    0.001273    0.175887    5.136705
    0.049020    0.249157   -1.319301   -1.002159    0.000000       -2.000937        1.000000    0.221590    0.003086    0.175887    5.136705
    0.058824    0.297595   -1.268773   -1.004626    0.000000       -2.004146        1.000000    0.315755    0.006343    0.175887    5.136705
    0.068627    0.345276   -1.218104   -1.007778    0.000000       -2.008211        1.000000    0.425007    0.011630    0.175887    5.136705
    0.078431    0.392074   -1.167256   -1.011753    0.000000       -2.013290        1.000000    0.549067    0.019603    0.175887    5.136705
    0.088235    0.437864   -1.116184   -1.016728    0.000000       -2.019583        1.000000    0.687616    0.030975    0.175887    5.136705
    0.098039    0.482522   -1.064831   -1.022932    0.000000       -2.027346        1.000000    0.840296    0.046496    0.175887    5.136705
    0.107843    0.525922   -1.013129   -1.030657    0.000000       -2.036905        1.000000    1.006708    0.066937    0.175887    5.136705
    0.117647    0.567939   -0.960992   -1.040280    0.000000       -2.048674        1.000000    1.186416    0.093067    0.175887    5.136705
    0.127451    0.608445   -0.908313   -1.052285    0.000000       -2.063185        1.000000    1.378940    0.125634    0.175887    5.136705
    0.137255    0.647309   -0.854956   -1.067293    0.000000       -2.081108        1.000000    1.583762    0.165344    0.175887    5.136705
    0.147059    0.684397   -0.800752   -1.086093    0.000000       -2.103292        1.000000    1.800319    0.212844    0.175887    5.136705
    0.156863    0.719566   -0.745485   -1.109668    0.000000       -2.130783        1.000000    2.028004    0.268695    0.175887    5.136705
    0.166667    0.752666   -0.688886   -1.139198    0.000000       -2.164826        1.000000    2.266163    0.333356    0.175887    5.136705
    0.176471    0.783534   -0.630623   -1.175994    0.000000       -2.206786        1.000000    2.514089    0.407158    0.175887    5.136705
    0.186275    0.811992   -0.570298   -1.221250    0.000000       -2.257886        1.000000    2.771020    0.490284    0.175887    5.136705
    0.196078    0.837841   -0.507468   -1.275419    0.000000       -2.318549        1.000000    3.036130    0.582735    0.175887    5.136705
    0.205882    0.860862   -0.441714   -1.336840    0.000000       -2.386974        1.000000    3.308524    0.684302    0.175887    5.136705
    0.215686    0.880817   -0.372802   -1.399169    0.000000       -2.456494        1.000000    3.587232    0.794520    0.175887    5.136705
    0.225490    0.897471   -0.301015   -1.447677    0.000000       -2.511818        1.000000    3.871210    0.912620    0.175887    5.136705
    0.235294    0.910627   -0.227652   -1.456633    0.000000       -2.526444        1.000000    4.159351    1.037496    0.175887    5.136705
    0.245098    0.920201   -0.155511   -1.394008    0.000000       -2.467613        1.000000    4.450522    1.167715    0.175887    5.136705
    0.254902    0.926305   -0.088816   -1.239158    0.000000       -2.314461        1.000000    4.743623    1.301635    0.175887    5.136705
    0.264706    0.929297   -0.032076   -1.003728    0.000000       -2.079257        1.000000    5.037671    1.437636    0.175887    5.136705
    0.274510    0.929753    0.011650   -0.730971    0.000000       -1.806452        1.000000    5.331864    1.574370    0.175887    5.136705
    0.284314    0.928353    0.041753   -0.469809    0.000000       -1.546046        1.000000    5.625614    1.710906    0.175887    5.136705
    0.294118    0.925754    0.059699   -0.251365    0.000000       -1.329642        1.000000    5.918541    1.846716    0.175887    5.136705
    0.303922    0.922507    0.067957   -0.085269    0.000000       -1.166770        1.000000    6.210441    1.981558    0.175887    5.136705
    0.313725    0.919033    0.069105    0.032233    0.000000       -1.053270        1.000000    6.501242    2.115374    0.175887    5.136705
    0.323529    0.915633    0.065378    0.109949    0.000000       -0.979858        1.000000    6.790967    2.248199    0.175887    5.136705
    0.333333    0.912505    0.058544    0.157086    0.000000       -0.936921        1.000000    7.079702    2.380124    0.175887    5.136705
    0.343137    0.909770    0.049937    0.181476    0.000000       -0.916333        1.000000    7.367571    2.511261    0.175887    5.136705
    0.352941    0.907490    0.040543    0.189266    0.000000       -0.911768        1.000000    7.654720    2.641735    0.175887    5.136705
    0.362745    0.905688    0.031074    0.185137    0.000000       -0.918463        1.000000    7.941298    2.771673    0.175887    5.136705
    0.372549    0.904354    0.022037    0.172636    0.000000       -0.932857        1.000000    8.227454    2.901201    0.175887    5.136705
    0.382353    0.903456    0.013781    0.154485    0.000000       -0.952271        1.000000    8.513326    3.030434    0.175887    5.136705
    0.392157    0.902949    0.006536    0.132802    0.000000       -0.974657        1.000000    8.799037    3.159483    0.175887    5.136705
    0.401961    0.902778    0.000436    0.109275    0.000000       -0.998417        1.000000    9.084695    3.288441    0.175887    5.136705
    0.411765    0.902885   -0.004462    0.085264    0.000000       -1.022286        1.000000    9.370386    3.417393    0.175887    5.136705
    0.421569    0.903208   -0.008162    0.061870    0.000000       -1.045258        1.000000    9.656179    3.546405    0.175887    5.136705
    0.431373    0.903688   -0.010719    0.039978    0.000000       -1.066535        1.000000    9.942124    3.675530    0.175887    5.136705
    0.441176    0.904270   -0.012226    0.020270    0.000000       -1.085512        1.000000   10.228253    3.804805    0.175887    5.136705
    0.450980    0.904904   -0.012806    0.003236    0.000000       -1.101763        1.000000   10.514583    3.934254    0.175887    5.136705
    0.460784    0.905546   -0.012602   -0.010821    0.000000       -1.115039        1.000000   10.801116    4.063886    0.175887    5.136705
    0.470588    0.906162   -0.011768   -0.021785    0.000000       -1.125264        1.000000   11.087844    4.193700    0.175887    5.136705
    0.480392    0.906723   -0.010459   -0.029711    0.000000       -1.132522        1.000000   11.374750    4.323685    0.175887    5.136705
    0.490196    0.907210   -0.008823   -0.034811    0.000000       -1.137048        1.000000   11.661810    4.453823    0.175887    5.136705
    0.500000    0.907609   -0.006994   -0.037424    0.000000       -1.139194        1.000000   11.948996    4.584090    0.175887    5.136705
    0.509804    0.907913   -0.005088   -0.037990    0.000000       -1.139402        1.000000   12.236278    4.714460    0.175887    5.136705
    0.519608    0.908122   -0.003194   -0.037004    0.000000       -1.138172        1.000000   12.523626    4.844905    0.175887    5.136705
    0.529412    0.908236   -0.001378   -0.034991    0.000000       -1.136025        1.000000   12.811010    4.975397    0.175887    5.136705
    0.539216    0.908262    0.000322   -0.032474    0.000000       -1.133477        1.000000   13.098403    5.105909    0.175887    5.136705
    0.549020    0.908206    0.001893   -0.029950    0.000000       -1.131020        1.000000   13.385778    5.236417    0.175887    5.136705
    0.558824    0.908074    0.003346   -0.027878    0.000000       -1.129104        1.000000   13.673111    5.366897    0.175887    5.136705
    0.568627    0.907871    0.004715   -0.026676    0.000000       -1.128143        1.000000   13.960379    5.497328    0.175887    5.136705
    0.578431    0.907599    0.006054   -0.026723    0.000000       -1.128510        1.000000   14.247562    5.627690    0.175887    5.136705
    0.588235    0.907260    0.007433   -0.028367    0.000000       -1.130557        1.000000   14.534638    5.757963    0.175887    5.136705
    0.598039    0.906849    0.008943   -0.031946    0.000000       -1.134622        1.000000   14.821583    5.888128    0.175887    5.136705
    0.607843    0.906355    0.010689   -0.037797    0.000000       -1.141054        1.000000   15.108372    6.018161    0.175887    5.136705
    0.617647    0.905766    0.012794   -0.046280    0.000000       -1.150228        1.000000   15.394975    6.148037    0.175887    5.136705
    0.627451    0.905058    0.015401   -0.057793    0.000000       -1.162563        1.000000   15.681354    6.277723    0.175887    5.136705
    0.637255    0.904204    0.018673   -0.072780    0.000000       -1.178533        1.000000   15.967462    6.407181    0.175887    5.136705
    0.647059    0.903163    0.022798   -0.091743    0.000000       -1.198674        1.000000   16.253241    6.536359    0.175887    5.136705
    0.656863    0.901890    0.027990   -0.115226    0.000000       -1.223575        1.000000   16.538618    6.665195    0.175887    5.136705
    0.666667    0.900323    0.034489   -0.143801    0.000000       -1.253853        1.000000   16.823498    6.793606    0.175887    5.136705
    0.676471    0.898390    0.042568   -0.178015    0.000000       -1.290108        1.000000   17.107767    6.921488    0.175887    5.136705
    0.686275    0.896005    0.052521   -0.218331    0.000000       -1.332857        1.000000   17.391281    7.048710    0.175887    5.136705
    0.696078    0.893066    0.064666   -0.265037    0.000000       -1.382434        1.000000   17.673865    7.175106    0.175887    5.136705
    0.705882    0.889455    0.079323   -0.318142    0.000000       -1.438891        1.000000   17.955307    7.300473    0.175887    5.136705
    0.715686    0.885038    0.096810   -0.377282    0.000000       -1.501887        1.000000   18.235351    7.424556    0.175887    5.136705
    0.725490    0.879668    0.117411   -0.441654    0.000000       -1.570620        1.000000   18.513696    7.547050    0.175887    5.136705
    0.735294    0.873185    0.141360   -0.510001    0.000000       -1.643811        1.000000   18.789989    7.667589    0.175887    5.136705
    0.745098    0.865421    0.168818   -0.580687    0.000000       -1.719767        1.000000   19.063826    7.785746    0.175887    5.136705
    0.754902    0.856205    0.199855   -0.651834    0.000000       -1.796530        1.000000   19.334746    7.901032    0.175887    5.136705
    0.764706    0.845370    0.234446   -0.721527    0.000000       -1.872080        1.000000   19.602239    8.012903    0.175887    5.136705
    0.774510    0.832757    0.272473   -0.788020    0.000000       -1.944550        1.000000   19.865740    8.120775    0.175887    5.136705
    0.784314    0.818220    0.313737   -0.849901    0.000000       -2.012408        1.000000   20.124641    8.224035    0.175887    5.136705
    0.794118    0.801635    0.357981   -0.906197    0.000000       -2.074567        1.000000   20.378295    8.322070    0.175887    5.136705
    0.803922    0.782899    0.404906   -0.956387    0.000000       -2.130407        1.000000   20.626020    8.414292    0.175887    5.136705
    0.813725    0.761937    0.454203   -1.000361    0.000000       -2.179738        1.000000   20.867112    8.500164    0.175887    5.136705
    0.823529    0.738697    0.505562   -1.038326    0.000000       -2.222713        1.000000   21.100851    8.579227    0.175887    5.136705
    0.833333    0.713155    0.558689   -1.070709    0.000000       -2.259723        1.000000   21.326507    8.651127    0.175887    5.136705
    0.843137    0.685312    0.613319   -1.098064    0.000000       -2.291305        1.000000   21.543354    8.715631    0.175887    5.136705
    0.852941    0.655194    0.669212   -1.120993    0.000000       -2.318060        1.000000   21.750671    8.772641    0.175887    5.136705
    0.862745    0.622848    0.726161   -1.140097    0.000000       -2.340597        1.000000   21.947753    8.822206    0.175887    5.136705
    0.872549    0.588342    0.783987   -1.155937    0.000000       -2.359496        1.000000   22.133916    8.864514    0.175887    5.136705
    0.882353    0.551761    0.842540   -1.169020    0.000000       -2.375284        1.000000   22.308504    8.899894    0.175887    5.136705
    0.892157    0.513208    0.901692   -1.179788    0.000000       -2.388429        1.000000   22.470893    8.928799    0.175887    5.136705
    0.901961    0.472800    0.961335   -1.188621    0.000000       -2.399335        1.000000   22.620497    8.951791    0.175887    5.136705
    0.911765    0.430667    1.021382   -1.195837    0.000000       -2.408346        1.000000   22.756769    8.969515    0.175887    5.136705
    0.921569    0.386952    1.081757   -1.201705    0.000000       -2.415752        1.000000   22.879208    8.982680    0.175887    5.136705
    0.931373    0.341806    1.142399   -1.206443    0.000000       -2.421794        1.000000   22.987362    8.992021    0.175887    5.136705
    0.941176    0.295389    1.203254   -1.210230    0.000000       -2.426671        1.000000   23.080829    8.998281    0.175887    5.136705
    0.950980    0.247870    1.264279   -1.213212    0.000000       -2.430545        1.000000   23.159260    9.002172    0.175887    5.136705
    0.960784    0.199423    1.325437   -1.215503    0.000000       -2.433546        1.000000   23.222362    9.004355    0.175887    5.136705
    0.970588    0.150227    1.386694   -1.217196    0.000000       -2.435776        1.000000   23.269897    9.005406    0.175887    5.136705
    0.980392    0.100467    1.448023   -1.218356    0.000000       -2.437315        1.000000   23.301686    9.005801    0.175887    5.136705
    0.990196    0.050328    1.509399   -1.219033    0.000000       -2.438215        1.000000   23.317611    9.005893    0.175887    5.136705
    1.000000    0.000000    1.570796   -1.219256    0.000000       -2.438512        1.000000   23.317611    9.005899    0.175887    5.136705
