           t           r         psi          cs          qs               p             sig           A           V          Q2           S
    0.000000   -0.000000   -1.570796   -2.499292    0.000000       -4.998585        1.000000    0.000000    0.000000    0.928619   40.638024
    0.009804    0.298981   -0.213042   -3.435000    0.000000       -6.704079        1.000000    0.000000    0.037605    0.928619   40.638024
    0.019608    0.263887    0.093050    0.760495    0.000000       -3.012612        1.000000    0.660587    0.142109    0.928619   40.638024
    0.029412    0.266000   -0.032326   -0.145387    0.000000       -3.902818        1.000000    1.326465    0.227185    0.928619   40.638024
    0.039216    0.267966    0.008646    0.011466    0.000000       -3.720210        1.000000    1.997264    0.317365    0.928619   40.638024
    0.049020    0.266865   -0.001846    0.005199    0.000000       -3.742010        1.000000    2.665305    0.406606    0.928619   40.638024
    0.058824    0.267263    0.000255   -0.003449    0.000000       -3.745083        1.000000    3.334344    0.495935    0.928619   40.638024
    0.068627    0.267150    0.000014    0.001311    0.000000       -3.741907        1.000000    4.003099    0.585293    0.928619   40.638024
    0.078431    0.267176   -0.000026   -0.000386    0.000000       -3.743244        1.000000    4.671918    0.674631    0.928619   40.638024
    0.088235    0.267171    0.000012    0.000092    0.000000       -3.742824        1.000000    5.340728    0.763976    0.928619   40.638024
    0.098039    0.267172   -0.000004   -0.000016    0.000000       -3.742930        1.000000    6.009537    0.853319    0.928619   40.638024
    0.107843    0.267172    0.000001    0.000001    0.000000       -3.742909        1.000000    6.678347    0.942663    0.928619   40.638024
    0.117647    0.267172   -0.000000    0.000001    0.000000       -3.742912        1.000000    7.347157    1.032006    0.928619   40.638024
    0.127451    0.267172    0.000000   -0.000000    0.000000       -3.742912        1.000000    8.015967    1.121350    0.928619   40.638024
    0.137255    0.267172    0.000000    0.000000    0.000000       -3.742912        1.000000    8.684777    1.210694    0.928619   40.638024
    0.147059    0.267172   -0.000000   -0.000000    0.000000       -3.742912        1.000000    9.353587    1.300037    0.928619   40.638024
    0.156863    0.267172    0.000000    0.000000    0.000000       -3.742912        1.000000   10.022397    1.389381    0.928619   40.638024
    0.166667    0.267172   -0.000000   -0.000000    0.000000       -3.742912        1.000000   10.691207    1.478724    0.928619   40.638024
    0.176471    0.267172    0.000000    0.000000    0.000000       -3.742912        1.000000   11.360017    1.568068    0.928619   40.638024
    0.186275    0.267172   -0.000000    0.000000    0.000000       -3.742912        1.000000   12.028827    1.657411    0.928619   40.638024
    0.196078    0.267172    0.000000   -0.000000    0.000000       -3.742912        1.000000   12.697636    1.746755    0.928619   40.638024
    0.205882    0.267172    0.000000    0.000000    0.000000       -3.742912        1.000000   13.366446    1.836098    0.928619   40.638024
    0.215686    0.267172   -0.000000   -0.000000    0.000000       -3.742912        1.000000   14.035256    1.925442    0.928619   40.638024
    0.225490    0.267172    0.000000    0.000000    0.000000       -3.742912        1.000000   14.704066    2.014785    0.928619   40.638024
    0.235294    0.267172   -0.000000   -0.000000    0.000000       -3.742912        1.000000   15.372876    2.104129    0.928619   40.638024
    0.245098    0.267172    0.000000   -0.000000    0.000000       -3.742912        1.000000   16.041686    2.193472    0.928619   40.638024
    0.254902    0.267172   -0.000000    0.000000    0.000000       -3.742912        1.000000   16.710496    2.282816    0.928619   40.638024
    0.264706    0.267172   -0.000000   -0.000000    0.000000       -3.742912        1.000000   17.379306    2.372159    0.928619   40.638024
    0.274510    0.267172   -0.000000    0.000000    0.000000       -3.742912        1.000000   18.048116    2.461503    0.928619   40.638024
    0.284314    0.267172   -0.000000   -0.000000    0.000000       -3.742912        1.000000   18.716926    2.550847    0.928619   40.638024
    0.294118    0.267172   -0.000000   -0.000000    0.000000       -3.742912        1.000000   19.385736    2.640190    0.928619   40.638024
    0.303922    0.267172   -0.000000   -0.000000    0.000000       -3.742912        1.000000   20.054545    2.729534    0.928619   40.638024
    0.313725    0.267172   -0.000000    0.000000    0.000000       -3.742912        1.000000   20.723355    2.818877    0.928619   40.638024
    0.323529    0.267172   -0.000000   -0.000000    0.000000       -3.742912        1.000000   21.392165    2.908221    0.928619   40.638024
    0.333333    0.267172   -0.000000    0.000000    0.000000       -3.742912        1.000000   22.060975    2.997564    0.928619   40.638024
    0.343137    0.267172   -0.000000   -0.000000    0.000000       -3.742912        1.000000   22.729785    3.086908    0.928619   40.638024
    0.352941    0.267172   -0.000000    0.000000    0.000000       -3.742912        1.000000   23.398595    3.176251    0.928619   40.638024
    0.362745    0.267172   -0.000000   -0.000000    0.000000       -3.742912        1.000000   24.067405    3.265595    0.928619   40.638024
    0.372549    0.267172   -0.000000    0.000000    0.000000       -3.742912        1.000000   24.736215    3.354938    0.928619   40.638024
    0.382353    0.267172   -0.000000   -0.000000    0.000000       -3.742912        1.000000   25.405025    3.444282    0.928619   40.638024
    0.392157    0.267172    0.000000   -0.000000    0.000000       -3.742912        1.000000   26.073835    3.533625    0.928619   40.638024
    0.401961    0.267172   -0.000000    0.000000    0.000000       -3.742912        1.000000   26.742645    3.622969    0.928619   40.638024
    0.411765    0.267172   -0.000000   -0.000000    0.000000       -3.742912        1.000000   27.411454    3.712312    0.928619   40.638024
    0.421569    0.267172    0.000000   -0.000000    0.000000       -3.742912        1.000000   28.080264    3.801656    0.928619   40.638024
    0.431373    0.267172   -0.000000    0.000000    0.000000       -3.742912        1.000000   28.749074    3.891000    0.928619   40.638024
    0.441176    0.267172   -0.000000   -0.000000    0.000000       -3.742912        1.000000   29.417884    3.980343    0.928619   40.638024
    0.450980    0.267172   -0.000000    0.000000    0.000000       -3.742912        1.000000   30.086694    4.069687    0.928619   40.638024
    0.460784    0.267172   -0.000000   -0.000000    0.000000       -3.742912        1.000000   30.755504    4.159030    0.928619   40.638024
    0.470588    0.267172    0.000000   -0.000000    0.000000       -3.742912        1.000000   31.424314    4.248374    0.928619   40.638024
    0.480392    0.267172   -0.000000    0.000000    0.000000       -3.742912        1.000000   32.093124    4.337717    0.928619   40.638024
    0.490196    0.267172   -0.000000   -0.000000    0.000000       -3.742912        1.000000   32.761934    4.427061    0.928619   40.638024
    0.500000    0.267172   -0.000000   -0.000000    0.000000       -3.742912        1.000000   33.430744    4.516404    0.928619   40.638024
    0.509804    0.267172    0.000000    0.000000    0.000000       -3.742912        1.000000   34.099554    4.605748    0.928619   40.638024
    0.519608    0.267172   -0.000000   -0.000000    0.000000       -3.742912        1.000000   34.768363    4.695091    0.928619   40.638024
    0.529412    0.267172    0.000000   -0.000000    0.000000       -3.742912        1.000000   35.437173    4.784435    0.928619   40.638024
    0.539216    0.267172    0.000000    0.000000    0.000000       -3.742912        1.000000   36.105983    4.873778    0.928619   40.638024
    0.549020    0.267172   -0.000000    0.000000    0.000000       -3.742912        1.000000   36.774793    4.963122    0.928619   40.638024
    0.558824    0.267172   -0.000000   -0.000000    0.000000       -3.742912        1.000000   37.443603    5.052465    0.928619   40.638024
    0.568627    0.267172   -0.000000    0.000000    0.000000       -3.742912        1.000000   38.112413    5.141809    0.928619   40.638024
    0.578431    0.267172   -0.000000   -0.000000    0.000000       -3.742912        1.000000   38.781223    5.231152    0.928619   40.638024
    0.588235    0.267172    0.000000   -0.000000    0.000000       -3.742912        1.000000   39.450033    5.320496    0.928619   40.638024
    0.598039    0.267172   -0.000000    0.000000    0.000000       -3.742912        1.000000   40.118843    5.409840    0.928619   40.638024
    0.607843    0.267172   -0.000000   -0.000000    0.000000       -3.742912        1.000000   40.787653    5.499183    0.928619   40.638024
    0.617647    0.267172    0.000000    0.000000    0.000000       -3.742912        1.000000   41.456463    5.588527    0.928619   40.638024
    0.627451    0.267172   -0.000000   -0.000000    0.000000       -3.742912        1.000000   42.125273    5.677870    0.928619   40.638024
    0.637255    0.267172   -0.000000    0.000000    0.000000       -3.742912        1.000000   42.794082    5.767214    0.928619   40.638024
    0.647059    0.267172   -0.000000   -0.000000    0.000000       -3.742912        1.000000   43.462892    5.856557    0.928619   40.638024
    0.656863    0.267172    0.000000    0.000000    0.000000       -3.742912        1.000000   44.131702    5.945901    0.928619   40.638024
    0.666667    0.267172   -0.000000   -0.000000    0.000000       -3.742912        1.000000   44.800512    6.035244    0.928619   40.638024
    0.676471    0.267172   -0.000000    0.000000    0.000000       -3.742912        1.000000   45.469322    6.124588    0.928619   40.638024
    0.686275    0.267172   -0.000000   -0.000000    0.000000       -3.742912        1.000000   46.138132    6.213931    0.928619   40.638024
    0.696078    0.267172    0.000000    0.000000    0.000000       -3.742912        1.000000   46.806942    6.303275    0.928619   40.638024
    0.705882    0.267172   -0.000000   -0.000000    0.000000       -3.742912        1.000000   47.475752    6.392618    0.928619   40.638024
    0.715686    0.267172    0.000000   -0.000000    0.000000       -3.742912        1.000000   48.144562    6.481962    0.928619   40.638024
    0.725490    0.267172   -0.000000    0.000000    0.000000       -3.742912        1.000000   48.813372    6.571305    0.928619   40.638024
    0.735294    0.267172   -0.000000   -0.000000    0.000000       -3.742912        1.000000   49.482182    6.660649    0.928619   40.638024
    0.745098    0.267172    0.000000    0.000000    0.000000       -3.742912        1.000000   50.150991    6.749993    0.928619   40.638024
    0.754902    0.267172   -0.000000   -0.000000    0.000000       -3.742912        1.000000   50.819801    6.839336    0.928619   40.638024
    0.764706    0.267172    0.000000    0.000000    0.000000       -3.742912        1.000000   51.488611    6.928680    0.928619   40.638024
    0.774510    0.267172   -0.000000   -0.000000    0.000000       -3.742912        1.000000   52.157421    7.018023    0.928619   40.638024
    0.784314    0.267172   -0.000000   -0.000000    0.000000       -3.742912        1.000000   52.826231    7.107367    0.928619   40.638024
    0.794118    0.267172    0.000000    0.000000    0.000000       -3.742912        1.000000   53.495041    7.196710    0.928619   40.638024
    0.803922    0.267172    0.000000   -0.000000    0.000000       -3.742912        1.000000   54.163851    7.286054    0.928619   40.638024
    0.813725    0.267172   -0.000000    0.000000    0.000000       -3.742912        1.000000   54.832661    7.375397    0.928619   40.638024
    0.823529    0.267172   -0.000000   -0.000000    0.000000       -3.742912        1.000000   55.501471    7.464741    0.928619   40.638024
    0.833333    0.267172    0.000000    0.000000    0.000000       -3.742912        1.000000   56.170281    7.554084    0.928619   40.638024
    0.843137    0.267172   -0.000000   -0.000000    0.000000       -3.742912        1.000000   56.839091    7.643428    0.928619   40.638024
    0.852941    0.267172    0.000000   -0.000000    0.000000       -3.742912        1.000000   57.507900    7.732771    0.928619   40.638024
    0.862745    0.267172    0.000000   -0.000000    0.000000       -3.742912        1.000000   58.176710    7.822115    0.928619   40.638024
    0.872549    0.267172    0.000000   -0.000000    0.000000       -3.742912        1.000000   58.845520    7.911458    0.928619   40.638024
    0.882353    0.267172    0.000000   -0.000000    0.000000       -3.742912        1.000000   59.514330    8.000802    0.928619   40.638024
    0.892157    0.267172    0.000000   -0.000000    0.000000       -3.742912        1.000000   60.183140    8.090146    0.928619   40.638024
    0.901961    0.267172    0.000000   -0.000000    0.000000       -3.742912        1.000000   60.851950    8.179489    0.928619   40.638024
    0.911765    0.267172    0.000000   -0.000000    0.000000       -3.742912        1.000000   61.520760    8.268833    0.928619   40.638024
    0.921569    0.267172    0.000000   -0.000000    0.000000       -3.742912        1.000000   62.189570    8.358176    0.928619   40.638024
    0.931373    0.267172    0.000000   -0.000000    0.000000       -3.742912        1.000000   62.858380    8.447520    0.928619   40.638024
    0.941176    0.267172    0.000000   -0.000003    0.000000       -3.742916        1.000000   63.527189    8.536863    0.928619   40.638024
    0.950980    0.267171    0.000006   -0.000042    0.000000       -3.742968        1.000000   64.195997    8.626206    0.928619   40.638024
    0.960784    0.267158    0.000085   -0.000553    0.000000       -3.743650        1.000000   64.864774    8.715547    0.928619   40.638024
    0.970588    0.266998    0.001126   -0.007282    0.000000       -3.752630        1.000000   65.533148    8.804849    0.928619   40.638024
    0.980392    0.264883    0.014790   -0.095454    0.000000       -3.870291        1.000000   66.196229    8.893643    0.928619   40.638024
    0.990196    0.237563    0.188605   -1.176384    0.000000       -5.311142        1.000000   66.790921    8.975768    0.928619   40.638024
    1.000000    0.000000    1.570796   -5.600353    0.000000      -11.200707        1.000000   66.790921    9.005899    0.928619   40.638024
