           t           r         psi          cs          qs               p             sig           A           V          Q2           S
    0.000000    0.000000   -1.570796   -2.336869    0.000000       -4.673737        1.000000    0.000000    0.000000    0.917616   35.796291
    0.009804    0.294929   -0.483339   -3.791288    0.000000       -6.793533        1.000000    0.000000    0.024800    0.917616   35.796291
    0.019608    0.304180    0.170369    0.163311    0.000000       -3.076625        1.000000    0.670730    0.134559    0.917616   35.796291
    0.029412    0.277869   -0.021427    0.315368    0.000000       -3.282622        1.000000    1.283444    0.223611    0.917616   35.796291
    0.039216    0.288599   -0.012340   -0.152917    0.000000       -3.617664        1.000000    1.919819    0.312336    0.917616   35.796291
    0.049020    0.287443    0.007547    0.025294    0.000000       -3.453562        1.000000    2.553644    0.404153    0.917616   35.796291
    0.058824    0.286664   -0.001668    0.007576    0.000000       -3.480823        1.000000    3.185751    0.494817    0.917616   35.796291
    0.068627    0.287125   -0.000208   -0.006142    0.000000       -3.488948        1.000000    3.818875    0.585597    0.917616   35.796291
    0.078431    0.287027    0.000284    0.001639    0.000000       -3.482354        1.000000    4.451782    0.676467    0.917616   35.796291
    0.088235    0.287013   -0.000093    0.000051    0.000000       -3.484114        1.000000    5.084659    0.767286    0.917616   35.796291
    0.098039    0.287030    0.000005   -0.000216    0.000000       -3.484169        1.000000    5.717574    0.858115    0.917616   35.796291
    0.107843    0.287025    0.000009    0.000083    0.000000       -3.483938        1.000000    6.350477    0.948947    0.917616   35.796291
    0.117647    0.287025   -0.000004   -0.000009    0.000000       -3.484027        1.000000    6.983380    1.039776    0.917616   35.796291
    0.127451    0.287025    0.000001   -0.000006    0.000000       -3.484017        1.000000    7.616284    1.130606    0.917616   35.796291
    0.137255    0.287025    0.000000    0.000004    0.000000       -3.484011        1.000000    8.249188    1.221435    0.917616   35.796291
    0.147059    0.287025   -0.000000   -0.000001    0.000000       -3.484015        1.000000    8.882092    1.312265    0.917616   35.796291
    0.156863    0.287025    0.000000   -0.000000    0.000000       -3.484014        1.000000    9.514996    1.403095    0.917616   35.796291
    0.166667    0.287025    0.000000    0.000000    0.000000       -3.484014        1.000000   10.147900    1.493925    0.917616   35.796291
    0.176471    0.287025   -0.000000   -0.000000    0.000000       -3.484014        1.000000   10.780805    1.584754    0.917616   35.796291
    0.186275    0.287025    0.000000    0.000000    0.000000       -3.484014        1.000000   11.413709    1.675584    0.917616   35.796291
    0.196078    0.287025   -0.000000    0.000000    0.000000       -3.484014        1.000000   12.046613    1.766414    0.917616   35.796291
    0.205882    0.287025   -0.000000   -0.000000    0.000000       -3.484014        1.000000   12.679517    1.857243    0.917616   35.796291
    0.215686    0.287025    0.000000    0.000000    0.000000       -3.484014        1.000000   13.312421    1.948073    0.917616   35.796291
    0.225490    0.287025   -0.000000    0.000000    0.000000       -3.484014        1.000000   13.945325    2.038903    0.917616   35.796291
    0.235294    0.287025   -0.000000   -0.000000    0.000000       -3.484014        1.000000   14.578229    2.129733    0.917616   35.796291
    0.245098    0.287025    0.000000    0.000000    0.000000       -3.484014        1.000000   15.211133    2.220562    0.917616   35.796291
    0.254902    0.287025   -0.000000    0.000000    0.000000       -3.484014        1.000000   15.844037    2.311392    0.917616   35.796291
    0.264706    0.287025    0.000000   -0.000000    0.000000       -3.484014        1.000000   16.476941    2.402222    0.917616   35.796291
    0.274510    0.287025    0.000000    0.000000    0.000000       -3.484014        1.000000   17.109845    2.493052    0.917616   35.796291
    0.284314    0.287025   -0.000000   -0.000000    0.000000       -3.484014        1.000000   17.742749    2.583881    0.917616   35.796291
    0.294118    0.287025    0.000000   -0.000000    0.000000       -3.484014        1.000000   18.375653    2.674711    0.917616   35.796291
    0.303922    0.287025    0.000000    0.000000    0.000000       -3.484014        1.000000   19.008557    2.765541    0.917616   35.796291
    0.313725    0.287025    0.000000   -0.000000    0.000000       -3.484014        1.000000   19.641461    2.856370    0.917616   35.796291
    0.323529    0.287025    0.000000   -0.000000    0.000000       -3.484014        1.000000   20.274365    2.947200    0.917616   35.796291
    0.333333    0.287025    0.000000   -0.000000    0.000000       -3.484014        1.000000   20.907269    3.038030    0.917616   35.796291
    0.343137    0.287025    0.000000   -0.000000    0.000000       -3.484014        1.000000   21.540173    3.128860    0.917616   35.796291
    0.352941    0.287025    0.000000    0.000000    0.000000       -3.484014        1.000000   22.173077    3.219689    0.917616   35.796291
    0.362745    0.287025    0.000000   -0.000000    0.000000       -3.484014        1.000000   22.805981    3.310519    0.917616   35.796291
    0.372549    0.287025    0.000000   -0.000000    0.000000       -3.484014        1.000000   23.438885    3.401349    0.917616   35.796291
    0.382353    0.287025    0.000000   -0.000000    0.000000       -3.484014        1.000000   24.071790    3.492179    0.917616   35.796291
    0.392157    0.287025    0.000000   -0.000000    0.000000       -3.484014        1.000000   24.704694    3.583008    0.917616   35.796291
    0.401961    0.287025    0.000000   -0.000000    0.000000       -3.484014        1.000000   25.337598    3.673838    0.917616   35.796291
    0.411765    0.287025    0.000000   -0.000000    0.000000       -3.484014        1.000000   25.970502    3.764668    0.917616   35.796291
    0.421569    0.287025    0.000000   -0.000000    0.000000       -3.484014        1.000000   26.603406    3.855498    0.917616   35.796291
    0.431373    0.287025    0.000000   -0.000000    0.000000       -3.484014        1.000000   27.236310    3.946327    0.917616   35.796291
    0.441176    0.287025    0.000000   -0.000000    0.000000       -3.484014        1.000000   27.869214    4.037157    0.917616   35.796291
    0.450980    0.287025    0.000000   -0.000000    0.000000       -3.484014        1.000000   28.502118    4.127987    0.917616   35.796291
    0.460784    0.287025    0.000000   -0.000000    0.000000       -3.484014        1.000000   29.135022    4.218816    0.917616   35.796291
    0.470588    0.287025    0.000000   -0.000000    0.000000       -3.484014        1.000000   29.767926    4.309646    0.917616   35.796291
    0.480392    0.287025    0.000000   -0.000000    0.000000       -3.484014        1.000000   30.400830    4.400476    0.917616   35.796291
    0.490196    0.287025    0.000000   -0.000000    0.000000       -3.484014        1.000000   31.033734    4.491306    0.917616   35.796291
    0.500000    0.287025    0.000000   -0.000000    0.000000       -3.484014        1.000000   31.666638    4.582135    0.917616   35.796291
    0.509804    0.287025    0.000000    0.000000    0.000000       -3.484014        1.000000   32.299542    4.672965    0.917616   35.796291
    0.519608    0.287025    0.000000    0.000000    0.000000       -3.484014        1.000000   32.932446    4.763795    0.917616   35.796291
    0.529412    0.287025    0.000000   -0.000000    0.000000       -3.484014        1.000000   33.565350    4.854625    0.917616   35.796291
    0.539216    0.287025    0.000000    0.000000    0.000000       -3.484014        1.000000   34.198254    4.945454    0.917616   35.796291
    0.549020    0.287025    0.000000    0.000000    0.000000       -3.484014        1.000000   34.831158    5.036284    0.917616   35.796291
    0.558824    0.287025    0.000000   -0.000000    0.000000       -3.484014        1.000000   35.464062    5.127114    0.917616   35.796291
    0.568627    0.287025    0.000000   -0.000000    0.000000       -3.484014        1.000000   36.096966    5.217943    0.917616   35.796291
    0.578431    0.287025    0.000000    0.000000    0.000000       -3.484014        1.000000   36.729870    5.308773    0.917616   35.796291
    0.588235    0.287025    0.000000    0.000000    0.000000       -3.484014        1.000000   37.362775    5.399603    0.917616   35.796291
    0.598039    0.287025    0.000000    0.000000    0.000000       -3.484014        1.000000   37.995679    5.490433    0.917616   35.796291
    0.607843    0.287025    0.000000    0.000000    0.000000       -3.484014        1.000000   38.628583    5.581262    0.917616   35.796291
    0.617647    0.287025    0.000000   -0.000000    0.000000       -3.484014        1.000000   39.261487    5.672092    0.917616   35.796291
    0.627451    0.287025    0.000000    0.000000    0.000000       -3.484014        1.000000   39.894391    5.762922    0.917616   35.796291
    0.637255    0.287025    0.000000    0.000000    0.000000       -3.484014        1.000000   40.527295    5.853752    0.917616   35.796291
    0.647059    0.287025    0.000000    0.000000    0.000000       -3.484014        1.000000   41.160199    5.944581    0.917616   35.796291
    0.656863    0.287025    0.000000    0.000000    0.000000       -3.484014        1.000000   41.793103    6.035411    0.917616   35.796291
    0.666667    0.287025    0.000000   -0.000000    0.000000       -3.484014        1.000000   42.426007    6.126241    0.917616   35.796291
    0.676471    0.287025    0.000000    0.000000    0.000000       -3.484014        1.000000   43.058911    6.217071    0.917616   35.796291
    0.686275    0.287025    0.000000    0.000000    0.000000       -3.484014        1.000000   43.691815    6.307900    0.917616   35.796291
    0.696078    0.287025    0.000000    0.000000    0.000000       -3.484014        1.000000   44.324719    6.398730    0.917616   35.796291
    0.705882    0.287025    0.000000    0.000000    0.000000       -3.484014        1.000000   44.957623    6.489560    0.917616   35.796291
    0.715686    0.287025    0.000000    0.000000    0.000000       -3.484014        1.000000   45.590527    6.580389    0.917616   35.796291
    0.725490    0.287025    0.000000   -0.000000    0.000000       -3.484014        1.000000   46.223431    6.671219    0.917616   35.796291
    0.735294    0.287025    0.000000    0.000000    0.000000       -3.484014        1.000000   46.856335    6.762049    0.917616   35.796291
    0.745098    0.287025    0.000000    0.000000    0.000000       -3.484014        1.000000   47.489239    6.852879    0.917616   35.796291
    0.754902    0.287025    0.000000    0.000000    0.000000       -3.484014        1.000000   48.122143    6.943708    0.917616   35.796291
    0.764706    0.287025    0.000000    0.000000    0.000000       -3.484014        1.000000   48.755047    7.034538    0.917616   35.796291
    0.774510    0.287025    0.000000   -0.000000    0.000000       -3.484014        1.000000   49.387951    7.125368    0.917616   35.796291
    0.784314    0.287025    0.000000    0.000000    0.000000       -3.484014        1.000000   50.020855    7.216198    0.917616   35.796291
    0.794118    0.287025    0.000000    0.000000    0.000000       -3.484014        1.000000   50.653760    7.307027    0.917616   35.796291
    0.803922    0.287025    0.000000    0.000000    0.000000       -3.484014        1.000000   51.286664    7.397857    0.917616   35.796291
    0.813725    0.287025    0.000000    0.000000    0.000000       -3.484014        1.000000   51.919568    7.488687    0.917616   35.796291
    0.823529    0.287025    0.000000    0.000000    0.000000       -3.484014        1.000000   52.552472    7.579516    0.917616   35.796291
    0.833333    0.287025    0.000000   -0.000000    0.000000       -3.484014        1.000000   53.185376    7.670346    0.917616   35.796291
    0.843137    0.287025    0.000000   -0.000000    0.000000       -3.484014        1.000000   53.818280    7.761176    0.917616   35.796291
    0.852941    0.287025    0.000000   -0.000000    0.000000       -3.484014        1.000000   54.451184    7.852006    0.917616   35.796291
    0.862745    0.287025    0.000000   -0.000000    0.000000       -3.484014        1.000000   55.084088    7.942835    0.917616   35.796291
    0.872549    0.287025    0.000000   -0.000000    0.000000       -3.484014        1.000000   55.716992    8.033665    0.917616   35.796291
    0.882353    0.287025    0.000000   -0.000000    0.000000       -3.484014        1.000000   56.349896    8.124495    0.917616   35.796291
    0.892157    0.287025    0.000000   -0.000000    0.000000       -3.484014        1.000000   56.982800    8.215325    0.917616   35.796291
    0.901961    0.287025    0.000000   -0.000000    0.000000       -3.484014        1.000000   57.615704    8.306154    0.917616   35.796291
    0.911765    0.287025    0.000000   -0.000000    0.000000       -3.484014        1.000000   58.248608    8.396984    0.917616   35.796291
    0.921569    0.287025    0.000000   -0.000001    0.000000       -3.484015        1.000000   58.881512    8.487814    0.917616   35.796291
    0.931373    0.287025    0.000001   -0.000005    0.000000       -3.484021        1.000000   59.514416    8.578643    0.917616   35.796291
    0.941176    0.287024    0.000007   -0.000045    0.000000       -3.484073        1.000000   60.147317    8.669473    0.917616   35.796291
    0.950980    0.287015    0.000062   -0.000376    0.000000       -3.484513        1.000000   60.780199    8.760300    0.917616   35.796291
    0.960784    0.286939    0.000521   -0.003166    0.000000       -3.488221        1.000000   61.412914    8.851107    0.917616   35.796291
    0.970588    0.286302    0.004391   -0.026649    0.000000       -3.519429        1.000000   62.044223    8.941748    0.917616   35.796291
    0.980392    0.280949    0.036785   -0.221883    0.000000       -3.778845        1.000000   62.663728    9.030980    0.917616   35.796291
    0.990196    0.237376    0.293812   -1.672212    0.000000       -5.704409        1.000000   63.187153    9.108513    0.917616   35.796291
    1.000000    0.000000    1.570796   -5.190795    0.000000      -10.381590        1.000000   63.187153    9.131563    0.917616   35.796291
