           t           r         psi          cs          qs               p             sig           A           V          Q2           S
    0.000000   -0.000000   -1.570796   -2.011653    0.000000       -4.023306        1.000000    0.000000    0.000000    0.885961   32.643489
    0.009804    0.291803   -0.779587   -3.180445    0.000000       -5.617723        1.000000    0.000000    0.016048    0.885961   32.643489
    0.019608    0.382006    0.077939   -1.306511    0.000000       -3.916324        1.000000    0.768151    0.138224    0.885961   32.643489
    0.029412    0.336610    0.106107    0.578261    0.000000       -2.375825        1.000000    1.445019    0.267070    0.885961   32.643489
    0.039216    0.329053   -0.032630    0.142501    0.000000       -2.894909        1.000000    2.106689    0.375784    0.885961   32.643489
    0.049020    0.339060   -0.015419   -0.132518    0.000000       -3.081496        1.000000    2.788483    0.488312    0.885961   32.643489
    0.058824    0.339059    0.008191   -0.006828    0.000000       -2.956070        1.000000    3.470274    0.604327    0.885961   32.643489
    0.068627    0.337238    0.001591    0.025232    0.000000       -2.940030        1.000000    4.148403    0.719155    0.885961   32.643489
    0.078431    0.337513   -0.001749   -0.002524    0.000000       -2.965368        1.000000    4.827086    0.833535    0.885961   32.643489
    0.088235    0.337808   -0.000032   -0.004271    0.000000       -2.964535        1.000000    5.506361    0.948200    0.885961   32.643489
    0.098039    0.337713    0.000326    0.001101    0.000000       -2.959991        1.000000    6.185447    1.062906    0.885961   32.643489
    0.107843    0.337673   -0.000043    0.000621    0.000000       -2.960823        1.000000    6.864451    1.177554    0.885961   32.643489
    0.117647    0.337696   -0.000054   -0.000295    0.000000       -2.961534        1.000000    7.543503    1.292203    0.885961   32.643489
    0.127451    0.337700    0.000016   -0.000070    0.000000       -2.961275        1.000000    8.222562    1.406862    0.885961   32.643489
    0.137255    0.337695    0.000008    0.000065    0.000000       -2.961183        1.000000    8.901612    1.521519    0.885961   32.643489
    0.147059    0.337696   -0.000004    0.000003    0.000000       -2.961244        1.000000    9.580662    1.636175    0.885961   32.643489
    0.156863    0.337696   -0.000001   -0.000012    0.000000       -2.961252        1.000000   10.259713    1.750831    0.885961   32.643489
    0.166667    0.337696    0.000001    0.000001    0.000000       -2.961240        1.000000   10.938764    1.865488    0.885961   32.643489
    0.176471    0.337696    0.000000    0.000002    0.000000       -2.961240        1.000000   11.617815    1.980145    0.885961   32.643489
    0.186275    0.337696   -0.000000   -0.000001    0.000000       -2.961242        1.000000   12.296866    2.094801    0.885961   32.643489
    0.196078    0.337696    0.000000   -0.000000    0.000000       -2.961242        1.000000   12.975917    2.209457    0.885961   32.643489
    0.205882    0.337696    0.000000    0.000000    0.000000       -2.961242        1.000000   13.654968    2.324114    0.885961   32.643489
    0.215686    0.337696   -0.000000    0.000000    0.000000       -2.961242        1.000000   14.334019    2.438770    0.885961   32.643489
    0.225490    0.337696   -0.000000   -0.000000    0.000000       -2.961242        1.000000   15.013070    2.553427    0.885961   32.643489
    0.235294    0.337696    0.000000   -0.000000    0.000000       -2.961242        1.000000   15.692121    2.668083    0.885961   32.643489
    0.245098    0.337696    0.000000    0.000000    0.000000       -2.961242        1.000000   16.371173    2.782740    0.885961   32.643489
    0.254902    0.337696   -0.000000   -0.000000    0.000000       -2.961242        1.000000   17.050224    2.897396    0.885961   32.643489
    0.264706    0.337696   -0.000000   -0.000000    0.000000       -2.961242        1.000000   17.729275    3.012053    0.885961   32.643489
    0.274510    0.337696    0.000000    0.000000    0.000000       -2.961242        1.000000   18.408326    3.126709    0.885961   32.643489
    0.284314    0.337696   -0.000000    0.000000    0.000000       -2.961242        1.000000   19.087377    3.241366    0.885961   32.643489
    0.294118    0.337696   -0.000000   -0.000000    0.000000       -2.961242        1.000000   19.766428    3.356022    0.885961   32.643489
    0.303922    0.337696    0.000000   -0.000000    0.000000       -2.961242        1.000000   20.445479    3.470679    0.885961   32.643489
    0.313725    0.337696    0.000000    0.000000    0.000000       -2.961242        1.000000   21.124530    3.585335    0.885961   32.643489
    0.323529    0.337696   -0.000000    0.000000    0.000000       -2.961242        1.000000   21.803581    3.699992    0.885961   32.643489
    0.333333    0.337696   -0.000000   -0.000000    0.000000       -2.961242        1.000000   22.482632    3.814648    0.885961   32.643489
    0.343137    0.337696    0.000000    0.000000    0.000000       -2.961242        1.000000   23.161683    3.929305    0.885961   32.643489
    0.352941    0.337696    0.000000    0.000000    0.000000       -2.961242        1.000000   23.840734    4.043961    0.885961   32.643489
    0.362745    0.337696   -0.000000   -0.000000    0.000000       -2.961242        1.000000   24.519785    4.158617    0.885961   32.643489
    0.372549    0.337696    0.000000   -0.000000    0.000000       -2.961242        1.000000   25.198836    4.273274    0.885961   32.643489
    0.382353    0.337696    0.000000    0.000000    0.000000       -2.961242        1.000000   25.877887    4.387930    0.885961   32.643489
    0.392157    0.337696    0.000000    0.000000    0.000000       -2.961242        1.000000   26.556938    4.502587    0.885961   32.643489
    0.401961    0.337696   -0.000000    0.000000    0.000000       -2.961242        1.000000   27.235989    4.617243    0.885961   32.643489
    0.411765    0.337696    0.000000   -0.000000    0.000000       -2.961242        1.000000   27.915040    4.731900    0.885961   32.643489
    0.421569    0.337696    0.000000    0.000000    0.000000       -2.961242        1.000000   28.594091    4.846556    0.885961   32.643489
    0.431373    0.337696    0.000000    0.000000    0.000000       -2.961242        1.000000   29.273142    4.961213    0.885961   32.643489
    0.441176    0.337696    0.000000   -0.000000    0.000000       -2.961242        1.000000   29.952193    5.075869    0.885961   32.643489
    0.450980    0.337696    0.000000    0.000000    0.000000       -2.961242        1.000000   30.631244    5.190526    0.885961   32.643489
    0.460784    0.337696    0.000000    0.000000    0.000000       -2.961242        1.000000   31.310295    5.305182    0.885961   32.643489
    0.470588    0.337696    0.000000   -0.000000    0.000000       -2.961242        1.000000   31.989346    5.419839    0.885961   32.643489
    0.480392    0.337696    0.000000    0.000000    0.000000       -2.961242        1.000000   32.668397    5.534495    0.885961   32.643489
    0.490196    0.337696   -0.000000   -0.000000    0.000000       -2.961242        1.000000   33.347448    5.649152    0.885961   32.643489
    0.500000    0.337696    0.000000   -0.000000    0.000000       -2.961242        1.000000   34.026499    5.763808    0.885961   32.643489
    0.509804    0.337696    0.000000    0.000000    0.000000       -2.961242        1.000000   34.705550    5.878465    0.885961   32.643489
    0.519608    0.337696   -0.000000   -0.000000    0.000000       -2.961242        1.000000   35.384601    5.993121    0.885961   32.643489
    0.529412    0.337696    0.000000   -0.000000    0.000000       -2.961242        1.000000   36.063652    6.107777    0.885961   32.643489
    0.539216    0.337696    0.000000    0.000000    0.000000       -2.961242        1.000000   36.742704    6.222434    0.885961   32.643489
    0.549020    0.337696   -0.000000   -0.000000    0.000000       -2.961242        1.000000   37.421755    6.337090    0.885961   32.643489
    0.558824    0.337696    0.000000   -0.000000    0.000000       -2.961242        1.000000   38.100806    6.451747    0.885961   32.643489
    0.568627    0.337696    0.000000    0.000000    0.000000       -2.961242        1.000000   38.779857    6.566403    0.885961   32.643489
    0.578431    0.337696   -0.000000    0.000000    0.000000       -2.961242        1.000000   39.458908    6.681060    0.885961   32.643489
    0.588235    0.337696   -0.000000   -0.000000    0.000000       -2.961242        1.000000   40.137959    6.795716    0.885961   32.643489
    0.598039    0.337696    0.000000   -0.000000    0.000000       -2.961242        1.000000   40.817010    6.910373    0.885961   32.643489
    0.607843    0.337696    0.000000    0.000000    0.000000       -2.961242        1.000000   41.496061    7.025029    0.885961   32.643489
    0.617647    0.337696   -0.000000    0.000000    0.000000       -2.961242        1.000000   42.175112    7.139686    0.885961   32.643489
    0.627451    0.337696    0.000000   -0.000000    0.000000       -2.961242        1.000000   42.854163    7.254342    0.885961   32.643489
    0.637255    0.337696    0.000000    0.000000    0.000000       -2.961242        1.000000   43.533214    7.368999    0.885961   32.643489
    0.647059    0.337696    0.000000    0.000000    0.000000       -2.961242        1.000000   44.212265    7.483655    0.885961   32.643489
    0.656863    0.337696    0.000000    0.000000    0.000000       -2.961242        1.000000   44.891316    7.598312    0.885961   32.643489
    0.666667    0.337696    0.000000   -0.000000    0.000000       -2.961242        1.000000   45.570367    7.712968    0.885961   32.643489
    0.676471    0.337696    0.000000   -0.000000    0.000000       -2.961242        1.000000   46.249418    7.827625    0.885961   32.643489
    0.686275    0.337696    0.000000    0.000000    0.000000       -2.961242        1.000000   46.928469    7.942281    0.885961   32.643489
    0.696078    0.337696    0.000000    0.000000    0.000000       -2.961242        1.000000   47.607520    8.056937    0.885961   32.643489
    0.705882    0.337696    0.000000    0.000000    0.000000       -2.961242        1.000000   48.286571    8.171594    0.885961   32.643489
    0.715686    0.337696    0.000000   -0.000000    0.000000       -2.961242        1.000000   48.965622    8.286250    0.885961   32.643489
    0.725490    0.337696    0.000000    0.000000    0.000000       -2.961242        1.000000   49.644673    8.400907    0.885961   32.643489
    0.735294    0.337696    0.000000    0.000000    0.000000       -2.961242        1.000000   50.323724    8.515563    0.885961   32.643489
    0.745098    0.337696    0.000000    0.000000    0.000000       -2.961242        1.000000   51.002775    8.630220    0.885961   32.643489
    0.754902    0.337696    0.000000    0.000000    0.000000       -2.961242        1.000000   51.681826    8.744876    0.885961   32.643489
    0.764706    0.337696    0.000000   -0.000000    0.000000       -2.961242        1.000000   52.360877    8.859533    0.885961   32.643489
    0.774510    0.337696    0.000000   -0.000000    0.000000       -2.961242        1.000000   53.039928    8.974189    0.885961   32.643489
    0.784314    0.337696    0.000000   -0.000000    0.000000       -2.961242        1.000000   53.718979    9.088846    0.885961   32.643489
    0.794118    0.337696    0.000000   -0.000000    0.000000       -2.961242        1.000000   54.398030    9.203502    0.885961   32.643489
    0.803922    0.337696    0.000000   -0.000000    0.000000       -2.961242        1.000000   55.077081    9.318159    0.885961   32.643489
    0.813725    0.337696    0.000000   -0.000000    0.000000       -2.961242        1.000000   55.756132    9.432815    0.885961   32.643489
    0.823529    0.337696    0.000000   -0.000000    0.000000       -2.961242        1.000000   56.435184    9.547472    0.885961   32.643489
    0.833333    0.337696    0.000000   -0.000000    0.000000       -2.961242        1.000000   57.114235    9.662128    0.885961   32.643489
    0.843137    0.337696    0.000000   -0.000000    0.000000       -2.961242        1.000000   57.793286    9.776784    0.885961   32.643489
    0.852941    0.337696    0.000000   -0.000000    0.000000       -2.961242        1.000000   58.472337    9.891441    0.885961   32.643489
    0.862745    0.337696    0.000000   -0.000000    0.000000       -2.961242        1.000000   59.151388   10.006097    0.885961   32.643489
    0.872549    0.337696    0.000000   -0.000000    0.000000       -2.961242        1.000000   59.830439   10.120754    0.885961   32.643489
    0.882353    0.337696    0.000000   -0.000000    0.000000       -2.961242        1.000000   60.509490   10.235410    0.885961   32.643489
    0.892157    0.337696    0.000000   -0.000000    0.000000       -2.961242        1.000000   61.188541   10.350067    0.885961   32.643489
    0.901961    0.337696    0.000000   -0.000001    0.000000       -2.961243        1.000000   61.867592   10.464723    0.885961   32.643489
    0.911765    0.337696    0.000001   -0.000004    0.000000       -2.961246        1.000000   62.546642   10.579380    0.885961   32.643489
    0.921569    0.337695    0.000004   -0.000020    0.000000       -2.961267        1.000000   63.225692   10.694036    0.885961   32.643489
    0.931373    0.337692    0.000020   -0.000106    0.000000       -2.961381        1.000000   63.904736   10.808691    0.885961   32.643489
    0.941176    0.337676    0.000109   -0.000577    0.000000       -2.962000        1.000000   64.583745   10.923341    0.885961   32.643489
    0.950980    0.337584    0.000593   -0.003138    0.000000       -2.965363        1.000000   65.262571   11.037961    0.885961   32.643489
    0.960784    0.337087    0.003222   -0.017032    0.000000       -2.983611        1.000000   65.940396   11.152418    0.885961   32.643489
    0.970588    0.334390    0.017456   -0.091964    0.000000       -3.082032        1.000000   66.612798   11.265989    0.885961   32.643489
    0.980392    0.319892    0.093197   -0.482174    0.000000       -3.594661        1.000000   67.256048   11.374748    0.885961   32.643489
    0.990196    0.246560    0.459170   -2.137071    0.000000       -5.772778        1.000000   67.751840   11.458668    0.885961   32.643489
    1.000000    0.000000    1.570796   -4.358546    0.000000       -8.717092        1.000000   67.751840   11.477285    0.885961   32.643489
