           t           r         psi          cs          qs               p             sig           A           V          Q2           S
    0.000000    0.000000   -1.570796   -0.999033    0.000000       -1.998066        1.000000    0.000000    0.000000    0.002843    4.787646
    0.009804    0.046921   -1.523904   -0.999033    0.000000       -1.998066        1.000000    0.000000    0.000004    0.002843    4.787646
    0.019608    0.093738   -1.477012   -0.999034    0.000000       -1.998067        1.000000    0.027645    0.000061    0.002843    4.787646
    0.029412    0.140349   -1.430119   -0.999035    0.000000       -1.998069        1.000000    0.069037    0.000306    0.002843    4.787646
    0.039216    0.186652   -1.383227   -0.999037    0.000000       -1.998071        1.000000    0.124084    0.000964    0.002843    4.787646
    0.049020    0.232544   -1.336334   -0.999039    0.000000       -1.998074        1.000000    0.192665    0.002337    0.002843    4.787646
    0.058824    0.277925   -1.289442   -0.999042    0.000000       -1.998078        1.000000    0.274630    0.004807    0.002843    4.787646
    0.068627    0.322695   -1.242549   -0.999046    0.000000       -1.998083        1.000000    0.369799    0.008822    0.002843    4.787646
    0.078431    0.366756   -1.195656   -0.999051    0.000000       -1.998090        1.000000    0.477962    0.014885    0.002843    4.787646
    0.088235    0.410010   -1.148762   -0.999057    0.000000       -1.998098        1.000000    0.598882    0.023547    0.002843    4.787646
    0.098039    0.452363   -1.101869   -0.999065    0.000000       -1.998107        1.000000    0.732292    0.035392    0.002843    4.787646
    0.107843    0.493722   -1.054975   -0.999075    0.000000       -1.998119        1.000000    0.877900    0.051024    0.002843    4.787646
    0.117647    0.533994   -1.008080   -0.999087    0.000000       -1.998134        1.000000    1.035384    0.071054    0.002843    4.787646
    0.127451    0.573093   -0.961185   -0.999102    0.000000       -1.998152        1.000000    1.204400    0.096086    0.002843    4.787646
    0.137255    0.610932   -0.914289   -0.999120    0.000000       -1.998174        1.000000    1.384575    0.126701    0.002843    4.787646
    0.147059    0.647427   -0.867392   -0.999144    0.000000       -1.998202        1.000000    1.575513    0.163446    0.002843    4.787646
    0.156863    0.682499   -0.820494   -0.999174    0.000000       -1.998238        1.000000    1.776795    0.206816    0.002843    4.787646
    0.166667    0.716070   -0.773594   -0.999214    0.000000       -1.998283        1.000000    1.987977    0.257250    0.002843    4.787646
    0.176471    0.748067   -0.726692   -0.999265    0.000000       -1.998342        1.000000    2.208595    0.315109    0.002843    4.787646
    0.186275    0.778418   -0.679787   -0.999333    0.000000       -1.998418        1.000000    2.438165    0.380673    0.002843    4.787646
    0.196078    0.807058   -0.632879   -0.999424    0.000000       -1.998520        1.000000    2.676181    0.454133    0.002843    4.787646
    0.205882    0.833922   -0.585965   -0.999550    0.000000       -1.998658        1.000000    2.922120    0.535576    0.002843    4.787646
    0.215686    0.858952   -0.539045   -0.999726    0.000000       -1.998850        1.000000    3.175441    0.624990    0.002843    4.787646
    0.225490    0.882092   -0.492114   -0.999981    0.000000       -1.999124        1.000000    3.435586    0.722254    0.002843    4.787646
    0.235294    0.903291   -0.445169   -1.000361    0.000000       -1.999527        1.000000    3.701983    0.827138    0.002843    4.787646
    0.245098    0.922501   -0.398202   -1.000950    0.000000       -2.000147        1.000000    3.974046    0.939305    0.002843    4.787646
    0.254902    0.939678   -0.351199   -1.001910    0.000000       -2.001146        1.000000    4.251174    1.058315    0.002843    4.787646
    0.264706    0.954784   -0.304136   -1.003575    0.000000       -2.002866        1.000000    4.532757    1.183625    0.002843    4.787646
    0.274510    0.967779   -0.256965   -1.006717    0.000000       -2.006083        1.000000    4.818173    1.314600    0.002843    4.787646
    0.284314    0.978630   -0.209577   -1.013358    0.000000       -2.012836        1.000000    5.106789    1.450521    0.002843    4.787646
    0.294118    0.987295   -0.161688   -1.029906    0.000000       -2.029564        1.000000    5.397960    1.590591    0.002843    4.787646
    0.303922    0.993715   -0.112370   -1.082573    0.000000       -2.082550        1.000000    5.691025    1.733945    0.002843    4.787646
    0.313725    0.997739   -0.057669   -1.294763    0.000000       -2.295363        1.000000    5.985276    1.879653    0.002843    4.787646
    0.323529    0.998980    0.000898   -0.734572    0.000000       -1.735593        1.000000    6.279894    2.026625    0.002843    4.787646
    0.333333    0.998639    0.006912    0.155167    0.000000       -0.846172        1.000000    6.574411    2.173734    0.002843    4.787646
    0.343137    0.998486    0.000146    0.095137    0.000000       -0.906379        1.000000    6.868882    2.320761    0.002843    4.787646
    0.352941    0.998539   -0.001565   -0.010115    0.000000       -1.011577        1.000000    7.163370    2.467779    0.002843    4.787646
    0.362745    0.998588   -0.000415   -0.025380    0.000000       -1.026794        1.000000    7.457872    2.614816    0.002843    4.787646
    0.372549    0.998588    0.000244   -0.003015    0.000000       -1.004429        1.000000    7.752374    2.761860    0.002843    4.787646
    0.382353    0.998577    0.000133    0.004655    0.000000       -0.996770        1.000000    8.046872    2.908901    0.002843    4.787646
    0.392157    0.998575   -0.000025    0.001561    0.000000       -0.999866        1.000000    8.341371    3.055941    0.002843    4.787646
    0.401961    0.998577   -0.000033   -0.000666    0.000000       -1.002091        1.000000    8.635869    3.202981    0.002843    4.787646
    0.411765    0.998578   -0.000002   -0.000465    0.000000       -1.001889        1.000000    8.930368    3.350021    0.002843    4.787646
    0.421569    0.998578    0.000007    0.000046    0.000000       -1.001378        1.000000    9.224867    3.497061    0.002843    4.787646
    0.431373    0.998578    0.000002    0.000107    0.000000       -1.001317        1.000000    9.519366    3.644101    0.002843    4.787646
    0.441176    0.998578   -0.000001    0.000012    0.000000       -1.001412        1.000000    9.813865    3.791141    0.002843    4.787646
    0.450980    0.998578   -0.000001   -0.000020    0.000000       -1.001445        1.000000   10.108364    3.938181    0.002843    4.787646
    0.460784    0.998578    0.000000   -0.000007    0.000000       -1.001431        1.000000   10.402862    4.085221    0.002843    4.787646
    0.470588    0.998578    0.000000    0.000003    0.000000       -1.001421        1.000000   10.697361    4.232261    0.002843    4.787646
    0.480392    0.998578    0.000000    0.000002    0.000000       -1.001422        1.000000   10.991860    4.379300    0.002843    4.787646
    0.490196    0.998578   -0.000000   -0.000000    0.000000       -1.001425        1.000000   11.286359    4.526340    0.002843    4.787646
    0.500000    0.998578   -0.000000   -0.000000    0.000000       -1.001425        1.000000   11.580858    4.673380    0.002843    4.787646
    0.509804    0.998578    0.000000   -0.000000    0.000000       -1.001424        1.000000   11.875357    4.820420    0.002843    4.787646
    0.519608    0.998578    0.000000    0.000000    0.000000       -1.001424        1.000000   12.169855    4.967460    0.002843    4.787646
    0.529412    0.998578   -0.000000    0.000000    0.000000       -1.001424        1.000000   12.464354    5.114500    0.002843    4.787646
    0.539216    0.998578   -0.000000   -0.000000    0.000000       -1.001424        1.000000   12.758853    5.261540    0.002843    4.787646
    0.549020    0.998578    0.000000   -0.000000    0.000000       -1.001424        1.000000   13.053352    5.408580    0.002843    4.787646
    0.558824    0.998578    0.000000   -0.000000    0.000000       -1.001424        1.000000   13.347851    5.555620    0.002843    4.787646
    0.568627    0.998578    0.000000   -0.000000    0.000000       -1.001424        1.000000   13.642350    5.702660    0.002843    4.787646
    0.578431    0.998578    0.000000   -0.000000    0.000000       -1.001425        1.000000   13.936849    5.849700    0.002843    4.787646
    0.588235    0.998578    0.000000   -0.000002    0.000000       -1.001426        1.000000   14.231347    5.996740    0.002843    4.787646
    0.598039    0.998578    0.000000   -0.000009    0.000000       -1.001433        1.000000   14.525846    6.143780    0.002843    4.787646
    0.607843    0.998578    0.000001   -0.000042    0.000000       -1.001466        1.000000   14.820345    6.290820    0.002843    4.787646
    0.617647    0.998577    0.000006   -0.000197    0.000000       -1.001621        1.000000   15.114844    6.437860    0.002843    4.787646
    0.627451    0.998577    0.000028   -0.000933    0.000000       -1.002358        1.000000   15.409342    6.584900    0.002843    4.787646
    0.637255    0.998574    0.000133   -0.004407    0.000000       -1.005836        1.000000   15.703840    6.731939    0.002843    4.787646
    0.647059    0.998559    0.000626   -0.020528    0.000000       -1.021971        1.000000   15.998333    6.878977    0.002843    4.787646
    0.656863    0.998489    0.002850   -0.089784    0.000000       -1.091292        1.000000   16.292806    7.026003    0.002843    4.787646
    0.666667    0.998194    0.011481   -0.311594    0.000000       -1.313338        1.000000   16.587192    7.172980    0.002843    4.787646
    0.676471    0.997185    0.034243   -0.655689    0.000000       -1.657924        1.000000   16.881280    7.319748    0.002843    4.787646
    0.686275    0.994761    0.070765   -0.870261    0.000000       -1.873012        1.000000   17.174653    7.465860    0.002843    4.787646
    0.696078    0.990450    0.113831   -0.950852    0.000000       -1.953960        1.000000   17.466755    7.610571    0.002843    4.787646
    0.705882    0.984067    0.159250   -0.979817    0.000000       -1.983151        1.000000   17.756974    7.753001    0.002843    4.787646
    0.715686    0.975555    0.205552   -0.991512    0.000000       -1.994990        1.000000   18.044683    7.892259    0.002843    4.787646
    0.725490    0.964907    0.252232   -0.996875    0.000000       -2.000451        1.000000   18.329252    8.027491    0.002843    4.787646
    0.735294    0.952133    0.299094   -0.999610    0.000000       -2.003255        1.000000   18.610054    8.157898    0.002843    4.787646
    0.745098    0.937255    0.346053   -1.001127    0.000000       -2.004823        1.000000   18.886467    8.282753    0.002843    4.787646
    0.754902    0.920303    0.393066   -1.002027    0.000000       -2.005761        1.000000   19.157881    8.401410    0.002843    4.787646
    0.764706    0.901311    0.440113   -1.002590    0.000000       -2.006354        1.000000   19.423694    8.513319    0.002843    4.787646
    0.774510    0.880322    0.487182   -1.002958    0.000000       -2.006745        1.000000   19.683318    8.618026    0.002843    4.787646
    0.784314    0.857381    0.534264   -1.003207    0.000000       -2.007012        1.000000   19.936175    8.715182    0.002843    4.787646
    0.794118    0.832538    0.581357   -1.003381    0.000000       -2.007201        1.000000   20.181705    8.804547    0.002843    4.787646
    0.803922    0.805847    0.628456   -1.003505    0.000000       -2.007338        1.000000   20.419365    8.885988    0.002843    4.787646
    0.813725    0.777369    0.675561   -1.003596    0.000000       -2.007439        1.000000   20.648625    8.959481    0.002843    4.787646
    0.823529    0.747165    0.722669   -1.003663    0.000000       -2.007515        1.000000   20.868978    9.025107    0.002843    4.787646
    0.833333    0.715304    0.769780   -1.003715    0.000000       -2.007573        1.000000   21.079934    9.083044    0.002843    4.787646
    0.843137    0.681854    0.816893   -1.003754    0.000000       -2.007619        1.000000   21.281025    9.133566    0.002843    4.787646
    0.852941    0.646892    0.864008   -1.003784    0.000000       -2.007654        1.000000   21.471805    9.177030    0.002843    4.787646
    0.862745    0.610493    0.911123   -1.003808    0.000000       -2.007682        1.000000   21.651851    9.213866    0.002843    4.787646
    0.872549    0.572739    0.958240   -1.003827    0.000000       -2.007705        1.000000   21.820762    9.244567    0.002843    4.787646
    0.882353    0.533714    1.005358   -1.003842    0.000000       -2.007723        1.000000   21.978164    9.269677    0.002843    4.787646
    0.892157    0.493505    1.052476   -1.003854    0.000000       -2.007738        1.000000   22.123708    9.289775    0.002843    4.787646
    0.901961    0.452199    1.099595   -1.003863    0.000000       -2.007750        1.000000   22.257070    9.305464    0.002843    4.787646
    0.911765    0.409890    1.146714   -1.003871    0.000000       -2.007759        1.000000   22.377954    9.317355    0.002843    4.787646
    0.921569    0.366671    1.193834   -1.003877    0.000000       -2.007767        1.000000   22.486092    9.326052    0.002843    4.787646
    0.931373    0.322639    1.240954   -1.003882    0.000000       -2.007774        1.000000   22.581244    9.332141    0.002843    4.787646
    0.941176    0.277889    1.288074   -1.003886    0.000000       -2.007779        1.000000   22.663199    9.336173    0.002843    4.787646
    0.950980    0.232523    1.335194   -1.003889    0.000000       -2.007783        1.000000   22.731774    9.338654    0.002843    4.787646
    0.960784    0.186641    1.382314   -1.003892    0.000000       -2.007786        1.000000   22.786818    9.340034    0.002843    4.787646
    0.970588    0.140345    1.429435   -1.003893    0.000000       -2.007788        1.000000   22.828208    9.340694    0.002843    4.787646
    0.980392    0.093737    1.476555   -1.003895    0.000000       -2.007790        1.000000   22.855853    9.340941    0.002843    4.787646
    0.990196    0.046920    1.523676   -1.003895    0.000000       -2.007791        1.000000   22.869690    9.340998    0.002843    4.787646
    1.000000    0.000000    1.570796   -1.003896    0.000000       -2.007791        1.000000   22.869690    9.341002    0.002843    4.787646
