           t           r         psi          cs          qs               p             sig           A           V          Q2           S
    0.000000    0.000000   -1.570796   -0.995969    0.000000       -1.991939        1.000000    0.000000   -0.000000    0.016029    5.426602
    0.009804    0.053177   -1.517809   -0.995973    0.000000       -1.991944        1.000000    0.000000    0.000006    0.016029    5.426602
    0.019608    0.106205   -1.464821   -0.995986    0.000000       -1.991961        1.000000    0.035502    0.000100    0.016029    5.426602
    0.029412    0.158935   -1.411832   -0.996008    0.000000       -1.991989        1.000000    0.088630    0.000503    0.016029    5.426602
    0.039216    0.211218   -1.358841   -0.996039    0.000000       -1.992031        1.000000    0.159236    0.001580    0.016029    5.426602
    0.049020    0.262909   -1.305849   -0.996083    0.000000       -1.992088        1.000000    0.247120    0.003826    0.016029    5.426602
    0.058824    0.313861   -1.252854   -0.996141    0.000000       -1.992163        1.000000    0.352037    0.007853    0.016029    5.426602
    0.068627    0.363932   -1.199855   -0.996216    0.000000       -1.992259        1.000000    0.473692    0.014372    0.016029    5.426602
    0.078431    0.412982   -1.146852   -0.996312    0.000000       -1.992382        1.000000    0.611742    0.024177    0.016029    5.426602
    0.088235    0.460871   -1.093843   -0.996436    0.000000       -1.992537        1.000000    0.765802    0.038115    0.016029    5.426602
    0.098039    0.507467   -1.040827   -0.996594    0.000000       -1.992732        1.000000    0.935436    0.057069    0.016029    5.426602
    0.107843    0.552636   -0.987801   -0.996797    0.000000       -1.992980        1.000000    1.120170    0.081926    0.016029    5.426602
    0.117647    0.596253   -0.934763   -0.997058    0.000000       -1.993296        1.000000    1.319484    0.113556    0.016029    5.426602
    0.127451    0.638193   -0.881709   -0.997399    0.000000       -1.993701        1.000000    1.532818    0.152783    0.016029    5.426602
    0.137255    0.678339   -0.828634   -0.997847    0.000000       -1.994227        1.000000    1.759572    0.200361    0.016029    5.426602
    0.147059    0.716577   -0.775531   -0.998443    0.000000       -1.994916        1.000000    1.999108    0.256947    0.016029    5.426602
    0.156863    0.752797   -0.722392   -0.999249    0.000000       -1.995835        1.000000    2.250751    0.323083    0.016029    5.426602
    0.166667    0.786895   -0.669202   -1.000358    0.000000       -1.997082        1.000000    2.513793    0.399178    0.016029    5.426602
    0.176471    0.818773   -0.615942   -1.001917    0.000000       -1.998811        1.000000    2.787491    0.485484    0.016029    5.426602
    0.186275    0.848337   -0.562582   -1.004164    0.000000       -2.001268        1.000000    3.071071    0.582094    0.016029    5.426602
    0.196078    0.875497   -0.509075   -1.007501    0.000000       -2.004872        1.000000    3.363730    0.688922    0.016029    5.426602
    0.205882    0.900167   -0.455348   -1.012642    0.000000       -2.010354        1.000000    3.664636    0.805709    0.016029    5.426602
    0.215686    0.922263   -0.401272   -1.020918    0.000000       -2.019078        1.000000    3.972928    0.932012    0.016029    5.426602
    0.225490    0.941697   -0.346617   -1.034981    0.000000       -2.033738        1.000000    4.287717    1.067215    0.016029    5.426602
    0.235294    0.958375   -0.290947   -1.060472    0.000000       -2.060052        1.000000    4.608080    1.210527    0.016029    5.426602
    0.245098    0.972172   -0.233360   -1.110082    0.000000       -2.110825        1.000000    4.933056    1.360994    0.016029    5.426602
    0.254902    0.982901   -0.171932   -1.210718    0.000000       -2.213114        1.000000    5.261618    1.517491    0.016029    5.426602
    0.264706    0.990236   -0.103271   -1.373270    0.000000       -2.377750        1.000000    5.592632    1.678686    0.016029    5.426602
    0.274510    0.993767   -0.030718   -1.229002    0.000000       -2.234799        1.000000    5.924827    1.842870    0.016029    5.426602
    0.284314    0.994020    0.013721   -0.415477    0.000000       -1.421398        1.000000    6.257105    2.008024    0.016029    5.426602
    0.294118    0.992991    0.020789    0.061224    0.000000       -0.945617        1.000000    6.589040    2.172978    0.016029    5.426602
    0.303922    0.992048    0.013748    0.167262    0.000000       -0.840659        1.000000    6.920660    2.337589    0.016029    5.426602
    0.313725    0.991550    0.005227    0.142020    0.000000       -0.866489        1.000000    7.252113    2.501977    0.016029    5.426602
    0.323529    0.991445   -0.000765    0.081411    0.000000       -0.927217        1.000000    7.583532    2.666276    0.016029    5.426602
    0.333333    0.991572   -0.003490    0.023309    0.000000       -0.985184        1.000000    7.914992    2.830584    0.016029    5.426602
    0.343137    0.991770   -0.003605   -0.014921    0.000000       -1.023213        1.000000    8.246519    2.994950    0.016029    5.426602
    0.352941    0.991932   -0.002339   -0.028920    0.000000       -1.037051        1.000000    8.578100    3.159377    0.016029    5.426602
    0.362745    0.992015   -0.000852   -0.024842    0.000000       -1.032890        1.000000    8.909709    3.323845    0.016029    5.426602
    0.372549    0.992031    0.000174   -0.013327    0.000000       -1.021360        1.000000    9.241323    3.488330    0.016029    5.426602
    0.382353    0.992008    0.000587   -0.002798    0.000000       -1.010855        1.000000    9.572929    3.652812    0.016029    5.426602
    0.392157    0.991976    0.000555    0.003173    0.000000       -1.004915        1.000000    9.904525    3.817285    0.016029    5.426602
    0.401961    0.991952    0.000328    0.004750    0.000000       -1.003363        1.000000   10.236112    3.981748    0.016029    5.426602
    0.411765    0.991941    0.000097    0.003686    0.000000       -1.004438        1.000000   10.567696    4.146206    0.016029    5.426602
    0.421569    0.991940   -0.000050    0.001788    0.000000       -1.006337        1.000000   10.899280    4.310661    0.016029    5.426602
    0.431373    0.991945   -0.000100    0.000212    0.000000       -1.007908        1.000000   11.230865    4.475118    0.016029    5.426602
    0.441176    0.991950   -0.000086   -0.000614    0.000000       -1.008729        1.000000   11.562452    4.639576    0.016029    5.426602
    0.450980    0.991954   -0.000047   -0.000772    0.000000       -1.008883        1.000000   11.894040    4.804035    0.016029    5.426602
    0.460784    0.991955   -0.000010   -0.000553    0.000000       -1.008663        1.000000   12.225629    4.968495    0.016029    5.426602
    0.470588    0.991955    0.000011   -0.000240    0.000000       -1.008350        1.000000   12.557218    5.132956    0.016029    5.426602
    0.480392    0.991954    0.000017   -0.000001    0.000000       -1.008112        1.000000   12.888806    5.297416    0.016029    5.426602
    0.490196    0.991953    0.000013    0.000112    0.000000       -1.008000        1.000000   13.220394    5.461876    0.016029    5.426602
    0.500000    0.991953    0.000006    0.000123    0.000000       -1.007990        1.000000   13.551982    5.626336    0.016029    5.426602
    0.509804    0.991953    0.000001    0.000081    0.000000       -1.008032        1.000000   13.883570    5.790796    0.016029    5.426602
    0.519608    0.991953   -0.000002    0.000030    0.000000       -1.008082        1.000000   14.215157    5.955255    0.016029    5.426602
    0.529412    0.991953   -0.000003   -0.000006    0.000000       -1.008118        1.000000   14.546745    6.119715    0.016029    5.426602
    0.539216    0.991953   -0.000002   -0.000021    0.000000       -1.008134        1.000000   14.878333    6.284175    0.016029    5.426602
    0.549020    0.991953   -0.000001   -0.000023    0.000000       -1.008135        1.000000   15.209921    6.448635    0.016029    5.426602
    0.558824    0.991953    0.000001   -0.000019    0.000000       -1.008132        1.000000   15.541509    6.613095    0.016029    5.426602
    0.568627    0.991953    0.000002   -0.000020    0.000000       -1.008132        1.000000   15.873097    6.777554    0.016029    5.426602
    0.578431    0.991953    0.000003   -0.000032    0.000000       -1.008145        1.000000   16.204685    6.942014    0.016029    5.426602
    0.588235    0.991953    0.000005   -0.000068    0.000000       -1.008181        1.000000   16.536273    7.106474    0.016029    5.426602
    0.598039    0.991952    0.000011   -0.000148    0.000000       -1.008261        1.000000   16.867860    7.270934    0.016029    5.426602
    0.607843    0.991951    0.000023   -0.000318    0.000000       -1.008432        1.000000   17.199448    7.435393    0.016029    5.426602
    0.617647    0.991950    0.000048   -0.000677    0.000000       -1.008792        1.000000   17.531035    7.599852    0.016029    5.426602
    0.627451    0.991946    0.000102   -0.001433    0.000000       -1.009553        1.000000   17.862620    7.764310    0.016029    5.426602
    0.637255    0.991938    0.000215   -0.003030    0.000000       -1.011157        1.000000   18.194203    7.928766    0.016029    5.426602
    0.647059    0.991921    0.000455   -0.006392    0.000000       -1.014538        1.000000   18.525780    8.093219    0.016029    5.426602
    0.656863    0.991885    0.000959   -0.013435    0.000000       -1.021617        1.000000   18.857345    8.257662    0.016029    5.426602
    0.666667    0.991809    0.002016   -0.028005    0.000000       -1.036262        1.000000   19.188885    8.422088    0.016029    5.426602
    0.676471    0.991651    0.004199   -0.057390    0.000000       -1.065801        1.000000   19.520372    8.586477    0.016029    5.426602
    0.686275    0.991323    0.008598   -0.113748    0.000000       -1.122463        1.000000   19.851749    8.750785    0.016029    5.426602
    0.696078    0.990664    0.017052   -0.212125    0.000000       -1.221402        1.000000   20.182906    8.914926    0.016029    5.426602
    0.705882    0.989393    0.032043   -0.358797    0.000000       -1.368999        1.000000   20.513639    9.078722    0.016029    5.426602
    0.715686    0.987100    0.055746   -0.533729    0.000000       -1.545224        1.000000   20.843604    9.241835    0.016029    5.426602
    0.725490    0.983302    0.088598   -0.695923    0.000000       -1.708916        1.000000   21.172300    9.403690    0.016029    5.426602
    0.735294    0.977553    0.129044   -0.816843    0.000000       -1.831300        1.000000   21.499075    9.563458    0.016029    5.426602
    0.745098    0.969521    0.174749   -0.895059    0.000000       -1.910787        1.000000   21.823164    9.720105    0.016029    5.426602
    0.754902    0.959003    0.223736   -0.942422    0.000000       -1.959181        1.000000   22.143738    9.872500    0.016029    5.426602
    0.764706    0.945889    0.274690   -0.970701    0.000000       -1.988271        1.000000   22.459928   10.019500    0.016029    5.426602
    0.774510    0.930134    0.326826   -0.987820    0.000000       -2.006024        1.000000   22.770851   10.160022    0.016029    5.426602
    0.784314    0.911733    0.379685   -0.998456    0.000000       -2.017155        1.000000   23.075623   10.293086    0.016029    5.426602
    0.794118    0.890709    0.432999   -1.005263    0.000000       -2.024352        1.000000   23.373368   10.417846    0.016029    5.426602
    0.803922    0.867103    0.486608   -1.009749    0.000000       -2.029148        1.000000   23.663221   10.533611    0.016029    5.426602
    0.813725    0.840972    0.540414   -1.012787    0.000000       -2.032435        1.000000   23.944340   10.639860    0.016029    5.426602
    0.823529    0.812384    0.594356   -1.014896    0.000000       -2.034746        1.000000   24.215901   10.736249    0.016029    5.426602
    0.833333    0.781416    0.648393   -1.016393    0.000000       -2.036407        1.000000   24.477112   10.822616    0.016029    5.426602
    0.843137    0.748156    0.702497   -1.017475    0.000000       -2.037625        1.000000   24.727204   10.898974    0.016029    5.426602
    0.852941    0.712699    0.756651   -1.018272    0.000000       -2.038534        1.000000   24.965443   10.965512    0.016029    5.426602
    0.862745    0.675146    0.810842   -1.018867    0.000000       -2.039222        1.000000   25.191130   11.022579    0.016029    5.426602
    0.872549    0.635607    0.865060   -1.019317    0.000000       -2.039750        1.000000   25.403599   11.070666    0.016029    5.426602
    0.882353    0.594198    0.919299   -1.019661    0.000000       -2.040159        1.000000   25.602226   11.110395    0.016029    5.426602
    0.892157    0.551039    0.973554   -1.019927    0.000000       -2.040479        1.000000   25.786426   11.142490    0.016029    5.426602
    0.901961    0.506257    1.027822   -1.020133    0.000000       -2.040731        1.000000   25.955657   11.167755    0.016029    5.426602
    0.911765    0.459983    1.082100   -1.020294    0.000000       -2.040931        1.000000   26.109419   11.187049    0.016029    5.426602
    0.921569    0.412354    1.136385   -1.020420    0.000000       -2.041089        1.000000   26.247260   11.201257    0.016029    5.426602
    0.931373    0.363509    1.190676   -1.020519    0.000000       -2.041214        1.000000   26.368773   11.211263    0.016029    5.426602
    0.941176    0.313594    1.244972   -1.020595    0.000000       -2.041312        1.000000   26.473600   11.217924    0.016029    5.426602
    0.950980    0.262753    1.299271   -1.020655    0.000000       -2.041389        1.000000   26.561433   11.222041    0.016029    5.426602
    0.960784    0.211138    1.353573   -1.020699    0.000000       -2.041447        1.000000   26.632012   11.224339    0.016029    5.426602
    0.970588    0.158901    1.407877   -1.020732    0.000000       -2.041490        1.000000   26.685129   11.225442    0.016029    5.426602
    0.980392    0.106195    1.462183   -1.020754    0.000000       -2.041519        1.000000   26.720627   11.225855    0.016029    5.426602
    0.990196    0.053176    1.516489   -1.020767    0.000000       -2.041536        1.000000   26.738403   11.225951    0.016029    5.426602
    1.000000    0.000000    1.570796   -1.020771    0.000000       -2.041542        1.000000   26.738403   11.225958    0.016029    5.426602
