           t           r         psi          cs          qs               p             sig           A           V          Q2           S
    0.000000    0.000000   -1.570796   -1.993583    0.000000       -3.987166        1.000000    0.000000    0.000000    0.883673   31.331788
    0.009804    0.283124   -0.829376   -3.089943    0.000000       -5.475249        1.000000    0.000000    0.013617    0.883673   31.331788
    0.019608    0.387425    0.031461   -1.632841    0.000000       -4.212709        1.000000    0.747743    0.127298    0.883673   31.331788
    0.029412    0.345580    0.131469    0.501567    0.000000       -2.367151        1.000000    1.414723    0.257337    0.883673   31.331788
    0.039216    0.330682   -0.019780    0.267207    0.000000       -2.756253        1.000000    2.052951    0.364826    0.883673   31.331788
    0.049020    0.340823   -0.025724   -0.127230    0.000000       -3.060337        1.000000    2.710750    0.473516    0.883673   31.331788
    0.058824    0.343126    0.005872   -0.043705    0.000000       -2.958033        1.000000    3.372995    0.586916    0.883673   31.331788
    0.068627    0.340944    0.004619    0.028645    0.000000       -2.904355        1.000000    4.031029    0.699775    0.883673   31.331788
    0.078431    0.340665   -0.001549    0.006396    0.000000       -2.929032        1.000000    4.688525    0.811753    0.883673   31.331788
    0.088235    0.341124   -0.000799   -0.006243    0.000000       -2.937723        1.000000    5.346907    0.923912    0.883673   31.331788
    0.098039    0.341143    0.000373   -0.000775    0.000000       -2.932093        1.000000    6.005325    1.036234    0.883673   31.331788
    0.107843    0.341050    0.000129    0.001308    0.000000       -2.930811        1.000000    6.663563    1.148506    0.883673   31.331788
    0.117647    0.341054   -0.000085    0.000049    0.000000       -2.932038        1.000000    7.321809    1.260750    0.883673   31.331788
    0.127451    0.341072   -0.000019   -0.000265    0.000000       -2.932195        1.000000    7.980090    1.373006    0.883673   31.331788
    0.137255    0.341070    0.000018    0.000011    0.000000       -2.931937        1.000000    8.638367    1.485266    0.883673   31.331788
    0.147059    0.341067    0.000002    0.000052    0.000000       -2.931927        1.000000    9.296637    1.597524    0.883673   31.331788
    0.156863    0.341067   -0.000004   -0.000006    0.000000       -2.931979        1.000000    9.954908    1.709781    0.883673   31.331788
    0.166667    0.341068   -0.000000   -0.000010    0.000000       -2.931977        1.000000   10.613181    1.822039    0.883673   31.331788
    0.176471    0.341068    0.000001    0.000002    0.000000       -2.931967        1.000000   11.271453    1.934297    0.883673   31.331788
    0.186275    0.341068   -0.000000    0.000002    0.000000       -2.931968        1.000000   11.929725    2.046554    0.883673   31.331788
    0.196078    0.341068   -0.000000   -0.000001    0.000000       -2.931970        1.000000   12.587997    2.158812    0.883673   31.331788
    0.205882    0.341068    0.000000   -0.000000    0.000000       -2.931969        1.000000   13.246269    2.271070    0.883673   31.331788
    0.215686    0.341068    0.000000    0.000000    0.000000       -2.931969        1.000000   13.904541    2.383327    0.883673   31.331788
    0.225490    0.341068   -0.000000    0.000000    0.000000       -2.931969        1.000000   14.562813    2.495585    0.883673   31.331788
    0.235294    0.341068   -0.000000   -0.000000    0.000000       -2.931969        1.000000   15.221086    2.607843    0.883673   31.331788
    0.245098    0.341068    0.000000   -0.000000    0.000000       -2.931969        1.000000   15.879358    2.720100    0.883673   31.331788
    0.254902    0.341068    0.000000    0.000000    0.000000       -2.931969        1.000000   16.537630    2.832358    0.883673   31.331788
    0.264706    0.341068   -0.000000    0.000000    0.000000       -2.931969        1.000000   17.195902    2.944616    0.883673   31.331788
    0.274510    0.341068   -0.000000   -0.000000    0.000000       -2.931969        1.000000   17.854174    3.056873    0.883673   31.331788
    0.284314    0.341068    0.000000   -0.000000    0.000000       -2.931969        1.000000   18.512446    3.169131    0.883673   31.331788
    0.294118    0.341068    0.000000    0.000000    0.000000       -2.931969        1.000000   19.170718    3.281389    0.883673   31.331788
    0.303922    0.341068   -0.000000   -0.000000    0.000000       -2.931969        1.000000   19.828990    3.393646    0.883673   31.331788
    0.313725    0.341068   -0.000000   -0.000000    0.000000       -2.931969        1.000000   20.487263    3.505904    0.883673   31.331788
    0.323529    0.341068    0.000000    0.000000    0.000000       -2.931969        1.000000   21.145535    3.618162    0.883673   31.331788
    0.333333    0.341068    0.000000    0.000000    0.000000       -2.931969        1.000000   21.803807    3.730419    0.883673   31.331788
    0.343137    0.341068   -0.000000   -0.000000    0.000000       -2.931969        1.000000   22.462079    3.842677    0.883673   31.331788
    0.352941    0.341068    0.000000   -0.000000    0.000000       -2.931969        1.000000   23.120351    3.954935    0.883673   31.331788
    0.362745    0.341068    0.000000    0.000000    0.000000       -2.931969        1.000000   23.778623    4.067193    0.883673   31.331788
    0.372549    0.341068   -0.000000    0.000000    0.000000       -2.931969        1.000000   24.436895    4.179450    0.883673   31.331788
    0.382353    0.341068   -0.000000   -0.000000    0.000000       -2.931969        1.000000   25.095167    4.291708    0.883673   31.331788
    0.392157    0.341068    0.000000   -0.000000    0.000000       -2.931969        1.000000   25.753440    4.403966    0.883673   31.331788
    0.401961    0.341068    0.000000    0.000000    0.000000       -2.931969        1.000000   26.411712    4.516223    0.883673   31.331788
    0.411765    0.341068    0.000000    0.000000    0.000000       -2.931969        1.000000   27.069984    4.628481    0.883673   31.331788
    0.421569    0.341068   -0.000000   -0.000000    0.000000       -2.931969        1.000000   27.728256    4.740739    0.883673   31.331788
    0.431373    0.341068    0.000000   -0.000000    0.000000       -2.931969        1.000000   28.386528    4.852996    0.883673   31.331788
    0.441176    0.341068    0.000000    0.000000    0.000000       -2.931969        1.000000   29.044800    4.965254    0.883673   31.331788
    0.450980    0.341068    0.000000    0.000000    0.000000       -2.931969        1.000000   29.703072    5.077512    0.883673   31.331788
    0.460784    0.341068   -0.000000   -0.000000    0.000000       -2.931969        1.000000   30.361345    5.189769    0.883673   31.331788
    0.470588    0.341068    0.000000   -0.000000    0.000000       -2.931969        1.000000   31.019617    5.302027    0.883673   31.331788
    0.480392    0.341068    0.000000    0.000000    0.000000       -2.931969        1.000000   31.677889    5.414285    0.883673   31.331788
    0.490196    0.341068   -0.000000    0.000000    0.000000       -2.931969        1.000000   32.336161    5.526542    0.883673   31.331788
    0.500000    0.341068   -0.000000   -0.000000    0.000000       -2.931969        1.000000   32.994433    5.638800    0.883673   31.331788
    0.509804    0.341068   -0.000000    0.000000    0.000000       -2.931969        1.000000   33.652705    5.751058    0.883673   31.331788
    0.519608    0.341068   -0.000000   -0.000000    0.000000       -2.931969        1.000000   34.310977    5.863315    0.883673   31.331788
    0.529412    0.341068    0.000000    0.000000    0.000000       -2.931969        1.000000   34.969249    5.975573    0.883673   31.331788
    0.539216    0.341068   -0.000000    0.000000    0.000000       -2.931969        1.000000   35.627522    6.087831    0.883673   31.331788
    0.549020    0.341068   -0.000000   -0.000000    0.000000       -2.931969        1.000000   36.285794    6.200088    0.883673   31.331788
    0.558824    0.341068    0.000000   -0.000000    0.000000       -2.931969        1.000000   36.944066    6.312346    0.883673   31.331788
    0.568627    0.341068   -0.000000    0.000000    0.000000       -2.931969        1.000000   37.602338    6.424604    0.883673   31.331788
    0.578431    0.341068    0.000000   -0.000000    0.000000       -2.931969        1.000000   38.260610    6.536861    0.883673   31.331788
    0.588235    0.341068    0.000000    0.000000    0.000000       -2.931969        1.000000   38.918882    6.649119    0.883673   31.331788
    0.598039    0.341068   -0.000000    0.000000    0.000000       -2.931969        1.000000   39.577154    6.761377    0.883673   31.331788
    0.607843    0.341068   -0.000000   -0.000000    0.000000       -2.931969        1.000000   40.235426    6.873635    0.883673   31.331788
    0.617647    0.341068    0.000000   -0.000000    0.000000       -2.931969        1.000000   40.893699    6.985892    0.883673   31.331788
    0.627451    0.341068   -0.000000    0.000000    0.000000       -2.931969        1.000000   41.551971    7.098150    0.883673   31.331788
    0.637255    0.341068   -0.000000    0.000000    0.000000       -2.931969        1.000000   42.210243    7.210408    0.883673   31.331788
    0.647059    0.341068   -0.000000    0.000000    0.000000       -2.931969        1.000000   42.868515    7.322665    0.883673   31.331788
    0.656863    0.341068   -0.000000   -0.000000    0.000000       -2.931969        1.000000   43.526787    7.434923    0.883673   31.331788
    0.666667    0.341068   -0.000000   -0.000000    0.000000       -2.931969        1.000000   44.185059    7.547181    0.883673   31.331788
    0.676471    0.341068   -0.000000   -0.000000    0.000000       -2.931969        1.000000   44.843331    7.659438    0.883673   31.331788
    0.686275    0.341068   -0.000000    0.000000    0.000000       -2.931969        1.000000   45.501604    7.771696    0.883673   31.331788
    0.696078    0.341068   -0.000000   -0.000000    0.000000       -2.931969        1.000000   46.159876    7.883954    0.883673   31.331788
    0.705882    0.341068   -0.000000    0.000000    0.000000       -2.931969        1.000000   46.818148    7.996211    0.883673   31.331788
    0.715686    0.341068   -0.000000   -0.000000    0.000000       -2.931969        1.000000   47.476420    8.108469    0.883673   31.331788
    0.725490    0.341068   -0.000000   -0.000000    0.000000       -2.931969        1.000000   48.134692    8.220727    0.883673   31.331788
    0.735294    0.341068   -0.000000    0.000000    0.000000       -2.931969        1.000000   48.792964    8.332984    0.883673   31.331788
    0.745098    0.341068   -0.000000   -0.000000    0.000000       -2.931969        1.000000   49.451236    8.445242    0.883673   31.331788
    0.754902    0.341068   -0.000000   -0.000000    0.000000       -2.931969        1.000000   50.109508    8.557500    0.883673   31.331788
    0.764706    0.341068    0.000000   -0.000000    0.000000       -2.931969        1.000000   50.767781    8.669757    0.883673   31.331788
    0.774510    0.341068    0.000000   -0.000000    0.000000       -2.931969        1.000000   51.426053    8.782015    0.883673   31.331788
    0.784314    0.341068    0.000000   -0.000000    0.000000       -2.931969        1.000000   52.084325    8.894273    0.883673   31.331788
    0.794118    0.341068    0.000000   -0.000000    0.000000       -2.931969        1.000000   52.742597    9.006530    0.883673   31.331788
    0.803922    0.341068    0.000000   -0.000000    0.000000       -2.931969        1.000000   53.400869    9.118788    0.883673   31.331788
    0.813725    0.341068    0.000000   -0.000000    0.000000       -2.931969        1.000000   54.059141    9.231046    0.883673   31.331788
    0.823529    0.341068    0.000000   -0.000000    0.000000       -2.931969        1.000000   54.717413    9.343304    0.883673   31.331788
    0.833333    0.341068    0.000000   -0.000000    0.000000       -2.931969        1.000000   55.375685    9.455561    0.883673   31.331788
    0.843137    0.341068    0.000000   -0.000000    0.000000       -2.931969        1.000000   56.033958    9.567819    0.883673   31.331788
    0.852941    0.341068    0.000000   -0.000000    0.000000       -2.931969        1.000000   56.692230    9.680077    0.883673   31.331788
    0.862745    0.341068    0.000000   -0.000000    0.000000       -2.931969        1.000000   57.350502    9.792334    0.883673   31.331788
    0.872549    0.341068    0.000000   -0.000000    0.000000       -2.931969        1.000000   58.008774    9.904592    0.883673   31.331788
    0.882353    0.341068    0.000000   -0.000000    0.000000       -2.931969        1.000000   58.667046   10.016850    0.883673   31.331788
    0.892157    0.341068    0.000000   -0.000000    0.000000       -2.931970        1.000000   59.325318   10.129107    0.883673   31.331788
    0.901961    0.341068    0.000000   -0.000001    0.000000       -2.931971        1.000000   59.983590   10.241365    0.883673   31.331788
    0.911765    0.341067    0.000001   -0.000007    0.000000       -2.931979        1.000000   60.641862   10.353623    0.883673   31.331788
    0.921569    0.341066    0.000007   -0.000037    0.000000       -2.932018        1.000000   61.300131   10.465880    0.883673   31.331788
    0.931373    0.341061    0.000036   -0.000187    0.000000       -2.932215        1.000000   61.958390   10.578135    0.883673   31.331788
    0.941176    0.341034    0.000179   -0.000937    0.000000       -2.933199        1.000000   62.616597   10.690382    0.883673   31.331788
    0.950980    0.340897    0.000895   -0.004694    0.000000       -2.938129        1.000000   63.274540   10.802584    0.883673   31.331788
    0.960784    0.340213    0.004480   -0.023481    0.000000       -2.962784        1.000000   63.931163   10.914562    0.883673   31.331788
    0.970588    0.336796    0.022356   -0.116684    0.000000       -3.085103        1.000000   64.581189   11.025418    0.883673   31.331788
    0.980392    0.319896    0.109705   -0.560458    0.000000       -3.667682        1.000000   65.198600   11.130658    0.883673   31.331788
    0.990196    0.241713    0.494460   -2.252939    0.000000       -5.894556        1.000000   65.665113   11.209476    0.883673   31.331788
    1.000000    0.000000    1.570796   -4.311685    0.000000       -8.623369        1.000000   65.665113   11.225958    0.883673   31.331788
