           t           r         psi          cs          qs               p             sig           A           V          Q2           S
    0.000000   -0.000000   -1.570796   -2.368297    0.000000       -4.736594        1.000000    0.000000    0.000000    0.919940   23.655907
    0.009804    0.217598   -0.917562   -3.564350    0.000000       -6.357383        1.000000    0.000000    0.005367    0.919940   23.655907
    0.019608    0.322385   -0.085531   -2.699620    0.000000       -5.790160        1.000000    0.469780    0.057971    0.919940   23.655907
    0.029412    0.299375    0.170130    0.189038    0.000000       -3.103025        1.000000    0.906030    0.130060    0.919940   23.655907
    0.039216    0.274165    0.032210    0.628225    0.000000       -3.017324        1.000000    1.305543    0.188432    0.919940   23.655907
    0.049020    0.277972   -0.039798    0.003859    0.000000       -3.590776        1.000000    1.710604    0.243387    0.919940   23.655907
    0.058824    0.284582   -0.011421   -0.153155    0.000000       -3.666853        1.000000    2.125297    0.301251    0.919940   23.655907
    0.068627    0.284270    0.008470   -0.014477    0.000000       -3.532128        1.000000    2.539536    0.360352    0.919940   23.655907
    0.078431    0.282669    0.003459    0.035344    0.000000       -3.502346        1.000000    2.951441    0.418853    0.919940   23.655907
    0.088235    0.282607   -0.001740    0.006521    0.000000       -3.531959        1.000000    3.363255    0.477015    0.919940   23.655907
    0.098039    0.282987   -0.000982   -0.007937    0.000000       -3.541669        1.000000    3.775624    0.535291    0.919940   23.655907
    0.107843    0.283035    0.000333   -0.002252    0.000000       -3.535389        1.000000    4.188062    0.593659    0.919940   23.655907
    0.117647    0.282948    0.000265    0.001711    0.000000       -3.532513        1.000000    4.600373    0.652007    0.919940   23.655907
    0.127451    0.282929   -0.000057    0.000689    0.000000       -3.533773        1.000000    5.012657    0.710332    0.919940   23.655907
    0.137255    0.282948   -0.000068   -0.000351    0.000000       -3.534572        1.000000    5.424969    0.768659    0.919940   23.655907
    0.147059    0.282954    0.000008   -0.000196    0.000000       -3.534339        1.000000    5.837289    0.826993    0.919940   23.655907
    0.156863    0.282950    0.000017    0.000067    0.000000       -3.534127        1.000000    6.249604    0.885326    0.919940   23.655907
    0.166667    0.282948   -0.000000    0.000053    0.000000       -3.534164        1.000000    6.661916    0.943658    0.919940   23.655907
    0.176471    0.282949   -0.000004   -0.000012    0.000000       -3.534219        1.000000    7.074230    1.001989    0.919940   23.655907
    0.186275    0.282949   -0.000000   -0.000014    0.000000       -3.534214        1.000000    7.486544    1.060321    0.919940   23.655907
    0.196078    0.282949    0.000001    0.000002    0.000000       -3.534201        1.000000    7.898857    1.118653    0.919940   23.655907
    0.205882    0.282949    0.000000    0.000003    0.000000       -3.534201        1.000000    8.311171    1.176985    0.919940   23.655907
    0.215686    0.282949   -0.000000   -0.000000    0.000000       -3.534204        1.000000    8.723485    1.235317    0.919940   23.655907
    0.225490    0.282949   -0.000000   -0.000001    0.000000       -3.534204        1.000000    9.135798    1.293649    0.919940   23.655907
    0.235294    0.282949    0.000000   -0.000000    0.000000       -3.534204        1.000000    9.548112    1.351981    0.919940   23.655907
    0.245098    0.282949    0.000000    0.000000    0.000000       -3.534203        1.000000    9.960426    1.410313    0.919940   23.655907
    0.254902    0.282949   -0.000000    0.000000    0.000000       -3.534204        1.000000   10.372739    1.468644    0.919940   23.655907
    0.264706    0.282949   -0.000000   -0.000000    0.000000       -3.534204        1.000000   10.785053    1.526976    0.919940   23.655907
    0.274510    0.282949    0.000000   -0.000000    0.000000       -3.534204        1.000000   11.197367    1.585308    0.919940   23.655907
    0.284314    0.282949    0.000000    0.000000    0.000000       -3.534204        1.000000   11.609680    1.643640    0.919940   23.655907
    0.294118    0.282949   -0.000000    0.000000    0.000000       -3.534204        1.000000   12.021994    1.701972    0.919940   23.655907
    0.303922    0.282949   -0.000000   -0.000000    0.000000       -3.534204        1.000000   12.434308    1.760304    0.919940   23.655907
    0.313725    0.282949    0.000000   -0.000000    0.000000       -3.534204        1.000000   12.846621    1.818636    0.919940   23.655907
    0.323529    0.282949    0.000000    0.000000    0.000000       -3.534204        1.000000   13.258935    1.876968    0.919940   23.655907
    0.333333    0.282949   -0.000000    0.000000    0.000000       -3.534204        1.000000   13.671249    1.935300    0.919940   23.655907
    0.343137    0.282949   -0.000000   -0.000000    0.000000       -3.534204        1.000000   14.083562    1.993632    0.919940   23.655907
    0.352941    0.282949   -0.000000   -0.000000    0.000000       -3.534204        1.000000   14.495876    2.051964    0.919940   23.655907
    0.362745    0.282949    0.000000    0.000000    0.000000       -3.534204        1.000000   14.908190    2.110295    0.919940   23.655907
    0.372549    0.282949    0.000000    0.000000    0.000000       -3.534204        1.000000   15.320503    2.168627    0.919940   23.655907
    0.382353    0.282949   -0.000000   -0.000000    0.000000       -3.534204        1.000000   15.732817    2.226959    0.919940   23.655907
    0.392157    0.282949   -0.000000   -0.000000    0.000000       -3.534204        1.000000   16.145131    2.285291    0.919940   23.655907
    0.401961    0.282949    0.000000   -0.000000    0.000000       -3.534204        1.000000   16.557445    2.343623    0.919940   23.655907
    0.411765    0.282949    0.000000    0.000000    0.000000       -3.534204        1.000000   16.969758    2.401955    0.919940   23.655907
    0.421569    0.282949   -0.000000    0.000000    0.000000       -3.534204        1.000000   17.382072    2.460287    0.919940   23.655907
    0.431373    0.282949   -0.000000   -0.000000    0.000000       -3.534204        1.000000   17.794386    2.518619    0.919940   23.655907
    0.441176    0.282949    0.000000   -0.000000    0.000000       -3.534204        1.000000   18.206699    2.576951    0.919940   23.655907
    0.450980    0.282949    0.000000    0.000000    0.000000       -3.534204        1.000000   18.619013    2.635283    0.919940   23.655907
    0.460784    0.282949    0.000000    0.000000    0.000000       -3.534204        1.000000   19.031327    2.693615    0.919940   23.655907
    0.470588    0.282949   -0.000000   -0.000000    0.000000       -3.534204        1.000000   19.443640    2.751946    0.919940   23.655907
    0.480392    0.282949   -0.000000   -0.000000    0.000000       -3.534204        1.000000   19.855954    2.810278    0.919940   23.655907
    0.490196    0.282949    0.000000    0.000000    0.000000       -3.534204        1.000000   20.268268    2.868610    0.919940   23.655907
    0.500000    0.282949   -0.000000    0.000000    0.000000       -3.534204        1.000000   20.680581    2.926942    0.919940   23.655907
    0.509804    0.282949   -0.000000   -0.000000    0.000000       -3.534204        1.000000   21.092895    2.985274    0.919940   23.655907
    0.519608    0.282949    0.000000    0.000000    0.000000       -3.534204        1.000000   21.505209    3.043606    0.919940   23.655907
    0.529412    0.282949   -0.000000    0.000000    0.000000       -3.534204        1.000000   21.917522    3.101938    0.919940   23.655907
    0.539216    0.282949   -0.000000   -0.000000    0.000000       -3.534204        1.000000   22.329836    3.160270    0.919940   23.655907
    0.549020    0.282949   -0.000000   -0.000000    0.000000       -3.534204        1.000000   22.742150    3.218602    0.919940   23.655907
    0.558824    0.282949    0.000000   -0.000000    0.000000       -3.534204        1.000000   23.154463    3.276934    0.919940   23.655907
    0.568627    0.282949    0.000000    0.000000    0.000000       -3.534204        1.000000   23.566777    3.335266    0.919940   23.655907
    0.578431    0.282949    0.000000    0.000000    0.000000       -3.534204        1.000000   23.979091    3.393597    0.919940   23.655907
    0.588235    0.282949    0.000000    0.000000    0.000000       -3.534204        1.000000   24.391404    3.451929    0.919940   23.655907
    0.598039    0.282949   -0.000000    0.000000    0.000000       -3.534204        1.000000   24.803718    3.510261    0.919940   23.655907
    0.607843    0.282949   -0.000000   -0.000000    0.000000       -3.534204        1.000000   25.216032    3.568593    0.919940   23.655907
    0.617647    0.282949   -0.000000   -0.000000    0.000000       -3.534204        1.000000   25.628345    3.626925    0.919940   23.655907
    0.627451    0.282949    0.000000    0.000000    0.000000       -3.534204        1.000000   26.040659    3.685257    0.919940   23.655907
    0.637255    0.282949    0.000000    0.000000    0.000000       -3.534204        1.000000   26.452973    3.743589    0.919940   23.655907
    0.647059    0.282949   -0.000000    0.000000    0.000000       -3.534204        1.000000   26.865286    3.801921    0.919940   23.655907
    0.656863    0.282949   -0.000000   -0.000000    0.000000       -3.534204        1.000000   27.277600    3.860253    0.919940   23.655907
    0.666667    0.282949    0.000000   -0.000000    0.000000       -3.534204        1.000000   27.689914    3.918585    0.919940   23.655907
    0.676471    0.282949    0.000000    0.000000    0.000000       -3.534204        1.000000   28.102227    3.976916    0.919940   23.655907
    0.686275    0.282949   -0.000000    0.000000    0.000000       -3.534204        1.000000   28.514541    4.035248    0.919940   23.655907
    0.696078    0.282949   -0.000000   -0.000000    0.000000       -3.534204        1.000000   28.926855    4.093580    0.919940   23.655907
    0.705882    0.282949    0.000000   -0.000000    0.000000       -3.534204        1.000000   29.339169    4.151912    0.919940   23.655907
    0.715686    0.282949   -0.000000    0.000000    0.000000       -3.534204        1.000000   29.751482    4.210244    0.919940   23.655907
    0.725490    0.282949   -0.000000    0.000000    0.000000       -3.534204        1.000000   30.163796    4.268576    0.919940   23.655907
    0.735294    0.282949    0.000000   -0.000000    0.000000       -3.534204        1.000000   30.576110    4.326908    0.919940   23.655907
    0.745098    0.282949    0.000000   -0.000000    0.000000       -3.534204        1.000000   30.988423    4.385240    0.919940   23.655907
    0.754902    0.282949    0.000000   -0.000000    0.000000       -3.534204        1.000000   31.400737    4.443572    0.919940   23.655907
    0.764706    0.282949    0.000000   -0.000000    0.000000       -3.534204        1.000000   31.813051    4.501904    0.919940   23.655907
    0.774510    0.282949    0.000000   -0.000000    0.000000       -3.534204        1.000000   32.225364    4.560236    0.919940   23.655907
    0.784314    0.282949    0.000000   -0.000000    0.000000       -3.534204        1.000000   32.637678    4.618567    0.919940   23.655907
    0.794118    0.282949    0.000000   -0.000000    0.000000       -3.534204        1.000000   33.049992    4.676899    0.919940   23.655907
    0.803922    0.282949    0.000000   -0.000000    0.000000       -3.534204        1.000000   33.462305    4.735231    0.919940   23.655907
    0.813725    0.282949    0.000000   -0.000000    0.000000       -3.534204        1.000000   33.874619    4.793563    0.919940   23.655907
    0.823529    0.282949    0.000000   -0.000000    0.000000       -3.534204        1.000000   34.286933    4.851895    0.919940   23.655907
    0.833333    0.282949    0.000000   -0.000000    0.000000       -3.534204        1.000000   34.699246    4.910227    0.919940   23.655907
    0.843137    0.282949    0.000000   -0.000000    0.000000       -3.534204        1.000000   35.111560    4.968559    0.919940   23.655907
    0.852941    0.282949    0.000000   -0.000000    0.000000       -3.534204        1.000000   35.523874    5.026891    0.919940   23.655907
    0.862745    0.282949    0.000000   -0.000000    0.000000       -3.534204        1.000000   35.936187    5.085223    0.919940   23.655907
    0.872549    0.282949    0.000000   -0.000000    0.000000       -3.534204        1.000000   36.348501    5.143555    0.919940   23.655907
    0.882353    0.282949    0.000000   -0.000001    0.000000       -3.534204        1.000000   36.760815    5.201887    0.919940   23.655907
    0.892157    0.282949    0.000000   -0.000002    0.000000       -3.534207        1.000000   37.173128    5.260218    0.919940   23.655907
    0.901961    0.282949    0.000002   -0.000010    0.000000       -3.534217        1.000000   37.585442    5.318550    0.919940   23.655907
    0.911765    0.282948    0.000007   -0.000043    0.000000       -3.534261        1.000000   37.997754    5.376882    0.919940   23.655907
    0.921569    0.282944    0.000029   -0.000178    0.000000       -3.534441        1.000000   38.410060    5.435213    0.919940   23.655907
    0.931373    0.282930    0.000121   -0.000742    0.000000       -3.535191        1.000000   38.822345    5.493540    0.919940   23.655907
    0.941176    0.282867    0.000502   -0.003090    0.000000       -3.538314        1.000000   39.234540    5.551854    0.919940   23.655907
    0.950980    0.282609    0.002091   -0.012858    0.000000       -3.551307        1.000000   39.646358    5.610112    0.919940   23.655907
    0.960784    0.281534    0.008698   -0.053412    0.000000       -3.605247        1.000000   40.056610    5.668132    0.919940   23.655907
    0.970588    0.277071    0.036034   -0.220145    0.000000       -3.826980        1.000000   40.460358    5.725168    0.919940   23.655907
    0.980392    0.258762    0.146829   -0.876890    0.000000       -4.699861        1.000000   40.837427    5.778111    0.919940   23.655907
    0.990196    0.188370    0.555377   -2.972565    0.000000       -7.483372        1.000000   41.111920    5.815368    0.919940   23.655907
    1.000000    0.000000    1.570796   -5.270307    0.000000      -10.540613        1.000000   41.111920    5.822418    0.919940   23.655907
