           t           r         psi          cs          qs               p             sig           A           V          Q2           S
    0.000000    0.000000   -1.570796   -0.995418    0.000000       -1.990836        1.000000    0.000000    0.000000    0.020623    3.683608
    0.009804    0.036106   -1.534848   -0.995421    0.000000       -1.990840        1.000000    0.000000    0.000001    0.020623    3.683608
    0.019608    0.072165   -1.498899   -0.995429    0.000000       -1.990851        1.000000    0.016375    0.000021    0.020623    3.683608
    0.029412    0.108132   -1.462950   -0.995443    0.000000       -1.990869        1.000000    0.040911    0.000107    0.020623    3.683608
    0.039216    0.143958   -1.427001   -0.995463    0.000000       -1.990896        1.000000    0.073577    0.000338    0.020623    3.683608
    0.049020    0.179598   -1.391050   -0.995489    0.000000       -1.990930        1.000000    0.114329    0.000822    0.020623    3.683608
    0.058824    0.215007   -1.355099   -0.995523    0.000000       -1.990975        1.000000    0.163116    0.001697    0.020623    3.683608
    0.068627    0.250137   -1.319146   -0.995564    0.000000       -1.991029        1.000000    0.219875    0.003126    0.020623    3.683608
    0.078431    0.284944   -1.283192   -0.995615    0.000000       -1.991095        1.000000    0.284531    0.005299    0.020623    3.683608
    0.088235    0.319383   -1.247235   -0.995676    0.000000       -1.991173        1.000000    0.357003    0.008426    0.020623    3.683608
    0.098039    0.353409   -1.211276   -0.995748    0.000000       -1.991266        1.000000    0.437194    0.012738    0.020623    3.683608
    0.107843    0.386978   -1.175314   -0.995834    0.000000       -1.991375        1.000000    0.525004    0.018482    0.020623    3.683608
    0.117647    0.420047   -1.139349   -0.995935    0.000000       -1.991504        1.000000    0.620316    0.025917    0.020623    3.683608
    0.127451    0.452573   -1.103380   -0.996055    0.000000       -1.991654        1.000000    0.723010    0.035315    0.020623    3.683608
    0.137255    0.484513   -1.067406   -0.996197    0.000000       -1.991831        1.000000    0.832950    0.046951    0.020623    3.683608
    0.147059    0.515827   -1.031427   -0.996365    0.000000       -1.992038        1.000000    0.949997    0.061105    0.020623    3.683608
    0.156863    0.546474   -0.995441   -0.996564    0.000000       -1.992281        1.000000    1.073997    0.078052    0.020623    3.683608
    0.166667    0.576413   -0.959447   -0.996800    0.000000       -1.992567        1.000000    1.204790    0.098066    0.020623    3.683608
    0.176471    0.605606   -0.923444   -0.997082    0.000000       -1.992905        1.000000    1.342208    0.121410    0.020623    3.683608
    0.186275    0.634015   -0.887430   -0.997419    0.000000       -1.993306        1.000000    1.486072    0.148336    0.020623    3.683608
    0.196078    0.661603   -0.851402   -0.997824    0.000000       -1.993783        1.000000    1.636197    0.179078    0.020623    3.683608
    0.205882    0.688333   -0.815358   -0.998314    0.000000       -1.994354        1.000000    1.792386    0.213851    0.020623    3.683608
    0.215686    0.714171   -0.779295   -0.998910    0.000000       -1.995043        1.000000    1.954438    0.252848    0.020623    3.683608
    0.225490    0.739082   -0.743208   -0.999640    0.000000       -1.995878        1.000000    2.122143    0.296235    0.020623    3.683608
    0.235294    0.763033   -0.707091   -1.000541    0.000000       -1.996900        1.000000    2.295283    0.344152    0.020623    3.683608
    0.245098    0.785992   -0.670938   -1.001663    0.000000       -1.998160        1.000000    2.473632    0.396704    0.020623    3.683608
    0.254902    0.807928   -0.634740   -1.003075    0.000000       -1.999730        1.000000    2.656959    0.453966    0.020623    3.683608
    0.264706    0.828811   -0.598484   -1.004869    0.000000       -2.001707        1.000000    2.845024    0.515977    0.020623    3.683608
    0.274510    0.848611   -0.562154   -1.007178    0.000000       -2.004229        1.000000    3.037582    0.582739    0.020623    3.683608
    0.284314    0.867300   -0.525729   -1.010191    0.000000       -2.007491        1.000000    3.234381    0.654219    0.020623    3.683608
    0.294118    0.884849   -0.489179   -1.014185    0.000000       -2.011778        1.000000    3.435162    0.730343    0.020623    3.683608
    0.303922    0.901230   -0.452461   -1.019571    0.000000       -2.017511        1.000000    3.639660    0.811000    0.020623    3.683608
    0.313725    0.916416   -0.415514   -1.026980    0.000000       -2.025336        1.000000    3.847603    0.896041    0.020623    3.683608
    0.323529    0.930375   -0.378248   -1.037401    0.000000       -2.036259        1.000000    4.058715    0.985279    0.020623    3.683608
    0.333333    0.943077   -0.340530   -1.052418    0.000000       -2.051888        1.000000    4.272708    1.078489    0.020623    3.683608
    0.343137    0.954485   -0.302149   -1.074622    0.000000       -2.074847        1.000000    4.489290    1.175409    0.020623    3.683608
    0.352941    0.964554   -0.262776   -1.108253    0.000000       -2.109414        1.000000    4.708157    1.275743    0.020623    3.683608
    0.362745    0.973225   -0.221886   -1.159892    0.000000       -2.162214        1.000000    4.928991    1.379153    0.020623    3.683608
    0.372549    0.980417   -0.178686   -1.237383    0.000000       -2.241117        1.000000    5.151457    1.485261    0.020623    3.683608
    0.382353    0.986019   -0.132219   -1.337540    0.000000       -2.342867        1.000000    5.375194    1.593634    0.020623    3.683608
    0.392157    0.989895   -0.082532   -1.394611    0.000000       -2.401380        1.000000    5.599811    1.703755    0.020623    3.683608
    0.401961    0.991985   -0.034317   -1.219211    0.000000       -2.226697        1.000000    5.824902    1.814998    0.020623    3.683608
    0.411765    0.992521    0.001724   -0.746283    0.000000       -1.753817        1.000000    6.050115    1.926708    0.020623    3.683608
    0.421569    0.992083    0.019713   -0.276148    0.000000       -1.283933        1.000000    6.275228    2.038426    0.020623    3.683608
    0.431373    0.991262    0.024071    0.002688    0.000000       -1.005835        1.000000    6.500155    2.149973    0.020623    3.683608
    0.441176    0.990428    0.021393    0.126065    0.000000       -0.883369        1.000000    6.724893    2.261328    0.020623    3.683608
    0.450980    0.989749    0.016003    0.162209    0.000000       -0.848019        1.000000    6.949476    2.372522    0.020623    3.683608
    0.460784    0.989277    0.010205    0.153841    0.000000       -0.856946        1.000000    7.173953    2.483596    0.020623    3.683608
    0.470588    0.989003    0.005150    0.123716    0.000000       -0.887390        1.000000    7.398367    2.594593    0.020623    3.683608
    0.480392    0.988889    0.001382    0.084078    0.000000       -0.927156        1.000000    7.622756    2.705550    0.020623    3.683608
    0.490196    0.988885   -0.000893    0.041837    0.000000       -0.969402        1.000000    7.847143    2.816496    0.020623    3.683608
    0.500000    0.988935   -0.001656    0.000786    0.000000       -1.010402        1.000000    8.071542    2.927448    0.020623    3.683608
    0.509804    0.988987   -0.000981   -0.037711    0.000000       -1.048846        1.000000    8.295953    3.038412    0.020623    3.683608
    0.519608    0.988990    0.001049   -0.074680    0.000000       -1.085812        1.000000    8.520365    3.149383    0.020623    3.683608
    0.529412    0.988895    0.004434   -0.113523    0.000000       -1.124742        1.000000    8.744755    3.260345    0.020623    3.683608
    0.539216    0.988651    0.009334   -0.159489    0.000000       -1.170924        1.000000    8.969089    3.371267    0.020623    3.683608
    0.549020    0.988198    0.016109   -0.218288    0.000000       -1.230099        1.000000    9.193321    3.482106    0.020623    3.683608
    0.558824    0.987459    0.025304   -0.293834    0.000000       -1.306210        1.000000    9.417385    3.592799    0.020623    3.683608
    0.568627    0.986334    0.037532   -0.385810    0.000000       -1.398951        1.000000    9.641194    3.703254    0.020623    3.683608
    0.578431    0.984706    0.053301   -0.488530    0.000000       -1.502619        1.000000    9.864633    3.813344    0.020623    3.683608
    0.588235    0.982441    0.072832   -0.592486    0.000000       -1.607660        1.000000   10.087559    3.922898    0.020623    3.683608
    0.598039    0.979407    0.095993   -0.688098    0.000000       -1.704423        1.000000   10.309796    4.031693    0.020623    3.683608
    0.607843    0.975481    0.122354   -0.769095    0.000000       -1.786567        1.000000   10.531142    4.139459    0.020623    3.683608
    0.617647    0.970561    0.151342   -0.833516    0.000000       -1.852071        1.000000   10.751372    4.245889    0.020623    3.683608
    0.627451    0.964569    0.182372   -0.882585    0.000000       -1.902125        1.000000   10.970242    4.350648    0.020623    3.683608
    0.637255    0.957446    0.214937   -0.919008    0.000000       -1.939420        1.000000   11.187496    4.453386    0.020623    3.683608
    0.647059    0.949153    0.248633   -0.945709    0.000000       -1.966882        1.000000   11.402868    4.553754    0.020623    3.683608
    0.656863    0.939666    0.283157   -0.965228    0.000000       -1.987057        1.000000   11.616087    4.651409    0.020623    3.683608
    0.666667    0.928971    0.318286   -0.979543    0.000000       -2.001936        1.000000   11.826880    4.746025    0.020623    3.683608
    0.676471    0.917063    0.353862   -0.990119    0.000000       -2.012995        1.000000   12.034970    4.837297    0.020623    3.683608
    0.686275    0.903944    0.389768   -0.998005    0.000000       -2.021295        1.000000   12.240084    4.924946    0.020623    3.683608
    0.696078    0.889622    0.425922   -1.003947    0.000000       -2.027594        1.000000   12.441948    5.008724    0.020623    3.683608
    0.705882    0.874107    0.462264   -1.008473    0.000000       -2.032427        1.000000   12.640291    5.088418    0.020623    3.683608
    0.715686    0.857415    0.498749   -1.011957    0.000000       -2.036177        1.000000   12.834847    5.163848    0.020623    3.683608
    0.725490    0.839565    0.535346   -1.014667    0.000000       -2.039117        1.000000   13.025353    5.234871    0.020623    3.683608
    0.735294    0.820577    0.572029   -1.016796    0.000000       -2.041446        1.000000   13.211549    5.301384    0.020623    3.683608
    0.745098    0.800473    0.608781   -1.018483    0.000000       -2.043309        1.000000   13.393185    5.363321    0.020623    3.683608
    0.754902    0.779281    0.645588   -1.019833    0.000000       -2.044812        1.000000   13.570011    5.420655    0.020623    3.683608
    0.764706    0.757026    0.682438   -1.020920    0.000000       -2.046034        1.000000   13.741788    5.473396    0.020623    3.683608
    0.774510    0.733738    0.719324   -1.021803    0.000000       -2.047035        1.000000   13.908280    5.521592    0.020623    3.683608
    0.784314    0.709447    0.756239   -1.022525    0.000000       -2.047862        1.000000   14.069260    5.565326    0.020623    3.683608
    0.794118    0.684187    0.793177   -1.023119    0.000000       -2.048548        1.000000   14.224509    5.604713    0.020623    3.683608
    0.803922    0.657991    0.830135   -1.023610    0.000000       -2.049121        1.000000   14.373813    5.639901    0.020623    3.683608
    0.813725    0.630893    0.867109   -1.024019    0.000000       -2.049602        1.000000   14.516969    5.671067    0.020623    3.683608
    0.823529    0.602932    0.904096   -1.024360    0.000000       -2.050007        1.000000   14.653780    5.698410    0.020623    3.683608
    0.833333    0.574145    0.941095   -1.024646    0.000000       -2.050351        1.000000   14.784059    5.722155    0.020623    3.683608
    0.843137    0.544571    0.978104   -1.024886    0.000000       -2.050642        1.000000   14.907628    5.742543    0.020623    3.683608
    0.852941    0.514250    1.015120   -1.025089    0.000000       -2.050890        1.000000   15.024316    5.759831    0.020623    3.683608
    0.862745    0.483224    1.052143   -1.025261    0.000000       -2.051102        1.000000   15.133965    5.774288    0.020623    3.683608
    0.872549    0.451536    1.089172   -1.025407    0.000000       -2.051283        1.000000   15.236422    5.786189    0.020623    3.683608
    0.882353    0.419228    1.126205   -1.025530    0.000000       -2.051437        1.000000   15.331549    5.795811    0.020623    3.683608
    0.892157    0.386344    1.163243   -1.025634    0.000000       -2.051569        1.000000   15.419215    5.803433    0.020623    3.683608
    0.901961    0.352931    1.200284   -1.025722    0.000000       -2.051681        1.000000   15.499298    5.809325    0.020623    3.683608
    0.911765    0.319033    1.237328   -1.025797    0.000000       -2.051777        1.000000   15.571690    5.813753    0.020623    3.683608
    0.921569    0.284698    1.274375   -1.025859    0.000000       -2.051858        1.000000   15.636291    5.816966    0.020623    3.683608
    0.931373    0.249972    1.311424   -1.025911    0.000000       -2.051925        1.000000   15.693012    5.819200    0.020623    3.683608
    0.941176    0.214902    1.348474   -1.025954    0.000000       -2.051981        1.000000   15.741775    5.820671    0.020623    3.683608
    0.950980    0.179538    1.385526   -1.025989    0.000000       -2.052027        1.000000   15.782514    5.821571    0.020623    3.683608
    0.960784    0.143927    1.422579   -1.026016    0.000000       -2.052063        1.000000   15.815172    5.822070    0.020623    3.683608
    0.970588    0.108118    1.459632   -1.026036    0.000000       -2.052090        1.000000   15.839705    5.822308    0.020623    3.683608
    0.980392    0.072162    1.496687   -1.026051    0.000000       -2.052109        1.000000   15.856079    5.822396    0.020623    3.683608
    0.990196    0.036106    1.533741   -1.026059    0.000000       -2.052120        1.000000   15.864272    5.822417    0.020623    3.683608
    1.000000   -0.000000    1.570796   -1.026062    0.000000       -2.052124        1.000000   15.864272    5.822418    0.020623    3.683608
