           t           r         psi          cs          qs               p             sig           A           V          Q2           S
    0.000000    0.000000   -1.570796   -0.995034    0.000000       -1.990069        1.000000    0.000000    0.000000    0.023719    3.687141
    0.009804    0.036141   -1.534827   -0.995038    0.000000       -1.990073        1.000000    0.000000    0.000001    0.023719    3.687141
    0.019608    0.072235   -1.498858   -0.995048    0.000000       -1.990087        1.000000    0.016406    0.000021    0.023719    3.687141
    0.029412    0.108235   -1.462888   -0.995065    0.000000       -1.990110        1.000000    0.040990    0.000108    0.023719    3.687141
    0.039216    0.144095   -1.426918   -0.995090    0.000000       -1.990142        1.000000    0.073718    0.000339    0.023719    3.687141
    0.049020    0.179769   -1.390946   -0.995123    0.000000       -1.990186        1.000000    0.114548    0.000825    0.023719    3.687141
    0.058824    0.215211   -1.354974   -0.995164    0.000000       -1.990240        1.000000    0.163428    0.001703    0.023719    3.687141
    0.068627    0.250374   -1.318999   -0.995216    0.000000       -1.990308        1.000000    0.220295    0.003137    0.023719    3.687141
    0.078431    0.285213   -1.283022   -0.995278    0.000000       -1.990389        1.000000    0.285075    0.005317    0.023719    3.687141
    0.088235    0.319683   -1.247043   -0.995353    0.000000       -1.990486        1.000000    0.357684    0.008455    0.023719    3.687141
    0.098039    0.353739   -1.211061   -0.995443    0.000000       -1.990601        1.000000    0.438027    0.012781    0.023719    3.687141
    0.107843    0.387337   -1.175076   -0.995549    0.000000       -1.990736        1.000000    0.526002    0.018545    0.023719    3.687141
    0.117647    0.420434   -1.139086   -0.995675    0.000000       -1.990895        1.000000    0.621494    0.026006    0.023719    3.687141
    0.127451    0.452987   -1.103091   -0.995823    0.000000       -1.991082        1.000000    0.724380    0.035435    0.023719    3.687141
    0.137255    0.484953   -1.067091   -0.995999    0.000000       -1.991300        1.000000    0.834526    0.047110    0.023719    3.687141
    0.147059    0.516291   -1.031083   -0.996207    0.000000       -1.991556        1.000000    0.951790    0.061311    0.023719    3.687141
    0.156863    0.546960   -0.995068   -0.996453    0.000000       -1.991857        1.000000    1.076019    0.078315    0.023719    3.687141
    0.166667    0.576920   -0.959042   -0.996745    0.000000       -1.992211        1.000000    1.207054    0.098395    0.023719    3.687141
    0.176471    0.606132   -0.923005   -0.997094    0.000000       -1.992630        1.000000    1.344723    0.121816    0.023719    3.687141
    0.186275    0.634558   -0.886955   -0.997511    0.000000       -1.993125        1.000000    1.488848    0.148830    0.023719    3.687141
    0.196078    0.662161   -0.850888   -0.998012    0.000000       -1.993716        1.000000    1.639243    0.179671    0.023719    3.687141
    0.205882    0.688904   -0.814800   -0.998619    0.000000       -1.994424        1.000000    1.795712    0.214556    0.023719    3.687141
    0.215686    0.714752   -0.778689   -0.999357    0.000000       -1.995276        1.000000    1.958052    0.253678    0.023719    3.687141
    0.225490    0.739670   -0.742548   -1.000260    0.000000       -1.996310        1.000000    2.126051    0.297204    0.023719    3.687141
    0.235294    0.763625   -0.706371   -1.001375    0.000000       -1.997574        1.000000    2.299491    0.345271    0.023719    3.687141
    0.245098    0.786586   -0.670148   -1.002764    0.000000       -1.999133        1.000000    2.478147    0.397986    0.023719    3.687141
    0.254902    0.808519   -0.633870   -1.004509    0.000000       -2.001074        1.000000    2.661783    0.455425    0.023719    3.687141
    0.264706    0.829395   -0.597520   -1.006727    0.000000       -2.003519        1.000000    2.850161    0.517625    0.023719    3.687141
    0.274510    0.849183   -0.561079   -1.009581    0.000000       -2.006635        1.000000    3.043034    0.584588    0.023719    3.687141
    0.284314    0.867854   -0.524520   -1.013300    0.000000       -2.010662        1.000000    3.240148    0.656280    0.023719    3.687141
    0.294118    0.885379   -0.487806   -1.018225    0.000000       -2.015948        1.000000    3.441241    0.732626    0.023719    3.687141
    0.303922    0.901729   -0.450885   -1.024855    0.000000       -2.023006        1.000000    3.646049    0.813514    0.023719    3.687141
    0.313725    0.916873   -0.413682   -1.033953    0.000000       -2.032615        1.000000    3.854296    0.898793    0.023719    3.687141
    0.323529    0.930780   -0.376090   -1.046698    0.000000       -2.045976        1.000000    4.065701    0.988274    0.023719    3.687141
    0.333333    0.943414   -0.337944   -1.064953    0.000000       -2.064979        1.000000    4.279976    1.081730    0.023719    3.687141
    0.343137    0.954735   -0.298995   -1.091677    0.000000       -2.092618        1.000000    4.496823    1.178896    0.023719    3.687141
    0.352941    0.964691   -0.258862   -1.131464    0.000000       -2.133528        1.000000    4.715931    1.279468    0.023719    3.687141
    0.362745    0.973216   -0.216960   -1.190659    0.000000       -2.194092        1.000000    4.936975    1.383103    0.023719    3.687141
    0.372549    0.980219   -0.172484   -1.274027    0.000000       -2.279070        1.000000    5.159609    1.489409    0.023719    3.687141
    0.382353    0.985580   -0.124716   -1.366340    0.000000       -2.373090        1.000000    5.383461    1.597930    0.023719    3.687141
    0.392157    0.989178   -0.074603   -1.379536    0.000000       -2.387664        1.000000    5.608131    1.708118    0.023719    3.687141
    0.401961    0.991007   -0.028040   -1.145327    0.000000       -2.154005        1.000000    5.833215    1.819321    0.023719    3.687141
    0.411765    0.991367    0.005277   -0.680690    0.000000       -1.689384        1.000000    6.058382    1.930904    0.023719    3.687141
    0.421569    0.990832    0.021739   -0.255267    0.000000       -1.264281        1.000000    6.283427    2.042453    0.023719    3.687141
    0.431373    0.989945    0.025852   -0.000028    0.000000       -1.009848        1.000000    6.508271    2.153813    0.023719    3.687141
    0.441176    0.989042    0.023383    0.119134    0.000000       -0.891669        1.000000    6.732909    2.264966    0.023719    3.687141
    0.450980    0.988286    0.018189    0.158675    0.000000       -0.853010        1.000000    6.957376    2.375942    0.023719    3.687141
    0.460784    0.987733    0.012420    0.155439    0.000000       -0.856902        1.000000    7.181717    2.486782    0.023719    3.687141
    0.470588    0.987381    0.007216    0.129917    0.000000       -0.882836        1.000000    7.405979    2.597528    0.023719    3.687141
    0.480392    0.987198    0.003158    0.093439    0.000000       -0.919524        1.000000    7.630198    2.708219    0.023719    3.687141
    0.490196    0.987136    0.000514    0.052459    0.000000       -0.960573        1.000000    7.854404    2.818885    0.023719    3.687141
    0.500000    0.987143   -0.000625    0.010584    0.000000       -1.002440        1.000000    8.078611    2.929545    0.023719    3.687141
    0.509804    0.987163   -0.000260   -0.030667    0.000000       -1.043671        1.000000    8.302823    3.040210    0.023719    3.687141
    0.519608    0.987143    0.001589   -0.071704    0.000000       -1.084727        1.000000    8.527030    3.150876    0.023719    3.687141
    0.529412    0.987030    0.004949   -0.114812    0.000000       -1.127940        1.000000    8.751211    3.261527    0.023719    3.687141
    0.539216    0.986766    0.009960   -0.163793    0.000000       -1.177154        1.000000    8.975333    3.372135    0.023719    3.687141
    0.549020    0.986287    0.016914   -0.222972    0.000000       -1.236731        1.000000    9.199346    3.482654    0.023719    3.687141
    0.558824    0.985515    0.026242   -0.295515    0.000000       -1.309864        1.000000    9.423183    3.593018    0.023719    3.687141
    0.568627    0.984355    0.038443   -0.381540    0.000000       -1.396683        1.000000    9.646757    3.703137    0.023719    3.687141
    0.578431    0.982696    0.053942   -0.477066    0.000000       -1.493194        1.000000    9.869954    3.812883    0.023719    3.687141
    0.588235    0.980415    0.072960   -0.574845    0.000000       -1.592108        1.000000   10.092633    3.922089    0.023719    3.687141
    0.598039    0.977385    0.095432   -0.666926    0.000000       -1.685409        1.000000   10.314624    4.030541    0.023719    3.687141
    0.607843    0.973489    0.121035   -0.747366    0.000000       -1.767084        1.000000   10.535730    4.137979    0.023719    3.687141
    0.617647    0.968625    0.149291   -0.813491    0.000000       -1.834399        1.000000   10.755731    4.244106    0.023719    3.687141
    0.627451    0.962712    0.179677   -0.865486    0.000000       -1.887497        1.000000   10.974389    4.348595    0.023719    3.687141
    0.637255    0.955687    0.211715   -0.905196    0.000000       -1.928200        1.000000   11.191452    4.451106    0.023719    3.687141
    0.647059    0.947508    0.245001   -0.935026    0.000000       -1.958909        1.000000   11.406657    4.551293    0.023719    3.687141
    0.656863    0.938144    0.279223   -0.957277    0.000000       -1.981929        1.000000   11.619735    4.648814    0.023719    3.687141
    0.666667    0.927578    0.314141   -0.973869    0.000000       -1.999187        1.000000   11.830413    4.743342    0.023719    3.687141
    0.676471    0.915802    0.349581   -0.986291    0.000000       -2.012186        1.000000   12.038417    4.834572    0.023719    3.687141
    0.686275    0.902817    0.385410   -0.995654    0.000000       -2.022047        1.000000   12.243472    4.922222    0.023719    3.687141
    0.696078    0.888626    0.421536   -1.002771    0.000000       -2.029594        1.000000   12.445303    5.006040    0.023719    3.687141
    0.705882    0.873240    0.457888   -1.008228    0.000000       -2.035424        1.000000   12.643639    5.085807    0.023719    3.687141
    0.715686    0.856672    0.494413   -1.012454    0.000000       -2.039974        1.000000   12.838213    5.161339    0.023719    3.687141
    0.725490    0.838940    0.531074   -1.015755    0.000000       -2.043557        1.000000   13.028759    5.232489    0.023719    3.687141
    0.735294    0.820064    0.567841   -1.018358    0.000000       -2.046405        1.000000   13.215018    5.299148    0.023719    3.687141
    0.745098    0.800066    0.604692   -1.020427    0.000000       -2.048690        1.000000   13.396735    5.361245    0.023719    3.687141
    0.754902    0.778971    0.641610   -1.022086    0.000000       -2.050538        1.000000   13.573661    5.418749    0.023719    3.687141
    0.764706    0.756806    0.678581   -1.023426    0.000000       -2.052043        1.000000   13.745552    5.471665    0.023719    3.687141
    0.774510    0.733601    0.715597   -1.024516    0.000000       -2.053279        1.000000   13.912173    5.520039    0.023719    3.687141
    0.784314    0.709385    0.752648   -1.025408    0.000000       -2.054300        1.000000   14.073293    5.563947    0.023719    3.687141
    0.794118    0.684192    0.789729   -1.026142    0.000000       -2.055149        1.000000   14.228692    5.603505    0.023719    3.687141
    0.803922    0.658054    0.826834   -1.026750    0.000000       -2.055858        1.000000   14.378154    5.638856    0.023719    3.687141
    0.813725    0.631008    0.863959   -1.027256    0.000000       -2.056454        1.000000   14.521473    5.670173    0.023719    3.687141
    0.823529    0.603091    0.901100   -1.027679    0.000000       -2.056957        1.000000   14.658452    5.697658    0.023719    3.687141
    0.833333    0.574340    0.938256   -1.028034    0.000000       -2.057382        1.000000   14.788900    5.721531    0.023719    3.687141
    0.843137    0.544795    0.975423   -1.028332    0.000000       -2.057744        1.000000   14.912638    5.742034    0.023719    3.687141
    0.852941    0.514496    1.012600   -1.028584    0.000000       -2.058052        1.000000   15.029494    5.759424    0.023719    3.687141
    0.862745    0.483486    1.049786   -1.028797    0.000000       -2.058315        1.000000   15.139307    5.773969    0.023719    3.687141
    0.872549    0.451806    1.086979   -1.028978    0.000000       -2.058539        1.000000   15.241924    5.785944    0.023719    3.687141
    0.882353    0.419501    1.124178   -1.029131    0.000000       -2.058731        1.000000   15.337204    5.795629    0.023719    3.687141
    0.892157    0.386616    1.161381   -1.029260    0.000000       -2.058895        1.000000   15.425015    5.803301    0.023719    3.687141
    0.901961    0.353195    1.198590   -1.029370    0.000000       -2.059034        1.000000   15.505236    5.809233    0.023719    3.687141
    0.911765    0.319285    1.235801   -1.029463    0.000000       -2.059153        1.000000   15.577754    5.813691    0.023719    3.687141
    0.921569    0.284932    1.273016   -1.029540    0.000000       -2.059253        1.000000   15.642470    5.816927    0.023719    3.687141
    0.931373    0.250185    1.310234   -1.029605    0.000000       -2.059337        1.000000   15.699294    5.819177    0.023719    3.687141
    0.941176    0.215092    1.347453   -1.029658    0.000000       -2.059407        1.000000   15.748147    5.820658    0.023719    3.687141
    0.950980    0.179700    1.384675   -1.029701    0.000000       -2.059463        1.000000   15.788962    5.821565    0.023719    3.687141
    0.960784    0.144060    1.421898   -1.029735    0.000000       -2.059508        1.000000   15.821682    5.822067    0.023719    3.687141
    0.970588    0.108220    1.459121   -1.029760    0.000000       -2.059542        1.000000   15.846262    5.822307    0.023719    3.687141
    0.980392    0.072230    1.496346   -1.029778    0.000000       -2.059566        1.000000   15.862667    5.822396    0.023719    3.687141
    0.990196    0.036140    1.533571   -1.029789    0.000000       -2.059580        1.000000   15.870875    5.822417    0.023719    3.687141
    1.000000    0.000000    1.570796   -1.029792    0.000000       -2.059584        1.000000   15.870875    5.822418    0.023719    3.687141
