           t           r         psi          cs          qs               p             sig           A           V          Q2           S
    0.000000    0.000000   -1.570796   -2.167519    0.000000       -4.335039        1.000000    0.000000    0.000000    0.903112   19.687296
    0.009804    0.186644   -1.105398   -2.864277    0.000000       -5.268735        1.000000    0.000000    0.002379    0.903112   19.687296
    0.019608    0.321970   -0.461142   -3.494398    0.000000       -6.275854        1.000000    0.390464    0.033224    0.903112   19.687296
    0.029412    0.354129    0.058151   -1.585320    0.000000       -4.404374        1.000000    0.819929    0.104249    0.903112   19.687296
    0.039216    0.326944    0.165318    0.242738    0.000000       -2.774185        1.000000    1.216426    0.174551    0.903112   19.687296
    0.049020    0.304049    0.060504    0.631888    0.000000       -2.651042        1.000000    1.585156    0.233810    0.903112   19.687296
    0.058824    0.302140   -0.027254    0.229686    0.000000       -3.078811        1.000000    1.951571    0.288971    0.903112   19.687296
    0.068627    0.309122   -0.034254   -0.104451    0.000000       -3.337525        1.000000    2.326454    0.345542    0.903112   19.687296
    0.078431    0.313244   -0.007819   -0.128615    0.000000       -3.320916        1.000000    2.706336    0.404410    0.903112   19.687296
    0.088235    0.312950    0.007556   -0.028575    0.000000       -3.223885        1.000000    3.085861    0.463946    0.903112   19.687296
    0.098039    0.311432    0.006323    0.028840    0.000000       -3.182072        1.000000    3.463545    0.523034    0.903112   19.687296
    0.107843    0.310785    0.000576    0.023777    0.000000       -3.193885        1.000000    3.840444    0.581687    0.903112   19.687296
    0.117647    0.310976   -0.001839    0.002022    0.000000       -3.213660        1.000000    4.217575    0.640275    0.903112   19.687296
    0.127451    0.311287   -0.001099   -0.006980    0.000000       -3.219450        1.000000    4.595083    0.698978    0.903112   19.687296
    0.137255    0.311376    0.000075   -0.004113    0.000000       -3.215665        1.000000    4.972700    0.757759    0.903112   19.687296
    0.147059    0.311316    0.000405    0.000314    0.000000       -3.211860        1.000000    5.350243    0.816540    0.903112   19.687296
    0.156863    0.311256    0.000174    0.001533    0.000000       -3.211256        1.000000    5.727714    0.875295    0.903112   19.687296
    0.166667    0.311247   -0.000050    0.000649    0.000000       -3.212234        1.000000    6.105174    0.934037    0.903112   19.687296
    0.176471    0.311262   -0.000083   -0.000194    0.000000       -3.212918        1.000000    6.482652    0.992781    0.903112   19.687296
    0.186275    0.311273   -0.000024   -0.000313    0.000000       -3.212926        1.000000    6.860144    1.051531    0.903112   19.687296
    0.196078    0.311273    0.000016   -0.000089    0.000000       -3.212702        1.000000    7.237636    1.110283    0.903112   19.687296
    0.205882    0.311270    0.000016    0.000061    0.000000       -3.212588        1.000000    7.615123    1.169033    0.903112   19.687296
    0.215686    0.311268    0.000002    0.000060    0.000000       -3.212607        1.000000    7.992608    1.227783    0.903112   19.687296
    0.225490    0.311268   -0.000004    0.000009    0.000000       -3.212655        1.000000    8.370094    1.286533    0.903112   19.687296
    0.235294    0.311269   -0.000003   -0.000016    0.000000       -3.212672        1.000000    8.747581    1.345282    0.903112   19.687296
    0.245098    0.311269   -0.000000   -0.000011    0.000000       -3.212664        1.000000    9.125067    1.404032    0.903112   19.687296
    0.254902    0.311269    0.000001   -0.000000    0.000000       -3.212655        1.000000    9.502554    1.462782    0.903112   19.687296
    0.264706    0.311269    0.000000    0.000004    0.000000       -3.212653        1.000000    9.880041    1.521532    0.903112   19.687296
    0.274510    0.311269   -0.000000    0.000002    0.000000       -3.212655        1.000000   10.257527    1.580282    0.903112   19.687296
    0.284314    0.311269   -0.000000   -0.000000    0.000000       -3.212657        1.000000   10.635014    1.639032    0.903112   19.687296
    0.294118    0.311269   -0.000000   -0.000001    0.000000       -3.212657        1.000000   11.012500    1.697782    0.903112   19.687296
    0.303922    0.311269    0.000000   -0.000000    0.000000       -3.212656        1.000000   11.389987    1.756532    0.903112   19.687296
    0.313725    0.311269    0.000000    0.000000    0.000000       -3.212656        1.000000   11.767474    1.815282    0.903112   19.687296
    0.323529    0.311269    0.000000    0.000000    0.000000       -3.212656        1.000000   12.144960    1.874032    0.903112   19.687296
    0.333333    0.311269   -0.000000    0.000000    0.000000       -3.212656        1.000000   12.522447    1.932782    0.903112   19.687296
    0.343137    0.311269   -0.000000   -0.000000    0.000000       -3.212656        1.000000   12.899933    1.991532    0.903112   19.687296
    0.352941    0.311269   -0.000000   -0.000000    0.000000       -3.212656        1.000000   13.277420    2.050282    0.903112   19.687296
    0.362745    0.311269    0.000000   -0.000000    0.000000       -3.212656        1.000000   13.654907    2.109032    0.903112   19.687296
    0.372549    0.311269    0.000000    0.000000    0.000000       -3.212656        1.000000   14.032393    2.167781    0.903112   19.687296
    0.382353    0.311269   -0.000000    0.000000    0.000000       -3.212656        1.000000   14.409880    2.226531    0.903112   19.687296
    0.392157    0.311269   -0.000000   -0.000000    0.000000       -3.212656        1.000000   14.787366    2.285281    0.903112   19.687296
    0.401961    0.311269   -0.000000   -0.000000    0.000000       -3.212656        1.000000   15.164853    2.344031    0.903112   19.687296
    0.411765    0.311269    0.000000   -0.000000    0.000000       -3.212656        1.000000   15.542340    2.402781    0.903112   19.687296
    0.421569    0.311269    0.000000    0.000000    0.000000       -3.212656        1.000000   15.919826    2.461531    0.903112   19.687296
    0.431373    0.311269    0.000000    0.000000    0.000000       -3.212656        1.000000   16.297313    2.520281    0.903112   19.687296
    0.441176    0.311269   -0.000000    0.000000    0.000000       -3.212656        1.000000   16.674799    2.579031    0.903112   19.687296
    0.450980    0.311269   -0.000000   -0.000000    0.000000       -3.212656        1.000000   17.052286    2.637781    0.903112   19.687296
    0.460784    0.311269   -0.000000   -0.000000    0.000000       -3.212656        1.000000   17.429772    2.696531    0.903112   19.687296
    0.470588    0.311269    0.000000   -0.000000    0.000000       -3.212656        1.000000   17.807259    2.755281    0.903112   19.687296
    0.480392    0.311269    0.000000    0.000000    0.000000       -3.212656        1.000000   18.184746    2.814031    0.903112   19.687296
    0.490196    0.311269   -0.000000    0.000000    0.000000       -3.212656        1.000000   18.562232    2.872780    0.903112   19.687296
    0.500000    0.311269   -0.000000   -0.000000    0.000000       -3.212656        1.000000   18.939719    2.931530    0.903112   19.687296
    0.509804    0.311269   -0.000000   -0.000000    0.000000       -3.212656        1.000000   19.317205    2.990280    0.903112   19.687296
    0.519608    0.311269    0.000000   -0.000000    0.000000       -3.212656        1.000000   19.694692    3.049030    0.903112   19.687296
    0.529412    0.311269    0.000000    0.000000    0.000000       -3.212656        1.000000   20.072179    3.107780    0.903112   19.687296
    0.539216    0.311269    0.000000    0.000000    0.000000       -3.212656        1.000000   20.449665    3.166530    0.903112   19.687296
    0.549020    0.311269   -0.000000    0.000000    0.000000       -3.212656        1.000000   20.827152    3.225280    0.903112   19.687296
    0.558824    0.311269   -0.000000   -0.000000    0.000000       -3.212656        1.000000   21.204638    3.284030    0.903112   19.687296
    0.568627    0.311269   -0.000000   -0.000000    0.000000       -3.212656        1.000000   21.582125    3.342780    0.903112   19.687296
    0.578431    0.311269    0.000000   -0.000000    0.000000       -3.212656        1.000000   21.959611    3.401530    0.903112   19.687296
    0.588235    0.311269    0.000000    0.000000    0.000000       -3.212656        1.000000   22.337098    3.460280    0.903112   19.687296
    0.598039    0.311269    0.000000    0.000000    0.000000       -3.212656        1.000000   22.714585    3.519030    0.903112   19.687296
    0.607843    0.311269    0.000000    0.000000    0.000000       -3.212656        1.000000   23.092071    3.577780    0.903112   19.687296
    0.617647    0.311269   -0.000000    0.000000    0.000000       -3.212656        1.000000   23.469558    3.636529    0.903112   19.687296
    0.627451    0.311269   -0.000000   -0.000000    0.000000       -3.212656        1.000000   23.847044    3.695279    0.903112   19.687296
    0.637255    0.311269    0.000000   -0.000000    0.000000       -3.212656        1.000000   24.224531    3.754029    0.903112   19.687296
    0.647059    0.311269    0.000000    0.000000    0.000000       -3.212656        1.000000   24.602018    3.812779    0.903112   19.687296
    0.656863    0.311269    0.000000    0.000000    0.000000       -3.212656        1.000000   24.979504    3.871529    0.903112   19.687296
    0.666667    0.311269    0.000000    0.000000    0.000000       -3.212656        1.000000   25.356991    3.930279    0.903112   19.687296
    0.676471    0.311269    0.000000   -0.000000    0.000000       -3.212656        1.000000   25.734477    3.989029    0.903112   19.687296
    0.686275    0.311269    0.000000   -0.000000    0.000000       -3.212656        1.000000   26.111964    4.047779    0.903112   19.687296
    0.696078    0.311269    0.000000   -0.000000    0.000000       -3.212656        1.000000   26.489450    4.106529    0.903112   19.687296
    0.705882    0.311269    0.000000   -0.000000    0.000000       -3.212656        1.000000   26.866937    4.165279    0.903112   19.687296
    0.715686    0.311269    0.000000   -0.000000    0.000000       -3.212656        1.000000   27.244424    4.224029    0.903112   19.687296
    0.725490    0.311269    0.000000   -0.000000    0.000000       -3.212656        1.000000   27.621910    4.282779    0.903112   19.687296
    0.735294    0.311269    0.000000   -0.000000    0.000000       -3.212656        1.000000   27.999397    4.341529    0.903112   19.687296
    0.745098    0.311269    0.000000   -0.000000    0.000000       -3.212656        1.000000   28.376883    4.400278    0.903112   19.687296
    0.754902    0.311269    0.000000   -0.000000    0.000000       -3.212656        1.000000   28.754370    4.459028    0.903112   19.687296
    0.764706    0.311269    0.000000   -0.000000    0.000000       -3.212656        1.000000   29.131857    4.517778    0.903112   19.687296
    0.774510    0.311269    0.000000   -0.000000    0.000000       -3.212656        1.000000   29.509343    4.576528    0.903112   19.687296
    0.784314    0.311269    0.000000   -0.000000    0.000000       -3.212656        1.000000   29.886830    4.635278    0.903112   19.687296
    0.794118    0.311269    0.000000   -0.000000    0.000000       -3.212656        1.000000   30.264316    4.694028    0.903112   19.687296
    0.803922    0.311269    0.000000   -0.000000    0.000000       -3.212656        1.000000   30.641803    4.752778    0.903112   19.687296
    0.813725    0.311269    0.000000   -0.000000    0.000000       -3.212656        1.000000   31.019289    4.811528    0.903112   19.687296
    0.823529    0.311269    0.000000   -0.000000    0.000000       -3.212656        1.000000   31.396776    4.870278    0.903112   19.687296
    0.833333    0.311269    0.000000   -0.000000    0.000000       -3.212656        1.000000   31.774263    4.929028    0.903112   19.687296
    0.843137    0.311269    0.000000   -0.000000    0.000000       -3.212657        1.000000   32.151749    4.987778    0.903112   19.687296
    0.852941    0.311269    0.000000   -0.000001    0.000000       -3.212658        1.000000   32.529236    5.046528    0.903112   19.687296
    0.862745    0.311269    0.000001   -0.000003    0.000000       -3.212661        1.000000   32.906722    5.105277    0.903112   19.687296
    0.872549    0.311269    0.000002   -0.000010    0.000000       -3.212670        1.000000   33.284208    5.164027    0.903112   19.687296
    0.882353    0.311268    0.000005   -0.000031    0.000000       -3.212697        1.000000   33.661694    5.222777    0.903112   19.687296
    0.892157    0.311266    0.000016   -0.000092    0.000000       -3.212778        1.000000   34.039177    5.281526    0.903112   19.687296
    0.901961    0.311260    0.000049   -0.000275    0.000000       -3.213019        1.000000   34.416653    5.340274    0.903112   19.687296
    0.911765    0.311243    0.000145   -0.000820    0.000000       -3.213740        1.000000   34.794109    5.399018    0.903112   19.687296
    0.921569    0.311193    0.000432   -0.002446    0.000000       -3.215889        1.000000   35.171503    5.457751    0.903112   19.687296
    0.931373    0.311041    0.001288   -0.007295    0.000000       -3.222299        1.000000   35.548713    5.516448    0.903112   19.687296
    0.941176    0.310590    0.003842   -0.021744    0.000000       -3.241397        1.000000   35.925377    5.575042    0.903112   19.687296
    0.950980    0.309246    0.011446   -0.064676    0.000000       -3.298140        1.000000   36.300410    5.633327    0.903112   19.687296
    0.960784    0.305246    0.033993   -0.191164    0.000000       -3.465315        1.000000   36.670592    5.690688    0.903112   19.687296
    0.970588    0.293433    0.100001   -0.554248    0.000000       -3.945151        1.000000   37.026449    5.745296    0.903112   19.687296
    0.980392    0.259380    0.285755   -1.511846    0.000000       -5.210851        1.000000   37.341009    5.791876    0.903112   19.687296
    0.990196    0.170066    0.747498   -3.403712    0.000000       -7.716099        1.000000   37.547254    5.818660    0.903112   19.687296
    1.000000    0.000000    1.570796   -4.759806    0.000000       -9.519612        1.000000   37.547254    5.822418    0.903112   19.687296
