           t           r         psi          cs          qs               p             sig           A           V          Q2           S
    0.000000   -0.000000   -1.570796   -1.036514    0.000000       -2.073027        1.000000    0.000000   -0.000000    0.331526    4.274467
    0.009804    0.041893   -1.527354   -1.036953    0.000000       -2.073612        1.000000    0.000000    0.000003    0.331526    4.274467
    0.019608    0.083708   -1.483874   -1.038283    0.000000       -2.075383        1.000000    0.022041    0.000040    0.331526    4.274467
    0.029412    0.125364   -1.440319   -1.040541    0.000000       -2.078382        1.000000    0.055050    0.000202    0.331526    4.274467
    0.039216    0.166782   -1.396649   -1.043788    0.000000       -2.082682        1.000000    0.098965    0.000637    0.331526    4.274467
    0.049020    0.207882   -1.352821   -1.048113    0.000000       -2.088382        1.000000    0.153701    0.001548    0.331526    4.274467
    0.058824    0.248585   -1.308787   -1.053626    0.000000       -2.095613        1.000000    0.219155    0.003192    0.331526    4.274467
    0.068627    0.288808   -1.264495   -1.060470    0.000000       -2.104537        1.000000    0.295200    0.005872    0.331526    4.274467
    0.078431    0.328469   -1.219885   -1.068816    0.000000       -2.115350        1.000000    0.381688    0.009937    0.331526    4.274467
    0.088235    0.367485   -1.174890   -1.078870    0.000000       -2.128286        1.000000    0.478449    0.015772    0.331526    4.274467
    0.098039    0.405770   -1.129434   -1.090876    0.000000       -2.143619        1.000000    0.585291    0.023793    0.331526    4.274467
    0.107843    0.443237   -1.083429   -1.105117    0.000000       -2.161666        1.000000    0.701998    0.034441    0.331526    4.274467
    0.117647    0.479794   -1.036775   -1.121917    0.000000       -2.182786        1.000000    0.828331    0.048171    0.331526    4.274467
    0.127451    0.515348   -0.989357   -1.141639    0.000000       -2.207379        1.000000    0.964026    0.065448    0.331526    4.274467
    0.137255    0.549801   -0.941044   -1.164677    0.000000       -2.235873        1.000000    1.108792    0.086731    0.331526    4.274467
    0.147059    0.583048   -0.891690   -1.191435    0.000000       -2.268701        1.000000    1.262312    0.112470    0.331526    4.274467
    0.156863    0.614981   -0.841129   -1.222288    0.000000       -2.306259        1.000000    1.424241    0.143088    0.331526    4.274467
    0.166667    0.645482   -0.789185   -1.257515    0.000000       -2.348830        1.000000    1.594200    0.178976    0.331526    4.274467
    0.176471    0.674427   -0.735671   -1.297183    0.000000       -2.396459        1.000000    1.771781    0.220471    0.331526    4.274467
    0.186275    0.701682   -0.680406   -1.340966    0.000000       -2.448758        1.000000    1.956539    0.267846    0.331526    4.274467
    0.196078    0.727106   -0.623236   -1.387874    0.000000       -2.504622        1.000000    2.147990    0.321290    0.331526    4.274467
    0.205882    0.750550   -0.564068   -1.435885    0.000000       -2.561842        1.000000    2.345615    0.380889    0.331526    4.274467
    0.215686    0.771864   -0.502923   -1.481511    0.000000       -2.616656        1.000000    2.548852    0.446604    0.331526    4.274467
    0.225490    0.790900   -0.440005   -1.519395    0.000000       -2.663345        1.000000    2.757101    0.518248    0.331526    4.274467
    0.235294    0.807523   -0.375788   -1.542195    0.000000       -2.694135        1.000000    2.969727    0.595475    0.331526    4.274467
    0.245098    0.821632   -0.311083   -1.541100    0.000000       -2.699773        1.000000    3.186068    0.677767    0.331526    4.274467
    0.254902    0.833169   -0.247081   -1.507329    0.000000       -2.671115        1.000000    3.405447    0.764447    0.331526    4.274467
    0.264706    0.842146   -0.185296   -1.434560    0.000000       -2.601675        1.000000    3.627190    0.854713    0.331526    4.274467
    0.274510    0.848655   -0.127412   -1.321514    0.000000       -2.490298        1.000000    3.850646    0.947696    0.331526    4.274467
    0.284314    0.852867   -0.075030   -1.173341    0.000000       -2.342557        1.000000    4.075211    1.042533    0.331526    4.274467
    0.294118    0.855029   -0.029412   -1.000799    0.000000       -2.169843        1.000000    4.300346    1.138438    0.331526    4.274467
    0.303922    0.855436    0.008700   -0.817459    0.000000       -1.986409        1.000000    4.525588    1.234752    0.331526    4.274467
    0.313725    0.854408    0.039134   -0.636376    0.000000       -1.805881        1.000000    4.750559    1.330968    0.331526    4.274467
    0.323529    0.852260    0.062211   -0.467685    0.000000       -1.638765        1.000000    4.974965    1.426725    0.331526    4.274467
    0.333333    0.849291    0.078596   -0.317727    0.000000       -1.491545        1.000000    5.198589    1.521790    0.331526    4.274467
    0.343137    0.845761    0.089144   -0.189381    0.000000       -1.367053        1.000000    5.421283    1.616029    0.331526    4.274467
    0.352941    0.841898    0.094776   -0.082977    0.000000       -1.265440        1.000000    5.642960    1.709377    0.331526    4.274467
    0.362745    0.837886    0.096388    0.002735    0.000000       -1.185205        1.000000    5.863581    1.801823    0.331526    4.274467
    0.372549    0.833876    0.094807    0.069812    0.000000       -1.124022        1.000000    6.083146    1.893385    0.331526    4.274467
    0.382353    0.829986    0.090765    0.120594    0.000000       -1.079286        1.000000    6.301687    1.984107    0.331526    4.274467
    0.392157    0.826304    0.084895    0.157401    0.000000       -1.048448        1.000000    6.519258    2.074045    0.331526    4.274467
    0.401961    0.822897    0.077737    0.182379    0.000000       -1.029170        1.000000    6.735932    2.163263    0.331526    4.274467
    0.411765    0.819807    0.069747    0.197434    0.000000       -1.019400        1.000000    6.951793    2.251831    0.331526    4.274467
    0.421569    0.817062    0.061305    0.204228    0.000000       -1.017369        1.000000    7.166931    2.339821    0.331526    4.274467
    0.431373    0.814674    0.052726    0.204195    0.000000       -1.021583        1.000000    7.381440    2.427305    0.331526    4.274467
    0.441176    0.812644    0.044269    0.198565    0.000000       -1.030781        1.000000    7.595414    2.514356    0.331526    4.274467
    0.450980    0.810960    0.036147    0.188393    0.000000       -1.043907        1.000000    7.808945    2.601043    0.331526    4.274467
    0.460784    0.809608    0.028530    0.174587    0.000000       -1.060077        1.000000    8.022120    2.687430    0.331526    4.274467
    0.470588    0.808561    0.021554    0.157928    0.000000       -1.078550        1.000000    8.235020    2.773580    0.331526    4.274467
    0.480392    0.807791    0.015324    0.139091    0.000000       -1.098708        1.000000    8.447716    2.859550    0.331526    4.274467
    0.490196    0.807265    0.009919    0.118653    0.000000       -1.120037        1.000000    8.660274    2.945390    0.331526    4.274467
    0.500000    0.806947    0.005395    0.097107    0.000000       -1.142113        1.000000    8.872749    3.031146    0.331526    4.274467
    0.509804    0.806800    0.001789    0.074869    0.000000       -1.164594        1.000000    9.085184    3.116855    0.331526    4.274467
    0.519608    0.806784   -0.000875    0.052277    0.000000       -1.187212        1.000000    9.297616    3.202548    0.331526    4.274467
    0.529412    0.806860   -0.002591    0.029597    0.000000       -1.209771        1.000000    9.510067    3.288248    0.331526    4.274467
    0.539216    0.806988   -0.003358    0.007023    0.000000       -1.232146        1.000000    9.722553    3.373970    0.331526    4.274467
    0.549020    0.807128   -0.003183   -0.015324    0.000000       -1.254278        1.000000    9.935075    3.459721    0.331526    4.274467
    0.558824    0.807242   -0.002077   -0.037396    0.000000       -1.276180        1.000000   10.147627    3.545499    0.331526    4.274467
    0.568627    0.807290   -0.000052   -0.059220    0.000000       -1.297933        1.000000   10.360191    3.631296    0.331526    4.274467
    0.578431    0.807233    0.002884   -0.080893    0.000000       -1.319687        1.000000   10.572741    3.717093    0.331526    4.274467
    0.588235    0.807035    0.006728   -0.102587    0.000000       -1.341662        1.000000   10.785239    3.802862    0.331526    4.274467
    0.598039    0.806657    0.011486   -0.124536    0.000000       -1.364139        1.000000   10.997637    3.888569    0.331526    4.274467
    0.607843    0.806060    0.017174   -0.147038    0.000000       -1.387458        1.000000   11.209878    3.974167    0.331526    4.274467
    0.617647    0.805204    0.023822   -0.170440    0.000000       -1.412009        1.000000   11.421893    4.059602    0.331526    4.274467
    0.627451    0.804049    0.031477   -0.195131    0.000000       -1.438221        1.000000   11.633604    4.144811    0.331526    4.274467
    0.637255    0.802551    0.040200   -0.221522    0.000000       -1.466541        1.000000   11.844921    4.229718    0.331526    4.274467
    0.647059    0.800665    0.050073   -0.250028    0.000000       -1.497425        1.000000   12.055742    4.314236    0.331526    4.274467
    0.656863    0.798339    0.061191   -0.281050    0.000000       -1.531306        1.000000   12.265950    4.398267    0.331526    4.274467
    0.666667    0.795520    0.073669   -0.314947    0.000000       -1.568577        1.000000   12.475415    4.481699    0.331526    4.274467
    0.676471    0.792150    0.087632   -0.352013    0.000000       -1.609557        1.000000   12.683993    4.564405    0.331526    4.274467
    0.686275    0.788163    0.103219   -0.392449    0.000000       -1.654470        1.000000   12.891522    4.646240    0.331526    4.274467
    0.696078    0.783490    0.120573   -0.436340    0.000000       -1.703415        1.000000   13.097820    4.727043    0.331526    4.274467
    0.705882    0.778056    0.139838   -0.483637    0.000000       -1.756346        1.000000   13.302687    4.806635    0.331526    4.274467
    0.715686    0.771780    0.161153   -0.534141    0.000000       -1.813058        1.000000   13.505902    4.884815    0.331526    4.274467
    0.725490    0.764579    0.184646   -0.587499    0.000000       -1.873176        1.000000   13.707220    4.961363    0.331526    4.274467
    0.735294    0.756362    0.210426   -0.643214    0.000000       -1.936168        1.000000   13.906375    5.036040    0.331526    4.274467
    0.745098    0.747042    0.238580   -0.700662    0.000000       -2.001358        1.000000   14.103076    5.108585    0.331526    4.274467
    0.754902    0.736525    0.269165   -0.759119    0.000000       -2.067959        1.000000   14.297008    5.178728    0.331526    4.274467
    0.764706    0.724724    0.302207   -0.817807    0.000000       -2.135110        1.000000   14.487833    5.246182    0.331526    4.274467
    0.774510    0.711552    0.337700   -0.875928    0.000000       -2.201930        1.000000   14.675189    5.310659    0.331526    4.274467
    0.784314    0.696930    0.375603   -0.932719    0.000000       -2.267554        1.000000   14.858696    5.371872    0.331526    4.274467
    0.794118    0.680784    0.415845   -0.987481    0.000000       -2.331188        1.000000   15.037951    5.429546    0.331526    4.274467
    0.803922    0.663054    0.458330   -1.039619    0.000000       -2.392139        1.000000   15.212537    5.483426    0.331526    4.274467
    0.813725    0.643686    0.502936   -1.088660    0.000000       -2.449838        1.000000   15.382024    5.533291    0.331526    4.274467
    0.823529    0.622645    0.549526   -1.134262    0.000000       -2.503857        1.000000   15.545970    5.578961    0.331526    4.274467
    0.833333    0.599907    0.597950   -1.176210    0.000000       -2.553909        1.000000   15.703930    5.620309    0.331526    4.274467
    0.843137    0.575463    0.648055   -1.214414    0.000000       -2.599837        1.000000   15.855453    5.657269    0.331526    4.274467
    0.852941    0.549319    0.699682   -1.248883    0.000000       -2.641601        1.000000   16.000092    5.689839    0.331526    4.274467
    0.862745    0.521499    0.752677   -1.279713    0.000000       -2.679258        1.000000   16.137406    5.718089    0.331526    4.274467
    0.872549    0.492040    0.806890   -1.307062    0.000000       -2.712939        1.000000   16.266964    5.742162    0.331526    4.274467
    0.882353    0.460994    0.862180   -1.331133    0.000000       -2.742830        1.000000   16.388346    5.762268    0.331526    4.274467
    0.892157    0.428428    0.918414   -1.352155    0.000000       -2.769152        1.000000   16.501154    5.778679    0.331526    4.274467
    0.901961    0.394422    0.975469   -1.370369    0.000000       -2.792146        1.000000   16.605008    5.791726    0.331526    4.274467
    0.911765    0.359067    1.033233   -1.386016    0.000000       -2.812059        1.000000   16.699553    5.801780    0.331526    4.274467
    0.921569    0.322466    1.091603   -1.399328    0.000000       -2.829135        1.000000   16.784460    5.809247    0.331526    4.274467
    0.931373    0.284733    1.150485   -1.410525    0.000000       -2.843603        1.000000   16.859432    5.814545    0.331526    4.274467
    0.941176    0.245990    1.209796   -1.419805    0.000000       -2.855677        1.000000   16.924203    5.818096    0.331526    4.274467
    0.950980    0.206367    1.269459   -1.427344    0.000000       -2.865548        1.000000   16.978541    5.820304    0.331526    4.274467
    0.960784    0.166000    1.329404   -1.433295    0.000000       -2.873384        1.000000   17.022250    5.821542    0.331526    4.274467
    0.970588    0.125032    1.389568   -1.437787    0.000000       -2.879326        1.000000   17.055171    5.822139    0.331526    4.274467
    0.980392    0.083609    1.449891   -1.440921    0.000000       -2.883486        1.000000   17.077186    5.822363    0.331526    4.274467
    0.990196    0.041881    1.510318   -1.442770    0.000000       -2.885948        1.000000   17.088214    5.822415    0.331526    4.274467
    1.000000    0.000000    1.570796   -1.443381    0.000000       -2.886763        1.000000   17.088214    5.822418    0.331526    4.274467
