           t           r         psi          cs          qs               p             sig           A           V          Q2           S
    0.000000    0.000000   -1.570796   -1.160056    0.000000       -2.320112        1.000000    0.000000    0.000000    0.558053    6.199713
    0.009804    0.060731   -1.500208   -1.163935    0.000000       -2.325281        1.000000    0.000000    0.000012    0.558053    6.199713
    0.019608    0.121158   -1.429144   -1.175745    0.000000       -2.340986        1.000000    0.046271    0.000198    0.558053    6.199713
    0.029412    0.180971   -1.357110   -1.195983    0.000000       -2.367791        1.000000    0.115384    0.000999    0.558053    6.199713
    0.039216    0.239845   -1.283571   -1.225410    0.000000       -2.406555        1.000000    0.206981    0.003136    0.558053    6.199713
    0.049020    0.297434   -1.207941   -1.264965    0.000000       -2.458323        1.000000    0.320571    0.007589    0.558053    6.199713
    0.058824    0.353361   -1.129573   -1.315616    0.000000       -2.524141        1.000000    0.455521    0.015563    0.558053    6.199713
    0.068627    0.407208   -1.047771   -1.378080    0.000000       -2.604734        1.000000    0.611034    0.028437    0.558053    6.199713
    0.078431    0.458507   -0.961810   -1.452323    0.000000       -2.699929        1.000000    0.786139    0.047700    0.558053    6.199713
    0.088235    0.506732   -0.871014   -1.536718    0.000000       -2.807707        1.000000    0.979660    0.074855    0.558053    6.199713
    0.098039    0.551296   -0.774884   -1.626773    0.000000       -2.922814        1.000000    1.190201    0.111284    0.558053    6.199713
    0.107843    0.591564   -0.673322   -1.713523    0.000000       -3.035027        1.000000    1.416120    0.158085    0.558053    6.199713
    0.117647    0.626888   -0.566946   -1.782183    0.000000       -3.127791        1.000000    1.655529    0.215861    0.558053    6.199713
    0.127451    0.656670   -0.457450   -1.812471    0.000000       -3.178731        1.000000    1.906312    0.284524    0.558053    6.199713
    0.137255    0.680467   -0.347841   -1.782501    0.000000       -3.164068        1.000000    2.166184    0.363166    0.558053    6.199713
    0.147059    0.698103   -0.242310   -1.676753    0.000000       -3.067358        1.000000    2.432790    0.450088    0.558053    6.199713
    0.156863    0.709758   -0.145569   -1.494715    0.000000       -2.888744        1.000000    2.703848    0.543048    0.558053    6.199713
    0.166667    0.715973   -0.061810   -1.253743    0.000000       -2.647776        1.000000    2.977279    0.639664    0.558053    6.199713
    0.176471    0.717578    0.006235   -0.982945    0.000000       -2.376494        1.000000    3.251323    0.737809    0.558053    6.199713
    0.186275    0.715553    0.057689   -0.712366    0.000000       -2.107562        1.000000    3.524594    0.835862    0.558053    6.199713
    0.196078    0.710892    0.093303   -0.464687    0.000000       -1.865251        1.000000    3.796085    0.932754    0.558053    6.199713
    0.205882    0.704511    0.114906   -0.252648    0.000000       -1.662711        1.000000    4.065138    1.027890    0.558053    6.199713
    0.215686    0.697191    0.124831   -0.080676    0.000000       -1.503844        1.000000    4.331396    1.121015    0.558053    6.199713
    0.225490    0.689562    0.125508    0.052131    0.000000       -1.386658        1.000000    4.594741    1.212094    0.558053    6.199713
    0.235294    0.682113    0.119215    0.149414    0.000000       -1.306212        1.000000    4.855241    1.301228    0.558053    6.199713
    0.245098    0.675204    0.107970    0.215860    0.000000       -1.256551        1.000000    5.113102    1.388590    0.558053    6.199713
    0.254902    0.669079    0.093501    0.256297    0.000000       -1.231767        1.000000    5.368625    1.474399    0.558053    6.199713
    0.264706    0.663890    0.077248    0.275292    0.000000       -1.226489        1.000000    5.622165    1.558888    0.558053    6.199713
    0.274510    0.659710    0.060385    0.277015    0.000000       -1.236040        1.000000    5.874109    1.642301    0.558053    6.199713
    0.284314    0.656548    0.043847    0.265217    0.000000       -1.256437        1.000000    6.124846    1.724874    0.558053    6.199713
    0.294118    0.654361    0.028350    0.243265    0.000000       -1.284329        1.000000    6.374747    1.806837    0.558053    6.199713
    0.303922    0.653070    0.014419    0.214161    0.000000       -1.316909        1.000000    6.624156    1.888402    0.558053    6.199713
    0.313725    0.652569    0.002407    0.180563    0.000000       -1.351837        1.000000    6.873373    1.969761    0.558053    6.199713
    0.323529    0.652735   -0.007487    0.144795    0.000000       -1.387178        1.000000    7.122653    2.051085    0.558053    6.199713
    0.333333    0.653435   -0.015192    0.108846    0.000000       -1.421352        1.000000    7.372201    2.132513    0.558053    6.199713
    0.343137    0.654538   -0.020748    0.074368    0.000000       -1.453099        1.000000    7.622170    2.214162    0.558053    6.199713
    0.352941    0.655916   -0.024289    0.042672    0.000000       -1.481464        1.000000    7.872665    2.296116    0.558053    6.199713
    0.362745    0.657453   -0.026012    0.014734    0.000000       -1.505772        1.000000    8.123747    2.378432    0.558053    6.199713
    0.372549    0.659046   -0.026169   -0.008796    0.000000       -1.525622        1.000000    8.375438    2.461141    0.558053    6.199713
    0.382353    0.660608   -0.025039   -0.027579    0.000000       -1.540862        1.000000    8.627725    2.544249    0.558053    6.199713
    0.392157    0.662069   -0.022914   -0.041554    0.000000       -1.551573        1.000000    8.880570    2.627744    0.558053    6.199713
    0.401961    0.663379   -0.020082   -0.050904    0.000000       -1.558035        1.000000    9.133915    2.711594    0.558053    6.199713
    0.411765    0.664502   -0.016812   -0.056011    0.000000       -1.560686        1.000000    9.387689    2.795758    0.558053    6.199713
    0.421569    0.665419   -0.013348   -0.057404    0.000000       -1.560084        1.000000    9.641814    2.880186    0.558053    6.199713
    0.431373    0.666124   -0.009896   -0.055708    0.000000       -1.556856        1.000000    9.896207    2.964824    0.558053    6.199713
    0.441176    0.666625   -0.006625   -0.051594    0.000000       -1.551654        1.000000   10.150793    3.049618    0.558053    6.199713
    0.450980    0.666936   -0.003660   -0.045733    0.000000       -1.545118        1.000000   10.405496    3.134517    0.558053    6.199713
    0.460784    0.667078   -0.001088   -0.038761    0.000000       -1.537835        1.000000   10.660254    3.219473    0.558053    6.199713
    0.470588    0.667077    0.001041   -0.031249    0.000000       -1.530325        1.000000   10.915012    3.304448    0.558053    6.199713
    0.480392    0.666961    0.002710   -0.023685    0.000000       -1.523018        1.000000   11.169725    3.389407    0.558053    6.199713
    0.490196    0.666757    0.003927   -0.016466    0.000000       -1.516251        1.000000   11.424361    3.474324    0.558053    6.199713
    0.500000    0.666492    0.004725   -0.009891    0.000000       -1.510267        1.000000   11.678895    3.559180    0.558053    6.199713
    0.509804    0.666190    0.005147   -0.004172    0.000000       -1.505225        1.000000   11.933314    3.643964    0.558053    6.199713
    0.519608    0.665873    0.005252    0.000564    0.000000       -1.501203        1.000000   12.187612    3.728668    0.558053    6.199713
    0.529412    0.665557    0.005100    0.004261    0.000000       -1.498220        1.000000   12.441789    3.813291    0.558053    6.199713
    0.539216    0.665257    0.004755    0.006922    0.000000       -1.496240        1.000000   12.695852    3.897837    0.558053    6.199713
    0.549020    0.664982    0.004278    0.008596    0.000000       -1.495191        1.000000   12.949809    3.982309    0.558053    6.199713
    0.558824    0.664738    0.003728    0.009363    0.000000       -1.494978        1.000000   13.203673    4.066715    0.558053    6.199713
    0.568627    0.664529    0.003156    0.009328    0.000000       -1.495490        1.000000   13.457458    4.151064    0.558053    6.199713
    0.578431    0.664354    0.002608    0.008601    0.000000       -1.496615        1.000000   13.711176    4.235364    0.558053    6.199713
    0.588235    0.664211    0.002122    0.007298    0.000000       -1.498246        1.000000   13.964839    4.319624    0.558053    6.199713
    0.598039    0.664094    0.001731    0.005521    0.000000       -1.500287        1.000000   14.218457    4.403851    0.558053    6.199713
    0.607843    0.663998    0.001459    0.003363    0.000000       -1.502664        1.000000   14.472039    4.488052    0.558053    6.199713
    0.617647    0.663914    0.001328    0.000895    0.000000       -1.505324        1.000000   14.725588    4.572230    0.558053    6.199713
    0.627451    0.663833    0.001356   -0.001840    0.000000       -1.508241        1.000000   14.979107    4.656387    0.558053    6.199713
    0.637255    0.663746    0.001557   -0.004821    0.000000       -1.511421        1.000000   15.232593    4.740523    0.558053    6.199713
    0.647059    0.663640    0.001947   -0.008063    0.000000       -1.514901        1.000000   15.486038    4.824635    0.558053    6.199713
    0.656863    0.663505    0.002543   -0.011614    0.000000       -1.518757        1.000000   15.739431    4.908717    0.558053    6.199713
    0.666667    0.663326    0.003367   -0.015557    0.000000       -1.523102        1.000000   15.992756    4.992759    0.558053    6.199713
    0.676471    0.663090    0.004445   -0.020015    0.000000       -1.528090        1.000000   16.245991    5.076748    0.558053    6.199713
    0.686275    0.662780    0.005813   -0.025154    0.000000       -1.533925        1.000000   16.499108    5.160669    0.558053    6.199713
    0.696078    0.662377    0.007521   -0.031187    0.000000       -1.540859        1.000000   16.752071    5.244498    0.558053    6.199713
    0.705882    0.661858    0.009628   -0.038377    0.000000       -1.549206        1.000000   17.004835    5.328211    0.558053    6.199713
    0.715686    0.661197    0.012216   -0.047048    0.000000       -1.559344        1.000000   17.257347    5.411772    0.558053    6.199713
    0.725490    0.660361    0.015385   -0.057587    0.000000       -1.571731        1.000000   17.509540    5.495143    0.558053    6.199713
    0.735294    0.659312    0.019263   -0.070456    0.000000       -1.586907        1.000000   17.761332    5.578273    0.558053    6.199713
    0.745098    0.658002    0.024008   -0.086200    0.000000       -1.605514        1.000000   18.012624    5.661099    0.558053    6.199713
    0.754902    0.656372    0.029813   -0.105453    0.000000       -1.628301        1.000000   18.263294    5.743548    0.558053    6.199713
    0.764706    0.654352    0.036913   -0.128948    0.000000       -1.656136        1.000000   18.513192    5.825525    0.558053    6.199713
    0.774510    0.651854    0.045591   -0.157513    0.000000       -1.690004        1.000000   18.762136    5.906915    0.558053    6.199713
    0.784314    0.648773    0.056182   -0.192070    0.000000       -1.731009        1.000000   19.009903    5.987579    0.558053    6.199713
    0.794118    0.644982    0.069081   -0.233611    0.000000       -1.780345        1.000000   19.256223    6.067343    0.558053    6.199713
    0.803922    0.640327    0.084743   -0.283164    0.000000       -1.839263        1.000000   19.500764    6.145994    0.558053    6.199713
    0.813725    0.634627    0.103686   -0.341732    0.000000       -1.908998        1.000000   19.743129    6.223272    0.558053    6.199713
    0.823529    0.627668    0.126486   -0.410202    0.000000       -1.990672        1.000000   19.982837    6.298864    0.558053    6.199713
    0.833333    0.619203    0.153766   -0.489230    0.000000       -2.085154        1.000000   20.219311    6.372390    0.558053    6.199713
    0.843137    0.608950    0.186178   -0.579100    0.000000       -2.192894        1.000000   20.451870    6.443400    0.558053    6.199713
    0.852941    0.596591    0.224378   -0.679564    0.000000       -2.313737        1.000000   20.679709    6.511372    0.558053    6.199713
    0.862745    0.581783    0.268985   -0.789710    0.000000       -2.446756        1.000000   20.901893    6.575710    0.558053    6.199713
    0.872549    0.564162    0.320540   -0.907871    0.000000       -2.590128        1.000000   21.117347    6.635761    0.558053    6.199713
    0.882353    0.543359    0.379462   -1.031628    0.000000       -2.741113        1.000000   21.324857    6.690841    0.558053    6.199713
    0.892157    0.519019    0.446000   -1.157922    0.000000       -2.896162        1.000000   21.523071    6.740277    0.558053    6.199713
    0.901961    0.490825    0.520204   -1.283285    0.000000       -3.051162        1.000000   21.710517    6.783476    0.558053    6.199713
    0.911765    0.458525    0.601909   -1.404163    0.000000       -3.201790        1.000000   21.885629    6.819997    0.558053    6.199713
    0.921569    0.421958    0.690740   -1.517251    0.000000       -3.343911        1.000000   22.046775    6.849637    0.558053    6.199713
    0.931373    0.381083    0.786136   -1.619786    0.000000       -3.473934        1.000000   22.192311    6.872499    0.558053    6.199713
    0.941176    0.335992    0.887390   -1.709738    0.000000       -3.589061        1.000000   22.320627    6.889035    0.558053    6.199713
    0.950980    0.286925    0.993696   -1.785854    0.000000       -3.687382        1.000000   22.430204    6.900039    0.558053    6.199713
    0.960784    0.234270    1.104192   -1.847588    0.000000       -3.767833        1.000000   22.519672    6.906581    0.558053    6.199713
    0.970588    0.178555    1.218003   -1.894941    0.000000       -3.830038        1.000000   22.587863    6.909887    0.558053    6.199713
    0.980392    0.120429    1.334262   -1.928248    0.000000       -3.874087        1.000000   22.633855    6.911176    0.558053    6.199713
    0.990196    0.060639    1.452131   -1.947971    0.000000       -3.900298        1.000000   22.657013    6.911483    0.558053    6.199713
    1.000000    0.000000    1.570796   -1.954495    0.000000       -3.908990        1.000000   22.657013    6.911504    0.558053    6.199713
