           t           r         psi          cs          qs               p             sig           A           V          Q2           S
    0.000000    0.000000   -1.570796   -0.992953    0.000000       -1.985906        1.000000    0.000000   -0.000000    0.045550    3.796940
    0.009804    0.037216   -1.533834   -0.992963    0.000000       -1.985920        1.000000    0.000000    0.000001    0.045550    3.796940
    0.019608    0.074382   -1.496870   -0.992993    0.000000       -1.985959        1.000000    0.017397    0.000024    0.045550    3.796940
    0.029412    0.111446   -1.459905   -0.993044    0.000000       -1.986027        1.000000    0.043463    0.000121    0.045550    3.796940
    0.039216    0.148358   -1.422938   -0.993116    0.000000       -1.986123        1.000000    0.078163    0.000381    0.045550    3.796940
    0.049020    0.185067   -1.385968   -0.993213    0.000000       -1.986250        1.000000    0.121448    0.000925    0.045550    3.796940
    0.058824    0.221523   -1.348993   -0.993336    0.000000       -1.986412        1.000000    0.173261    0.001909    0.045550    3.796940
    0.068627    0.257676   -1.312014   -0.993488    0.000000       -1.986611        1.000000    0.233529    0.003516    0.045550    3.796940
    0.078431    0.293477   -1.275028   -0.993674    0.000000       -1.986852        1.000000    0.302170    0.005958    0.045550    3.796940
    0.088235    0.328877   -1.238034   -0.993897    0.000000       -1.987141        1.000000    0.379092    0.009471    0.045550    3.796940
    0.098039    0.363827   -1.201032   -0.994165    0.000000       -1.987484        1.000000    0.464187    0.014311    0.045550    3.796940
    0.107843    0.398279   -1.164018   -0.994483    0.000000       -1.987889        1.000000    0.557341    0.020754    0.045550    3.796940
    0.117647    0.432186   -1.126992   -0.994862    0.000000       -1.988366        1.000000    0.658426    0.029088    0.045550    3.796940
    0.127451    0.465501   -1.089950   -0.995310    0.000000       -1.988927        1.000000    0.767302    0.039613    0.045550    3.796940
    0.137255    0.498178   -1.052890   -0.995843    0.000000       -1.989588        1.000000    0.883821    0.052632    0.045550    3.796940
    0.147059    0.530172   -1.015809   -0.996475    0.000000       -1.990365        1.000000    1.007824    0.068451    0.045550    3.796940
    0.156863    0.561439   -0.978701   -0.997228    0.000000       -1.991283        1.000000    1.139139    0.087374    0.045550    3.796940
    0.166667    0.591934   -0.941563   -0.998128    0.000000       -1.992368        1.000000    1.277587    0.109695    0.045550    3.796940
    0.176471    0.621616   -0.904389   -0.999206    0.000000       -1.993656        1.000000    1.422978    0.135697    0.045550    3.796940
    0.186275    0.650441   -0.867170   -1.000503    0.000000       -1.995192        1.000000    1.575110    0.165649    0.045550    3.796940
    0.196078    0.678370   -0.829898   -1.002072    0.000000       -1.997031        1.000000    1.733775    0.199797    0.045550    3.796940
    0.205882    0.705362   -0.792562   -1.003981    0.000000       -1.999248        1.000000    1.898752    0.238366    0.045550    3.796940
    0.215686    0.731377   -0.755147   -1.006320    0.000000       -2.001936        1.000000    2.069815    0.281551    0.045550    3.796940
    0.225490    0.756377   -0.717635   -1.009204    0.000000       -2.005220        1.000000    2.246724    0.329518    0.045550    3.796940
    0.235294    0.780323   -0.680003   -1.012790    0.000000       -2.009263        1.000000    2.429235    0.382397    0.045550    3.796940
    0.245098    0.803178   -0.642221   -1.017287    0.000000       -2.014286        1.000000    2.617091    0.440282    0.045550    3.796940
    0.254902    0.824904   -0.604251   -1.022984    0.000000       -2.020588        1.000000    2.810028    0.503230    0.045550    3.796940
    0.264706    0.845464   -0.566041   -1.030274    0.000000       -2.028579        1.000000    3.007775    0.571253    0.045550    3.796940
    0.274510    0.864818   -0.527521   -1.039709    0.000000       -2.038830        1.000000    3.210048    0.644324    0.045550    3.796940
    0.284314    0.882927   -0.488599   -1.052066    0.000000       -2.052139        1.000000    3.416556    0.722371    0.045550    3.796940
    0.294118    0.899749   -0.449145   -1.068442    0.000000       -2.069631        1.000000    3.627000    0.805275    0.045550    3.796940
    0.303922    0.915237   -0.408984   -1.090386    0.000000       -2.092886        1.000000    3.841065    0.892875    0.045550    3.796940
    0.313725    0.929337   -0.367871   -1.120028    0.000000       -2.124071        1.000000    4.058429    0.984959    0.045550    3.796940
    0.323529    0.941988   -0.325469   -1.160102    0.000000       -2.165954        1.000000    4.278751    1.081269    0.045550    3.796940
    0.333333    0.953115   -0.281336   -1.213433    0.000000       -2.221376        1.000000    4.501676    1.181491    0.045550    3.796940
    0.343137    0.962625   -0.234954   -1.280637    0.000000       -2.290922        1.000000    4.726825    1.285253    0.045550    3.796940
    0.352941    0.970408   -0.185918   -1.353120    0.000000       -2.365856        1.000000    4.953795    1.392107    0.045550    3.796940
    0.362745    0.976352   -0.134538   -1.398105    0.000000       -2.413071        1.000000    5.182155    1.501512    0.045550    3.796940
    0.372549    0.980387   -0.083024   -1.346498    0.000000       -2.362990        1.000000    5.411458    1.612818    0.045550    3.796940
    0.382353    0.982583   -0.036359   -1.132101    0.000000       -2.149155        1.000000    5.641276    1.725300    0.045550    3.796940
    0.392157    0.983227   -0.000402   -0.787476    0.000000       -1.804535        1.000000    5.871243    1.838284    0.045550    3.796940
    0.401961    0.982780    0.022207   -0.436146    0.000000       -1.453416        1.000000    6.101107    1.951293    0.045550    3.796940
    0.411765    0.981719    0.033132   -0.167651    0.000000       -1.185714        1.000000    6.330722    2.064085    0.045550    3.796940
    0.421569    0.980415    0.035904    0.003996    0.000000       -1.015323        1.000000    6.560032    2.176577    0.045550    3.796940
    0.431373    0.979107    0.033772    0.100153    0.000000       -0.920604        1.000000    6.789036    2.288766    0.045550    3.796940
    0.441176    0.977932    0.029076    0.145428    0.000000       -0.876705        1.000000    7.017766    2.400682    0.045550    3.796940
    0.450980    0.976955    0.023346    0.158180    0.000000       -0.865129        1.000000    7.246267    2.512368    0.045550    3.796940
    0.460784    0.976195    0.017551    0.150505    0.000000       -0.873723        1.000000    7.474590    2.623872    0.045550    3.796940
    0.470588    0.975642    0.012297    0.130118    0.000000       -0.894771        1.000000    7.702784    2.735236    0.045550    3.796940
    0.480392    0.975268    0.007959    0.101945    0.000000       -0.923382        1.000000    7.930890    2.846503    0.045550    3.796940
    0.490196    0.975035    0.004764    0.069149    0.000000       -0.956443        1.000000    8.158942    2.957704    0.045550    3.796940
    0.500000    0.974898    0.002844    0.033717    0.000000       -0.992027        1.000000    8.386962    3.068865    0.045550    3.796940
    0.509804    0.974807    0.002273   -0.003242    0.000000       -1.029084        1.000000    8.614960    3.180002    0.045550    3.796940
    0.519608    0.974711    0.003099   -0.041357    0.000000       -1.067297        1.000000    8.842936    3.291119    0.045550    3.796940
    0.529412    0.974558    0.005370   -0.080934    0.000000       -1.107026        1.000000    9.070877    3.402207    0.045550    3.796940
    0.539216    0.974293    0.009154   -0.122886    0.000000       -1.149228        1.000000    9.298755    3.513247    0.045550    3.796940
    0.549020    0.973856    0.014565   -0.168576    0.000000       -1.195313        1.000000    9.526531    3.624204    0.045550    3.796940
    0.558824    0.973186    0.021770   -0.219537    0.000000       -1.246846        1.000000    9.754150    3.735025    0.045550    3.796940
    0.568627    0.972211    0.030991   -0.277027    0.000000       -1.305116        1.000000    9.981542    3.845640    0.045550    3.796940
    0.578431    0.970851    0.042482   -0.341530    0.000000       -1.370625        1.000000   10.208615    3.955956    0.045550    3.796940
    0.588235    0.969018    0.056496   -0.412340    0.000000       -1.442666        1.000000   10.435259    4.065850    0.045550    3.796940
    0.598039    0.966614    0.073234   -0.487433    0.000000       -1.519200        1.000000   10.661341    4.175171    0.045550    3.796940
    0.607843    0.963536    0.092801   -0.563766    0.000000       -1.597145        1.000000   10.886704    4.283730    0.045550    3.796940
    0.617647    0.959680    0.115179   -0.637918    0.000000       -1.673028        1.000000   11.111164    4.391300    0.045550    3.796940
    0.627451    0.954947    0.140229   -0.706834    0.000000       -1.743733        1.000000   11.334518    4.497619    0.045550    3.796940
    0.637255    0.949246    0.167711   -0.768370    0.000000       -1.807058        1.000000   11.556538    4.602394    0.045550    3.796940
    0.647059    0.942495    0.197329   -0.821479    0.000000       -1.861902        1.000000   11.776979    4.705304    0.045550    3.796940
    0.656863    0.934630    0.228764   -0.866087    0.000000       -1.908155        1.000000   11.995580    4.806013    0.045550    3.796940
    0.666667    0.925597    0.261711   -0.902797    0.000000       -1.946393        1.000000   12.212069    4.904178    0.045550    3.796940
    0.676471    0.915356    0.295891   -0.932576    0.000000       -1.977571        1.000000   12.426162    4.999459    0.045550    3.796940
    0.686275    0.903880    0.331068   -0.956509    0.000000       -2.002772        1.000000   12.637572    5.091526    0.045550    3.796940
    0.696078    0.891152    0.367044   -0.975647    0.000000       -2.023047        1.000000   12.846004    5.180071    0.045550    3.796940
    0.705882    0.877162    0.403657   -0.990919    0.000000       -2.039335        1.000000   13.051164    5.264809    0.045550    3.796940
    0.715686    0.861910    0.440779   -1.003111    0.000000       -2.052431        1.000000   13.252757    5.345488    0.045550    3.796940
    0.725490    0.845401    0.478308   -1.012864    0.000000       -2.062987        1.000000   13.450489    5.421891    0.045550    3.796940
    0.735294    0.827647    0.516163   -1.020692    0.000000       -2.071526        1.000000   13.644068    5.493838    0.045550    3.796940
    0.745098    0.808663    0.554280   -1.027000    0.000000       -2.078464        1.000000   13.833207    5.561194    0.045550    3.796940
    0.754902    0.788469    0.592608   -1.032106    0.000000       -2.084128        1.000000   14.017622    5.623864    0.045550    3.796940
    0.764706    0.767089    0.631108   -1.036258    0.000000       -2.088775        1.000000   14.197038    5.681797    0.045550    3.796940
    0.774510    0.744550    0.669748   -1.039651    0.000000       -2.092607        1.000000   14.371181    5.734986    0.045550    3.796940
    0.784314    0.720882    0.708502   -1.042437    0.000000       -2.095782        1.000000   14.539789    5.783465    0.045550    3.796940
    0.794118    0.696117    0.747351   -1.044735    0.000000       -2.098426        1.000000   14.702604    5.827312    0.045550    3.796940
    0.803922    0.670291    0.786277   -1.046638    0.000000       -2.100636        1.000000   14.859379    5.866643    0.045550    3.796940
    0.813725    0.643440    0.825269   -1.048221    0.000000       -2.102492        1.000000   15.009874    5.901610    0.045550    3.796940
    0.823529    0.615603    0.864314   -1.049543    0.000000       -2.104056        1.000000   15.153858    5.932399    0.045550    3.796940
    0.833333    0.586823    0.903404   -1.050650    0.000000       -2.105379        1.000000   15.291111    5.959226    0.045550    3.796940
    0.843137    0.557142    0.942533   -1.051580    0.000000       -2.106501        1.000000   15.421421    5.982335    0.045550    3.796940
    0.852941    0.526605    0.981693   -1.052363    0.000000       -2.107454        1.000000   15.544589    6.001989    0.045550    3.796940
    0.862745    0.495258    1.020879   -1.053024    0.000000       -2.108266        1.000000   15.660425    6.018469    0.045550    3.796940
    0.872549    0.463148    1.060089   -1.053583    0.000000       -2.108959        1.000000   15.768751    6.032070    0.045550    3.796940
    0.882353    0.430324    1.099317   -1.054055    0.000000       -2.109549        1.000000   15.869400    6.043094    0.045550    3.796940
    0.892157    0.396837    1.138562   -1.054454    0.000000       -2.110052        1.000000   15.962217    6.051844    0.045550    3.796940
    0.901961    0.362739    1.177820   -1.054791    0.000000       -2.110480        1.000000   16.047058    6.058623    0.045550    3.796940
    0.911765    0.328080    1.217090   -1.055074    0.000000       -2.110842        1.000000   16.123793    6.063726    0.045550    3.796940
    0.921569    0.292916    1.256370   -1.055311    0.000000       -2.111148        1.000000   16.192304    6.067435    0.045550    3.796940
    0.931373    0.257299    1.295657   -1.055508    0.000000       -2.111404        1.000000   16.252483    6.070018    0.045550    3.796940
    0.941176    0.221284    1.334952   -1.055669    0.000000       -2.111615        1.000000   16.304240    6.071720    0.045550    3.796940
    0.950980    0.184928    1.374251   -1.055800    0.000000       -2.111787        1.000000   16.347493    6.072763    0.045550    3.796940
    0.960784    0.148287    1.413556   -1.055903    0.000000       -2.111922        1.000000   16.382176    6.073341    0.045550    3.796940
    0.970588    0.111416    1.452863   -1.055980    0.000000       -2.112025        1.000000   16.408235    6.073617    0.045550    3.796940
    0.980392    0.074373    1.492173   -1.056034    0.000000       -2.112096        1.000000   16.425630    6.073720    0.045550    3.796940
    0.990196    0.037215    1.531484   -1.056066    0.000000       -2.112138        1.000000   16.434335    6.073744    0.045550    3.796940
    1.000000   -0.000000    1.570796   -1.056076    0.000000       -2.112152        1.000000   16.434335    6.073746    0.045550    3.796940
