           t           r         psi          cs          qs               p             sig           A           V          Q2           S
    0.000000    0.000000   -1.570796   -0.991630    0.000000       -1.983261        1.000000    0.000000   -0.000000    0.085223    3.853289
    0.009804    0.037769   -1.533335   -0.991659    0.000000       -1.983299        1.000000    0.000000    0.000002    0.085223    3.853289
    0.019608    0.075484   -1.495871   -0.991745    0.000000       -1.983413        1.000000    0.017917    0.000025    0.085223    3.853289
    0.029412    0.113094   -1.458403   -0.991891    0.000000       -1.983607        1.000000    0.044761    0.000128    0.085223    3.853289
    0.039216    0.150544   -1.420928   -0.992100    0.000000       -1.983885        1.000000    0.080495    0.000403    0.085223    3.853289
    0.049020    0.187784   -1.383444   -0.992379    0.000000       -1.984252        1.000000    0.125067    0.000980    0.085223    3.853289
    0.058824    0.224760   -1.345949   -0.992733    0.000000       -1.984718        1.000000    0.178417    0.002022    0.085223    3.853289
    0.068627    0.261419   -1.308438   -0.993173    0.000000       -1.985292        1.000000    0.240468    0.003723    0.085223    3.853289
    0.078431    0.297712   -1.270908   -0.993708    0.000000       -1.985987        1.000000    0.311133    0.006308    0.085223    3.853289
    0.088235    0.333585   -1.233357   -0.994354    0.000000       -1.986820        1.000000    0.390314    0.010025    0.085223    3.853289
    0.098039    0.368989   -1.195779   -0.995127    0.000000       -1.987810        1.000000    0.477898    0.015147    0.085223    3.853289
    0.107843    0.403872   -1.158169   -0.996048    0.000000       -1.988981        1.000000    0.573762    0.021962    0.085223    3.853289
    0.117647    0.438185   -1.120520   -0.997141    0.000000       -1.990360        1.000000    0.677770    0.030776    0.085223    3.853289
    0.127451    0.471880   -1.082827   -0.998440    0.000000       -1.991983        1.000000    0.789777    0.041903    0.085223    3.853289
    0.137255    0.504906   -1.045081   -0.999981    0.000000       -1.993893        1.000000    0.909622    0.055663    0.085223    3.853289
    0.147059    0.537216   -1.007270   -1.001812    0.000000       -1.996143        1.000000    1.037137    0.072376    0.085223    3.853289
    0.156863    0.568762   -0.969385   -1.003992    0.000000       -1.998796        1.000000    1.172139    0.092360    0.085223    3.853289
    0.166667    0.599498   -0.931409   -1.006595    0.000000       -2.001935        1.000000    1.314437    0.115922    0.085223    3.853289
    0.176471    0.629377   -0.893325   -1.009713    0.000000       -2.005658        1.000000    1.463828    0.143359    0.085223    3.853289
    0.186275    0.658352   -0.855112   -1.013462    0.000000       -2.010092        1.000000    1.620095    0.174947    0.085223    3.853289
    0.196078    0.686378   -0.816744   -1.017989    0.000000       -2.015396        1.000000    1.783015    0.210942    0.085223    3.853289
    0.205882    0.713410   -0.778186   -1.023485    0.000000       -2.021772        1.000000    1.952352    0.251573    0.085223    3.853289
    0.215686    0.739402   -0.739399   -1.030193    0.000000       -2.029478        1.000000    2.127858    0.297040    0.085223    3.853289
    0.225490    0.764307   -0.700331   -1.038425    0.000000       -2.038847        1.000000    2.309275    0.347505    0.085223    3.853289
    0.235294    0.788079   -0.660917   -1.048590    0.000000       -2.050304        1.000000    2.496335    0.403098    0.085223    3.853289
    0.245098    0.810669   -0.621074   -1.061216    0.000000       -2.064405        1.000000    2.688757    0.463903    0.085223    3.853289
    0.254902    0.832027   -0.580698   -1.076987    0.000000       -2.081858        1.000000    2.886249    0.529964    0.085223    3.853289
    0.264706    0.852100   -0.539652   -1.096778    0.000000       -2.103570        1.000000    3.088505    0.601277    0.085223    3.853289
    0.274510    0.870830   -0.497767   -1.121679    0.000000       -2.130661        1.000000    3.295207    0.677789    0.085223    3.853289
    0.284314    0.888152   -0.454824   -1.152973    0.000000       -2.164441        1.000000    3.506021    0.759392    0.085223    3.853289
    0.294118    0.903996   -0.410557   -1.191976    0.000000       -2.206249        1.000000    3.720595    0.845924    0.085223    3.853289
    0.303922    0.918279   -0.364656   -1.239558    0.000000       -2.256947        1.000000    3.938560    0.937161    0.085223    3.853289
    0.313725    0.930908   -0.316803   -1.294944    0.000000       -2.315707        1.000000    4.159522    1.032805    0.085223    3.853289
    0.323529    0.941781   -0.266777   -1.353211    0.000000       -2.377468        1.000000    4.383065    1.132479    0.085223    3.853289
    0.333333    0.950792   -0.214686   -1.401106    0.000000       -2.428715        1.000000    4.608747    1.235711    0.085223    3.853289
    0.343137    0.957854   -0.161366   -1.412913    0.000000       -2.443351        1.000000    4.836105    1.341917    0.085223    3.853289
    0.352941    0.962935   -0.108835   -1.353440    0.000000       -2.385787        1.000000    5.064670    1.450414    0.085223    3.853289
    0.362745    0.966108   -0.060341   -1.197363    0.000000       -2.230561        1.000000    5.293987    1.560458    0.085223    3.853289
    0.372549    0.967586   -0.019458   -0.956189    0.000000       -1.989494        1.000000    5.523655    1.671337    0.085223    3.853289
    0.382353    0.967704    0.011452   -0.679292    0.000000       -1.712598        1.000000    5.753351    1.782479    0.085223    3.853289
    0.392157    0.966850    0.032114   -0.421239    0.000000       -1.454992        1.000000    5.982845    1.893505    0.085223    3.853289
    0.401961    0.965390    0.043923   -0.213446    0.000000       -1.248298        1.000000    6.211992    2.004205    0.085223    3.853289
    0.411765    0.963618    0.048960   -0.062353    0.000000       -1.098865        1.000000    6.440718    2.114492    0.085223    3.853289
    0.421569    0.961751    0.049260    0.039126    0.000000       -0.999382        1.000000    6.669001    2.224347    0.085223    3.853289
    0.431373    0.959936    0.046491    0.101886    0.000000       -0.938725        1.000000    6.896854    2.333788    0.085223    3.853289
    0.441176    0.958263    0.041921    0.136011    0.000000       -0.906627        1.000000    7.124309    2.442848    0.085223    3.853289
    0.450980    0.956781    0.036474    0.149454    0.000000       -0.895023        1.000000    7.351412    2.551573    0.085223    3.853289
    0.460784    0.955510    0.030815    0.148072    0.000000       -0.897992        1.000000    7.578214    2.660007    0.085223    3.853289
    0.470588    0.954449    0.025420    0.136068    0.000000       -0.911318        1.000000    7.804764    2.768196    0.085223    3.853289
    0.480392    0.953582    0.020631    0.116420    0.000000       -0.932034        1.000000    8.031108    2.876181    0.085223    3.853289
    0.490196    0.952880    0.016694    0.091227    0.000000       -0.958076        1.000000    8.257286    2.983999    0.085223    3.853289
    0.500000    0.952308    0.013789    0.061950    0.000000       -0.988031        1.000000    8.483327    3.091680    0.085223    3.853289
    0.509804    0.951823    0.012052    0.029567    0.000000       -1.020972        1.000000    8.709254    3.199246    0.085223    3.853289
    0.519608    0.951381    0.011587   -0.005318    0.000000       -1.056351        1.000000    8.935076    3.306709    0.085223    3.853289
    0.529412    0.950931    0.012482   -0.042413    0.000000       -1.093932        1.000000    9.160791    3.414073    0.085223    3.853289
    0.539216    0.950420    0.014819   -0.081683    0.000000       -1.133734        1.000000    9.386385    3.521327    0.085223    3.853289
    0.549020    0.949792    0.018683   -0.123302    0.000000       -1.175980        1.000000    9.611829    3.628448    0.085223    3.853289
    0.558824    0.948988    0.024168   -0.167585    0.000000       -1.221031        1.000000    9.837083    3.735400    0.085223    3.853289
    0.568627    0.947944    0.031383   -0.214903    0.000000       -1.269298        1.000000   10.062089    3.842128    0.085223    3.853289
    0.578431    0.946594    0.040447   -0.265573    0.000000       -1.321128        1.000000   10.286775    3.948561    0.085223    3.853289
    0.588235    0.944864    0.051492   -0.319724    0.000000       -1.376674        1.000000   10.511050    4.054605    0.085223    3.853289
    0.598039    0.942679    0.064646   -0.377185    0.000000       -1.435776        1.000000   10.734806    4.160147    0.085223    3.853289
    0.607843    0.939956    0.080025   -0.437401    0.000000       -1.497877        1.000000   10.957916    4.265044    0.085223    3.853289
    0.617647    0.936610    0.097716   -0.499423    0.000000       -1.562009        1.000000   11.180231    4.369128    0.085223    3.853289
    0.627451    0.932555    0.117765   -0.561975    0.000000       -1.626870        1.000000   11.401585    4.472203    0.085223    3.853289
    0.637255    0.927704    0.140165   -0.623609    0.000000       -1.690967        1.000000   11.621786    4.574042    0.085223    3.853289
    0.647059    0.921972    0.164852   -0.682885    0.000000       -1.752811        1.000000   11.840628    4.674393    0.085223    3.853289
    0.656863    0.915280    0.191714   -0.738550    0.000000       -1.811095        1.000000   12.057880    4.772976    0.085223    3.853289
    0.666667    0.907553    0.220596   -0.789666    0.000000       -1.864828        1.000000   12.273299    4.869495    0.085223    3.853289
    0.676471    0.898727    0.251313   -0.835666    0.000000       -1.913397        1.000000   12.486623    4.963637    0.085223    3.853289
    0.686275    0.888748    0.283667   -0.876340    0.000000       -1.956552        1.000000   12.697578    5.055086    0.085223    3.853289
    0.696078    0.877568    0.317458   -0.911780    0.000000       -1.994353        1.000000   12.905879    5.143526    0.085223    3.853289
    0.705882    0.865153    0.352494   -0.942290    0.000000       -2.027087        1.000000   13.111234    5.228651    0.085223    3.853289
    0.715686    0.851476    0.388596   -0.968313    0.000000       -2.055180        1.000000   13.313342    5.310173    0.085223    3.853289
    0.725490    0.836522    0.425604   -0.990352    0.000000       -2.079133        1.000000   13.511900    5.387828    0.085223    3.853289
    0.735294    0.820280    0.463378   -1.008924    0.000000       -2.099463        1.000000   13.706604    5.461382    0.085223    3.853289
    0.745098    0.802752    0.501796   -1.024523    0.000000       -2.116667        1.000000   13.897147    5.530638    0.085223    3.853289
    0.754902    0.783942    0.540754   -1.037599    0.000000       -2.131202        1.000000   14.083225    5.595438    0.085223    3.853289
    0.764706    0.763863    0.580165   -1.048552    0.000000       -2.143477        1.000000   14.264537    5.655668    0.085223    3.853289
    0.774510    0.742532    0.619955   -1.057726    0.000000       -2.153846        1.000000   14.440786    5.711258    0.085223    3.853289
    0.784314    0.719974    0.660062   -1.065415    0.000000       -2.162613        1.000000   14.611680    5.762184    0.085223    3.853289
    0.794118    0.696215    0.700436   -1.071867    0.000000       -2.170036        1.000000   14.776935    5.808468    0.085223    3.853289
    0.803922    0.671286    0.741034   -1.077289    0.000000       -2.176330        1.000000   14.936273    5.850179    0.085223    3.853289
    0.813725    0.645224    0.781820   -1.081852    0.000000       -2.181676        1.000000   15.089425    5.887425    0.085223    3.853289
    0.823529    0.618066    0.822764   -1.085699    0.000000       -2.186225        1.000000   15.236130    5.920359    0.085223    3.853289
    0.833333    0.589854    0.863842   -1.088947    0.000000       -2.190102        1.000000   15.376139    5.949170    0.085223    3.853289
    0.843137    0.560634    0.905032   -1.091694    0.000000       -2.193412        1.000000   15.509212    5.974079    0.085223    3.853289
    0.852941    0.530451    0.946319   -1.094019    0.000000       -2.196239        1.000000   15.635121    5.995339    0.085223    3.853289
    0.862745    0.499355    0.987686   -1.095990    0.000000       -2.198657        1.000000   15.753649    6.013224    0.085223    3.853289
    0.872549    0.467399    1.029122   -1.097661    0.000000       -2.200725        1.000000   15.864592    6.028030    0.085223    3.853289
    0.882353    0.434635    1.070616   -1.099077    0.000000       -2.202494        1.000000   15.967758    6.040063    0.085223    3.853289
    0.892157    0.401119    1.112160   -1.100276    0.000000       -2.204004        1.000000   16.062968    6.049640    0.085223    3.853289
    0.901961    0.366907    1.153745   -1.101289    0.000000       -2.205290        1.000000   16.150058    6.057076    0.085223    3.853289
    0.911765    0.332060    1.195365   -1.102142    0.000000       -2.206382        1.000000   16.228876    6.062686    0.085223    3.853289
    0.921569    0.296635    1.237015   -1.102857    0.000000       -2.207303        1.000000   16.299286    6.066772    0.085223    3.853289
    0.931373    0.260695    1.278690   -1.103451    0.000000       -2.208074        1.000000   16.361165    6.069622    0.085223    3.853289
    0.941176    0.224302    1.320385   -1.103939    0.000000       -2.208711        1.000000   16.414406    6.071503    0.085223    3.853289
    0.950980    0.187518    1.362097   -1.104333    0.000000       -2.209228        1.000000   16.458916    6.072657    0.085223    3.853289
    0.960784    0.150408    1.403821   -1.104643    0.000000       -2.209637        1.000000   16.494617    6.073297    0.085223    3.853289
    0.970588    0.113036    1.445556   -1.104876    0.000000       -2.209946        1.000000   16.521447    6.073603    0.085223    3.853289
    0.980392    0.075467    1.487299   -1.105038    0.000000       -2.210162        1.000000   16.539360    6.073718    0.085223    3.853289
    0.990196    0.037766    1.529046   -1.105134    0.000000       -2.210290        1.000000   16.548325    6.073744    0.085223    3.853289
    1.000000    0.000000    1.570796   -1.105166    0.000000       -2.210332        1.000000   16.548325    6.073746    0.085223    3.853289
