           t           r         psi          cs          qs               p             sig           A           V          Q2           S
    0.000000    0.000000   -1.570796   -0.991096    0.000000       -1.982193        1.000000    0.000000   -0.000000    0.070890    5.998079
    0.009804    0.058771   -1.512514   -0.991148    0.000000       -1.982262        1.000000    0.000000    0.000009    0.070890    5.998079
    0.019608    0.117343   -1.454226   -0.991307    0.000000       -1.982473        1.000000    0.043356    0.000148    0.070890    5.998079
    0.029412    0.175516   -1.395925   -0.991583    0.000000       -1.982838        1.000000    0.108206    0.000746    0.070890    5.998079
    0.039216    0.233093   -1.337604   -0.991994    0.000000       -1.983377        1.000000    0.194330    0.002340    0.070890    5.998079
    0.049020    0.289878   -1.279254   -0.992564    0.000000       -1.984120        1.000000    0.301434    0.005657    0.070890    5.998079
    0.058824    0.345676   -1.220865   -0.993330    0.000000       -1.985107        1.000000    0.429154    0.011586    0.070890    5.998079
    0.068627    0.400296   -1.162424   -0.994341    0.000000       -1.986396        1.000000    0.577056    0.021154    0.070890    5.998079
    0.078431    0.453552   -1.103915   -0.995666    0.000000       -1.988063        1.000000    0.744635    0.035485    0.070890    5.998079
    0.088235    0.505258   -1.045317   -0.997398    0.000000       -1.990214        1.000000    0.931318    0.055765    0.070890    5.998079
    0.098039    0.555234   -0.986601   -0.999669    0.000000       -1.992994        1.000000    1.136466    0.083201    0.070890    5.998079
    0.107843    0.603304   -0.927732   -1.002661    0.000000       -1.996604        1.000000    1.359375    0.118973    0.070890    5.998079
    0.117647    0.649296   -0.868660   -1.006639    0.000000       -2.001333        1.000000    1.599278    0.164200    0.070890    5.998079
    0.127451    0.693039   -0.809315   -1.011984    0.000000       -2.007590        1.000000    1.855342    0.219891    0.070890    5.998079
    0.137255    0.734368   -0.749603   -1.019261    0.000000       -2.015982        1.000000    2.126677    0.286908    0.070890    5.998079
    0.147059    0.773117   -0.689386   -1.029323    0.000000       -2.027409        1.000000    2.412329    0.365934    0.070890    5.998079
    0.156863    0.809119   -0.628465   -1.043474    0.000000       -2.043242        1.000000    2.711283    0.457435    0.070890    5.998079
    0.166667    0.842201   -0.566545   -1.063740    0.000000       -2.065593        1.000000    3.022459    0.561638    0.070890    5.998079
    0.176471    0.872177   -0.503179   -1.093267    0.000000       -2.097713        1.000000    3.344712    0.678503    0.070890    5.998079
    0.186275    0.898838   -0.437693   -1.136780    0.000000       -2.144450        1.000000    3.676815    0.807704    0.070890    5.998079
    0.196078    0.921933   -0.369087   -1.200460    0.000000       -2.212092        1.000000    4.017452    0.948602    0.070890    5.998079
    0.205882    0.941151   -0.296026   -1.288220    0.000000       -2.304533        1.000000    4.365189    1.100203    0.070890    5.998079
    0.215686    0.956104   -0.217378   -1.384159    0.000000       -2.405456        1.000000    4.718451    1.261079    0.070890    5.998079
    0.225490    0.966404   -0.134596   -1.407059    0.000000       -2.432465        1.000000    5.075519    1.429238    0.070890    5.998079
    0.235294    0.971952   -0.056419   -1.203987    0.000000       -2.231208        1.000000    5.434636    1.602085    0.070890    5.998079
    0.245098    0.973419    0.002195   -0.766890    0.000000       -1.794194        1.000000    5.794296    1.776895    0.070890    5.998079
    0.254902    0.972232    0.033857   -0.329016    0.000000       -1.356988        1.000000    6.153517    1.951744    0.070890    5.998079
    0.264706    0.969862    0.043959   -0.041637    0.000000       -1.071716        1.000000    6.511862    2.125817    0.070890    5.998079
    0.274510    0.967307    0.041510    0.106022    0.000000       -0.926885        1.000000    6.869263    2.298964    0.070890    5.998079
    0.284314    0.965094    0.033215    0.165064    0.000000       -0.870533        1.000000    7.225847    2.471290    0.070890    5.998079
    0.294118    0.963437    0.023068    0.174025    0.000000       -0.863650        1.000000    7.581819    2.642976    0.070890    5.998079
    0.303922    0.962374    0.013271    0.156031    0.000000       -0.882975        1.000000    7.937397    2.814219    0.070890    5.998079
    0.313725    0.961846    0.004976    0.124666    0.000000       -0.914988        1.000000    8.292781    2.985204    0.070890    5.998079
    0.323529    0.961749   -0.001295    0.088328    0.000000       -0.951444        1.000000    8.648128    3.156087    0.070890    5.998079
    0.333333    0.961956   -0.005425    0.052575    0.000000       -0.986958        1.000000    9.003553    3.326993    0.070890    5.998079
    0.343137    0.962347   -0.007565    0.021197    0.000000       -1.017899        1.000000    9.359122    3.498006    0.070890    5.998079
    0.352941    0.962814   -0.008052   -0.003389    0.000000       -1.041978        1.000000    9.714863    3.669174    0.070890    5.998079
    0.362745    0.963271   -0.007323   -0.020047    0.000000       -1.058149        1.000000   10.070773    3.840507    0.070890    5.998079
    0.372549    0.963660   -0.005849   -0.028859    0.000000       -1.066552        1.000000   10.426827    4.011994    0.070890    5.998079
    0.382353    0.963952   -0.004061   -0.030931    0.000000       -1.068318        1.000000   10.782989    4.183605    0.070890    5.998079
    0.392157    0.964139   -0.002308   -0.028034    0.000000       -1.065226        1.000000   11.139219    4.355302    0.070890    5.998079
    0.401961    0.964229   -0.000823   -0.022161    0.000000       -1.059259        1.000000   11.495484    4.527048    0.070890    5.998079
    0.411765    0.964243    0.000276   -0.015138    0.000000       -1.052220        1.000000   11.851753    4.698813    0.070890    5.998079
    0.421569    0.964205    0.000963   -0.008362    0.000000       -1.045485        1.000000   12.208008    4.870572    0.070890    5.998079
    0.431373    0.964137    0.001282   -0.002719    0.000000       -1.039915        1.000000   12.564238    5.042312    0.070890    5.998079
    0.441176    0.964060    0.001313    0.001378    0.000000       -1.035901        1.000000   12.920440    5.214025    0.070890    5.998079
    0.450980    0.963987    0.001151    0.003886    0.000000       -1.033473        1.000000   13.276614    5.385712    0.070890    5.998079
    0.460784    0.963926    0.000884    0.005000    0.000000       -1.032424        1.000000   13.632767    5.557374    0.070890    5.998079
    0.470588    0.963883    0.000584    0.005041    0.000000       -1.032429        1.000000   13.988903    5.729018    0.070890    5.998079
    0.480392    0.963857    0.000305    0.004368    0.000000       -1.033130        1.000000   14.345030    5.900650    0.070890    5.998079
    0.490196    0.963846    0.000078    0.003314    0.000000       -1.034196        1.000000   14.701152    6.072275    0.070890    5.998079
    0.500000    0.963847   -0.000083    0.002149    0.000000       -1.035361        1.000000   15.057275    6.243899    0.070890    5.998079
    0.509804    0.963855   -0.000177    0.001067    0.000000       -1.036434        1.000000   15.413401    6.415524    0.070890    5.998079
    0.519608    0.963866   -0.000212    0.000184    0.000000       -1.037304        1.000000   15.769531    6.587153    0.070890    5.998079
    0.529412    0.963879   -0.000203   -0.000453    0.000000       -1.037928        1.000000   16.125666    6.758786    0.070890    5.998079
    0.539216    0.963890   -0.000164   -0.000850    0.000000       -1.038313        1.000000   16.481805    6.930424    0.070890    5.998079
    0.549020    0.963898   -0.000107   -0.001052    0.000000       -1.038506        1.000000   16.837947    7.102064    0.070890    5.998079
    0.558824    0.963902   -0.000043   -0.001123    0.000000       -1.038572        1.000000   17.194090    7.273707    0.070890    5.998079
    0.568627    0.963903    0.000024   -0.001139    0.000000       -1.038588        1.000000   17.550233    7.445351    0.070890    5.998079
    0.578431    0.963899    0.000092   -0.001179    0.000000       -1.038632        1.000000   17.906376    7.616995    0.070890    5.998079
    0.588235    0.963892    0.000165   -0.001325    0.000000       -1.038786        1.000000   18.262515    7.788636    0.070890    5.998079
    0.598039    0.963880    0.000251   -0.001663    0.000000       -1.039137        1.000000   18.618650    7.960274    0.070890    5.998079
    0.607843    0.963862    0.000366   -0.002295    0.000000       -1.039788        1.000000   18.974779    8.131907    0.070890    5.998079
    0.617647    0.963836    0.000530   -0.003356    0.000000       -1.040877        1.000000   19.330898    8.303532    0.070890    5.998079
    0.627451    0.963798    0.000773   -0.005036    0.000000       -1.042598        1.000000   19.687002    8.475145    0.070890    5.998079
    0.637255    0.963742    0.001139   -0.007613    0.000000       -1.045234        1.000000   20.043087    8.646743    0.070890    5.998079
    0.647059    0.963660    0.001694   -0.011499    0.000000       -1.049207        1.000000   20.399141    8.818316    0.070890    5.998079
    0.656863    0.963538    0.002529   -0.017303    0.000000       -1.055142        1.000000   20.755149    8.989852    0.070890    5.998079
    0.666667    0.963355    0.003783   -0.025912    0.000000       -1.063944        1.000000   21.111090    9.161335    0.070890    5.998079
    0.676471    0.963081    0.005656   -0.038583    0.000000       -1.076901        1.000000   21.466930    9.332736    0.070890    5.998079
    0.686275    0.962672    0.008434   -0.057044    0.000000       -1.095783        1.000000   21.822619    9.504015    0.070890    5.998079
    0.696078    0.962063    0.012522   -0.083549    0.000000       -1.122900        1.000000   22.178083    9.675111    0.070890    5.998079
    0.705882    0.961163    0.018471   -0.120798    0.000000       -1.161027        1.000000   22.533214    9.845930    0.070890    5.998079
    0.715686    0.959841    0.026995   -0.171603    0.000000       -1.213063        1.000000   22.887857   10.016336    0.070890    5.998079
    0.725490    0.957921    0.038962   -0.238130    0.000000       -1.281265        1.000000   23.241790   10.186125    0.070890    5.998079
    0.735294    0.955174    0.055319   -0.320760    0.000000       -1.366088        1.000000   23.594708   10.355002    0.070890    5.998079
    0.745098    0.951315    0.076955   -0.416942    0.000000       -1.465007        1.000000   23.946201   10.522543    0.070890    5.998079
    0.754902    0.946017    0.104509   -0.520877    0.000000       -1.572174        1.000000   24.295736   10.688170    0.070890    5.998079
    0.764706    0.938928    0.138212   -0.624687    0.000000       -1.679575        1.000000   24.642652   10.851120    0.070890    5.998079
    0.774510    0.929702    0.177824   -0.720735    0.000000       -1.779387        1.000000   24.986159   11.010449    0.070890    5.998079
    0.784314    0.918028    0.222720   -0.803764    0.000000       -1.866150        1.000000   25.325353   11.165055    0.070890    5.998079
    0.794118    0.903649    0.272057   -0.871684    0.000000       -1.937607        1.000000   25.659234   11.313736    0.070890    5.998079
    0.803922    0.886372    0.324951   -0.925014    0.000000       -1.994166        1.000000   25.986731   11.455262    0.070890    5.998079
    0.813725    0.866068    0.380600   -0.965746    0.000000       -2.037765        1.000000   26.306727   11.588451    0.070890    5.998079
    0.823529    0.842668    0.438333   -0.996344    0.000000       -2.070860        1.000000   26.618077   11.712242    0.070890    5.998079
    0.833333    0.816152    0.497627   -1.019145    0.000000       -2.095805        1.000000   26.919629   11.825753    0.070890    5.998079
    0.843137    0.786542    0.558080   -1.036100    0.000000       -2.114584        1.000000   27.210241   11.928327    0.070890    5.998079
    0.852941    0.753895    0.619397   -1.048731    0.000000       -2.128760        1.000000   27.488791   12.019559    0.070890    5.998079
    0.862745    0.718298    0.681359   -1.058182    0.000000       -2.139513        1.000000   27.754189   12.099312    0.070890    5.998079
    0.872549    0.679860    0.743804   -1.065294    0.000000       -2.147721        1.000000   28.005384   12.167715    0.070890    5.998079
    0.882353    0.638712    0.806613   -1.070678    0.000000       -2.154025        1.000000   28.241375   12.225157    0.070890    5.998079
    0.892157    0.595004    0.869700   -1.074778    0.000000       -2.158898        1.000000   28.461218   12.272257    0.070890    5.998079
    0.901961    0.548900    0.932999   -1.077918    0.000000       -2.162683        1.000000   28.664026   12.309839    0.070890    5.998079
    0.911765    0.500577    0.996459   -1.080331    0.000000       -2.165635        1.000000   28.848980   12.338892    0.070890    5.998079
    0.921569    0.450226    1.060045   -1.082190    0.000000       -2.167941        1.000000   29.015329   12.360521    0.070890    5.998079
    0.931373    0.398046    1.123727   -1.083622    0.000000       -2.169742        1.000000   29.162400   12.375902    0.070890    5.998079
    0.941176    0.344246    1.187482   -1.084721    0.000000       -2.171141        1.000000   29.289592   12.386226    0.070890    5.998079
    0.950980    0.289045    1.251295   -1.085556    0.000000       -2.172217        1.000000   29.396388   12.392653    0.070890    5.998079
    0.960784    0.232664    1.315150   -1.086180    0.000000       -2.173028        1.000000   29.482353   12.396262    0.070890    5.998079
    0.970588    0.175335    1.379036   -1.086629    0.000000       -2.173618        1.000000   29.547136   12.398002    0.070890    5.998079
    0.980392    0.117289    1.442945   -1.086932    0.000000       -2.174018        1.000000   29.590472   12.398657    0.070890    5.998079
    0.990196    0.058765    1.506867   -1.087106    0.000000       -2.174250        1.000000   29.612185   12.398809    0.070890    5.998079
    1.000000    0.000000    1.570796   -1.087163    0.000000       -2.174326        1.000000   29.612185   12.398819    0.070890    5.998079
