           t           r         psi          cs          qs               p             sig           A           V          Q2           S
    0.000000    0.000000   -1.570796   -0.996827    0.000000       -1.993654        1.000000    0.000000   -0.000000    0.011669    4.753065
    0.009804    0.046582   -1.524345   -0.996829    0.000000       -1.993657        1.000000    0.000000    0.000004    0.011669    4.753065
    0.019608    0.093063   -1.477894   -0.996835    0.000000       -1.993665        1.000000    0.027248    0.000059    0.011669    4.753065
    0.029412    0.139344   -1.431443   -0.996845    0.000000       -1.993678        1.000000    0.068046    0.000297    0.011669    4.753065
    0.039216    0.185324   -1.384991   -0.996860    0.000000       -1.993697        1.000000    0.122307    0.000934    0.011669    4.753065
    0.049020    0.230904   -1.338538   -0.996880    0.000000       -1.993723        1.000000    0.189913    0.002266    0.011669    4.753065
    0.058824    0.275986   -1.292084   -0.996905    0.000000       -1.993757        1.000000    0.270718    0.004662    0.011669    4.753065
    0.068627    0.320473   -1.245629   -0.996938    0.000000       -1.993800        1.000000    0.364549    0.008556    0.011669    4.753065
    0.078431    0.364268   -1.199172   -0.996979    0.000000       -1.993852        1.000000    0.471202    0.014440    0.011669    4.753065
    0.088235    0.407277   -1.152713   -0.997031    0.000000       -1.993917        1.000000    0.590448    0.022849    0.011669    4.753065
    0.098039    0.449408   -1.106252   -0.997094    0.000000       -1.993997        1.000000    0.722030    0.034353    0.011669    4.753065
    0.107843    0.490568   -1.059786   -0.997173    0.000000       -1.994096        1.000000    0.865662    0.049541    0.011669    4.753065
    0.117647    0.530670   -1.013317   -0.997272    0.000000       -1.994217        1.000000    1.021036    0.069012    0.011669    4.753065
    0.127451    0.569626   -0.966843   -0.997394    0.000000       -1.994366        1.000000    1.187816    0.093357    0.011669    4.753065
    0.137255    0.607353   -0.920362   -0.997548    0.000000       -1.994550        1.000000    1.365641    0.123150    0.011669    4.753065
    0.147059    0.643768   -0.873874   -0.997742    0.000000       -1.994780        1.000000    1.554129    0.158929    0.011669    4.753065
    0.156863    0.678792   -0.827375   -0.997989    0.000000       -1.995070        1.000000    1.752871    0.201190    0.011669    4.753065
    0.166667    0.712351   -0.780862   -0.998307    0.000000       -1.995438        1.000000    1.961439    0.250369    0.011669    4.753065
    0.176471    0.744370   -0.734334   -0.998721    0.000000       -1.995910        1.000000    2.179381    0.306833    0.011669    4.753065
    0.186275    0.774779   -0.687782   -0.999266    0.000000       -1.996525        1.000000    2.406227    0.370871    0.011669    4.753065
    0.196078    0.803512   -0.641202   -0.999995    0.000000       -1.997339        1.000000    2.641486    0.442683    0.011669    4.753065
    0.205882    0.830505   -0.594581   -1.000990    0.000000       -1.998435        1.000000    2.884648    0.522377    0.011669    4.753065
    0.215686    0.855698   -0.547906   -1.002376    0.000000       -1.999944        1.000000    3.135186    0.609958    0.011669    4.753065
    0.225490    0.879033   -0.501153   -1.004355    0.000000       -2.002075        1.000000    3.392557    0.705330    0.011669    4.753065
    0.235294    0.900455   -0.454289   -1.007267    0.000000       -2.005177        1.000000    3.656199    0.808289    0.011669    4.753065
    0.245098    0.919913   -0.407255   -1.011709    0.000000       -2.009859        1.000000    3.925539    0.918530    0.011669    4.753065
    0.254902    0.937353   -0.359960   -1.018783    0.000000       -2.017245        1.000000    4.199984    1.035640    0.011669    4.753065
    0.264706    0.952722   -0.312234   -1.030666    0.000000       -2.029541        1.000000    4.478930    1.159109    0.011669    4.753065
    0.274510    0.965960   -0.263761   -1.051958    0.000000       -2.051395        1.000000    4.761751    1.288330    0.011669    4.753065
    0.284314    0.976989   -0.213893   -1.093063    0.000000       -2.093291        1.000000    5.047802    1.422607    0.011669    4.753065
    0.294118    0.985692   -0.161228   -1.177535    0.000000       -2.178894        1.000000    5.336401    1.561152    0.011669    4.753065
    0.303922    0.991857   -0.102955   -1.334426    0.000000       -2.337297        1.000000    5.626805    1.703065    0.011669    4.753065
    0.313725    0.995158   -0.038759   -1.330554    0.000000       -2.334664        1.000000    5.918175    1.847249    0.011669    4.753065
    0.323529    0.995743    0.007497   -0.567280    0.000000       -1.571527        1.000000    6.209717    1.992342    0.011669    4.753065
    0.333333    0.995042    0.018051    0.016937    0.000000       -0.987881        1.000000    6.501054    2.137384    0.011669    4.753065
    0.343137    0.994298    0.012806    0.163326    0.000000       -0.842327        1.000000    6.792172    2.282197    0.011669    4.753065
    0.352941    0.993880    0.005249    0.147442    0.000000       -0.858702        1.000000    7.083168    2.426851    0.011669    4.753065
    0.362745    0.993775   -0.000279    0.087228    0.000000       -0.919036        1.000000    7.374134    2.571437    0.011669    4.753065
    0.372549    0.993860   -0.002891    0.026991    0.000000       -0.979182        1.000000    7.665125    2.716023    0.011669    4.753065
    0.382353    0.994007   -0.003109   -0.013463    0.000000       -1.019487        1.000000    7.956158    2.860645    0.011669    4.753065
    0.392157    0.994130   -0.002035   -0.028678    0.000000       -1.034581        1.000000    8.247228    3.005309    0.011669    4.753065
    0.401961    0.994194   -0.000736   -0.024799    0.000000       -1.030639        1.000000    8.538316    3.150000    0.011669    4.753065
    0.411765    0.994205    0.000157   -0.013089    0.000000       -1.018918        1.000000    8.829407    3.294701    0.011669    4.753065
    0.421569    0.994188    0.000504   -0.002480    0.000000       -1.008326        1.000000    9.120493    3.439402    0.011669    4.753065
    0.431373    0.994164    0.000464    0.003354    0.000000       -1.002516        1.000000    9.411573    3.584095    0.011669    4.753065
    0.441176    0.994147    0.000262    0.004705    0.000000       -1.001182        1.000000    9.702647    3.728783    0.011669    4.753065
    0.450980    0.994140    0.000065    0.003479    0.000000       -1.002416        1.000000    9.993720    3.873467    0.011669    4.753065
    0.460784    0.994140   -0.000052    0.001546    0.000000       -1.004349        1.000000   10.284792    4.018150    0.011669    4.753065
    0.470588    0.994143   -0.000086    0.000040    0.000000       -1.005851        1.000000   10.575865    4.162834    0.011669    4.753065
    0.480392    0.994147   -0.000068   -0.000676    0.000000       -1.006564        1.000000   10.866940    4.307519    0.011669    4.753065
    0.490196    0.994149   -0.000033   -0.000744    0.000000       -1.006629        1.000000   11.158015    4.452205    0.011669    4.753065
    0.500000    0.994150   -0.000004   -0.000483    0.000000       -1.006368        1.000000   11.449090    4.596891    0.011669    4.753065
    0.509804    0.994150    0.000011   -0.000174    0.000000       -1.006059        1.000000   11.740165    4.741577    0.011669    4.753065
    0.519608    0.994149    0.000014    0.000033    0.000000       -1.005852        1.000000   12.031240    4.886263    0.011669    4.753065
    0.529412    0.994149    0.000010    0.000107    0.000000       -1.005778        1.000000   12.322315    5.030949    0.011669    4.753065
    0.539216    0.994148    0.000006    0.000080    0.000000       -1.005806        1.000000   12.613390    5.175635    0.011669    4.753065
    0.549020    0.994148    0.000004   -0.000007    0.000000       -1.005893        1.000000   12.904465    5.320320    0.011669    4.753065
    0.558824    0.994148    0.000007   -0.000136    0.000000       -1.006023        1.000000   13.195539    5.465006    0.011669    4.753065
    0.568627    0.994147    0.000018   -0.000340    0.000000       -1.006227        1.000000   13.486614    5.609692    0.011669    4.753065
    0.578431    0.994146    0.000042   -0.000726    0.000000       -1.006615        1.000000   13.777688    5.754377    0.011669    4.753065
    0.588235    0.994143    0.000092   -0.001536    0.000000       -1.007427        1.000000   14.068761    5.899062    0.011669    4.753065
    0.598039    0.994136    0.000199   -0.003276    0.000000       -1.009174        1.000000   14.359832    6.043745    0.011669    4.753065
    0.607843    0.994123    0.000428   -0.007016    0.000000       -1.012928        1.000000   14.650900    6.188426    0.011669    4.753065
    0.617647    0.994093    0.000917   -0.014985    0.000000       -1.020927        1.000000   14.941958    6.333100    0.011669    4.753065
    0.627451    0.994029    0.001958   -0.031708    0.000000       -1.037713        1.000000   15.232998    6.477761    0.011669    4.753065
    0.637255    0.993893    0.004138   -0.065747    0.000000       -1.071883        1.000000   15.523998    6.622394    0.011669    4.753065
    0.647059    0.993608    0.008569   -0.130993    0.000000       -1.137388        1.000000   15.814915    6.766966    0.011669    4.753065
    0.656863    0.993031    0.017077   -0.242845    0.000000       -1.249716        1.000000   16.105662    6.911409    0.011669    4.753065
    0.666667    0.991918    0.031964   -0.402594    0.000000       -1.410227        1.000000   16.396084    7.055582    0.011669    4.753065
    0.676471    0.989927    0.054896   -0.580921    0.000000       -1.589575        1.000000   16.685923    7.199222    0.011669    4.753065
    0.686275    0.986682    0.085705   -0.734522    0.000000       -1.744300        1.000000   16.974811    7.341894    0.011669    4.753065
    0.696078    0.981856    0.122623   -0.842232    0.000000       -1.853064        1.000000   17.262287    7.482989    0.011669    4.753065
    0.705882    0.975223    0.163563   -0.909221    0.000000       -1.920942        1.000000   17.547821    7.621776    0.011669    4.753065
    0.715686    0.966648    0.206939   -0.949001    0.000000       -1.961432        1.000000   17.830844    7.757465    0.011669    4.753065
    0.725490    0.956059    0.251758   -0.972603    0.000000       -1.985590        1.000000   18.110767    7.889262    0.011669    4.753065
    0.735294    0.943427    0.297441   -0.986909    0.000000       -2.000332        1.000000   18.386991    8.016406    0.011669    4.753065
    0.745098    0.928747    0.343653   -0.995846    0.000000       -2.009609        1.000000   18.658917    8.138193    0.011669    4.753065
    0.754902    0.912032    0.390202   -1.001607    0.000000       -2.015642        1.000000   18.925949    8.253993    0.011669    4.753065
    0.764706    0.893307    0.436971   -1.005436    0.000000       -2.019687        1.000000   19.187499    8.363262    0.011669    4.753065
    0.774510    0.872604    0.483887   -1.008051    0.000000       -2.022479        1.000000   19.442987    8.465550    0.011669    4.753065
    0.784314    0.849964    0.530906   -1.009884    0.000000       -2.024455        1.000000   19.691846    8.560508    0.011669    4.753065
    0.794118    0.825433    0.577998   -1.011196    0.000000       -2.025885        1.000000   19.933523    8.647891    0.011669    4.753065
    0.803922    0.799064    0.625141   -1.012154    0.000000       -2.026942        1.000000   20.167479    8.727563    0.011669    4.753065
    0.813725    0.770913    0.672324   -1.012866    0.000000       -2.027736        1.000000   20.393194    8.799489    0.011669    4.753065
    0.823529    0.741041    0.719535   -1.013402    0.000000       -2.028342        1.000000   20.610162    8.863741    0.011669    4.753065
    0.833333    0.709515    0.766768   -1.013813    0.000000       -2.028811        1.000000   20.817899    8.920487    0.011669    4.753065
    0.843137    0.676404    0.814018   -1.014130    0.000000       -2.029179        1.000000   21.015942    8.969988    0.011669    4.753065
    0.852941    0.641781    0.861281   -1.014378    0.000000       -2.029469        1.000000   21.203848    9.012587    0.011669    4.753065
    0.862745    0.605723    0.908555   -1.014574    0.000000       -2.029701        1.000000   21.381196    9.048701    0.011669    4.753065
    0.872549    0.568311    0.955836   -1.014729    0.000000       -2.029887        1.000000   21.547591    9.078810    0.011669    4.753065
    0.882353    0.529628    1.003124   -1.014853    0.000000       -2.030038        1.000000   21.702660    9.103441    0.011669    4.753065
    0.892157    0.489760    1.050418   -1.014953    0.000000       -2.030161        1.000000   21.846056    9.123161    0.011669    4.753065
    0.901961    0.448797    1.097715   -1.015033    0.000000       -2.030260        1.000000   21.977458    9.138558    0.011669    4.753065
    0.911765    0.406830    1.145016   -1.015098    0.000000       -2.030342        1.000000   22.096573    9.150230    0.011669    4.753065
    0.921569    0.363953    1.192319   -1.015150    0.000000       -2.030408        1.000000   22.203134    9.158769    0.011669    4.753065
    0.931373    0.320261    1.239625   -1.015192    0.000000       -2.030462        1.000000   22.296903    9.164747    0.011669    4.753065
    0.941176    0.275852    1.286932   -1.015225    0.000000       -2.030505        1.000000   22.377669    9.168707    0.011669    4.753065
    0.950980    0.230826    1.334241   -1.015251    0.000000       -2.030539        1.000000   22.445252    9.171144    0.011669    4.753065
    0.960784    0.185284    1.381551   -1.015272    0.000000       -2.030565        1.000000   22.499501    9.172499    0.011669    4.753065
    0.970588    0.139327    1.428862   -1.015286    0.000000       -2.030585        1.000000   22.540295    9.173148    0.011669    4.753065
    0.980392    0.093058    1.476173   -1.015297    0.000000       -2.030599        1.000000   22.567541    9.173391    0.011669    4.753065
    0.990196    0.046581    1.523485   -1.015303    0.000000       -2.030607        1.000000   22.581179    9.173447    0.011669    4.753065
    1.000000    0.000000    1.570796   -1.015305    0.000000       -2.030609        1.000000   22.581179    9.173451    0.011669    4.753065
