           t           r         psi          cs          qs               p             sig           A           V          Q2           S
    0.000000    0.000000   -1.570796   -0.994892    0.000000       -1.989784        1.000000    0.000000    0.000000    0.022464    4.776964
    0.009804    0.046816   -1.524202   -0.994897    0.000000       -1.989791        1.000000    0.000000    0.000004    0.022464    4.776964
    0.019608    0.093530   -1.477608   -0.994913    0.000000       -1.989812        1.000000    0.027522    0.000060    0.022464    4.776964
    0.029412    0.140042   -1.431013   -0.994941    0.000000       -1.989849        1.000000    0.068731    0.000303    0.022464    4.776964
    0.039216    0.186249   -1.384416   -0.994982    0.000000       -1.989903        1.000000    0.123537    0.000951    0.022464    4.776964
    0.049020    0.232052   -1.337817   -0.995036    0.000000       -1.989974        1.000000    0.191821    0.002307    0.022464    4.776964
    0.058824    0.277352   -1.291215   -0.995108    0.000000       -1.990067        1.000000    0.273434    0.004747    0.022464    4.776964
    0.068627    0.322049   -1.244609   -0.995198    0.000000       -1.990184        1.000000    0.368200    0.008711    0.022464    4.776964
    0.078431    0.366046   -1.197998   -0.995312    0.000000       -1.990330        1.000000    0.475913    0.014701    0.022464    4.776964
    0.088235    0.409249   -1.151381   -0.995454    0.000000       -1.990510        1.000000    0.596339    0.023260    0.022464    4.776964
    0.098039    0.451563   -1.104757   -0.995630    0.000000       -1.990732        1.000000    0.729216    0.034968    0.022464    4.776964
    0.107843    0.492896   -1.058124   -0.995849    0.000000       -1.991004        1.000000    0.874256    0.050424    0.022464    4.776964
    0.117647    0.533157   -1.011479   -0.996121    0.000000       -1.991338        1.000000    1.031143    0.070236    0.022464    4.776964
    0.127451    0.572260   -0.964820   -0.996461    0.000000       -1.991751        1.000000    1.199536    0.095005    0.022464    4.776964
    0.137255    0.610118   -0.918144   -0.996887    0.000000       -1.992263        1.000000    1.379070    0.125311    0.022464    4.776964
    0.147059    0.646648   -0.871444   -0.997426    0.000000       -1.992902        1.000000    1.569352    0.161702    0.022464    4.776964
    0.156863    0.681770   -0.824716   -0.998113    0.000000       -1.993705        1.000000    1.769970    0.204676    0.022464    4.776964
    0.166667    0.715407   -0.777952   -0.998996    0.000000       -1.994727        1.000000    1.980486    0.254676    0.022464    4.776964
    0.176471    0.747482   -0.731140   -1.000145    0.000000       -1.996039        1.000000    2.200440    0.312070    0.022464    4.776964
    0.186275    0.777926   -0.684267   -1.001661    0.000000       -1.997749        1.000000    2.429353    0.377148    0.022464    4.776964
    0.196078    0.806666   -0.637311   -1.003691    0.000000       -2.000012        1.000000    2.666723    0.450109    0.022464    4.776964
    0.205882    0.833638   -0.590244   -1.006460    0.000000       -2.003061        1.000000    2.912030    0.531056    0.022464    4.776964
    0.215686    0.858776   -0.543023   -1.010314    0.000000       -2.007257        1.000000    3.164733    0.619989    0.022464    4.776964
    0.225490    0.882017   -0.495586   -1.015812    0.000000       -2.013174        1.000000    3.424276    0.716801    0.022464    4.776964
    0.235294    0.903298   -0.447836   -1.023875    0.000000       -2.021758        1.000000    3.690080    0.821279    0.022464    4.776964
    0.245098    0.922554   -0.399620   -1.036090    0.000000       -2.034633        1.000000    3.961551    0.933099    0.022464    4.776964
    0.254902    0.939716   -0.350682   -1.055295    0.000000       -2.054681        1.000000    4.238072    1.051831    0.022464    4.776964
    0.264706    0.954702   -0.300586   -1.086701    0.000000       -2.087184        1.000000    4.519003    1.176939    0.022464    4.776964
    0.274510    0.967408   -0.248559   -1.139829    0.000000       -2.141752        1.000000    4.803673    1.307779    0.022464    4.776964
    0.284314    0.977684   -0.193253   -1.229328    0.000000       -2.233113        1.000000    5.091366    1.443594    0.022464    4.776964
    0.294118    0.985307   -0.132788   -1.355178    0.000000       -2.361155        1.000000    5.381303    1.583487    0.022464    4.776964
    0.303922    0.989999   -0.067715   -1.378794    0.000000       -2.386581        1.000000    5.672620    1.726333    0.022464    4.776964
    0.313725    0.991763   -0.010964   -0.959687    0.000000       -1.967932        1.000000    5.964457    1.870734    0.022464    4.776964
    0.323529    0.991463    0.018839   -0.335626    0.000000       -1.344058        1.000000    6.256205    2.015432    0.022464    4.776964
    0.333333    0.990372    0.024970    0.023471    0.000000       -0.985936        1.000000    6.547632    2.159869    0.022464    4.776964
    0.343137    0.989290    0.020264    0.150693    0.000000       -0.859925        1.000000    6.838741    2.303978    0.022464    4.776964
    0.352941    0.988519    0.012549    0.167181    0.000000       -0.844354        1.000000    7.129623    2.447833    0.022464    4.776964
    0.362745    0.988106    0.005309    0.137461    0.000000       -0.874562        1.000000    7.420383    2.591530    0.022464    4.776964
    0.372549    0.987992   -0.000082    0.091656    0.000000       -0.920498        1.000000    7.711110    2.735157    0.022464    4.776964
    0.382353    0.988079   -0.003271    0.045343    0.000000       -0.966716        1.000000    8.001862    2.878784    0.022464    4.776964
    0.392157    0.988267   -0.004463    0.007480    0.000000       -1.004382        1.000000    8.292670    3.022452    0.022464    4.776964
    0.401961    0.988474   -0.004178   -0.017313    0.000000       -1.028965        1.000000    8.583539    3.166179    0.022464    4.776964
    0.411765    0.988645   -0.003058   -0.028343    0.000000       -1.039823        1.000000    8.874458    3.309962    0.022464    4.776964
    0.421569    0.988757   -0.001698   -0.028234    0.000000       -1.039603        1.000000    9.165410    3.453788    0.022464    4.776964
    0.431373    0.988807   -0.000518   -0.021440    0.000000       -1.032760        1.000000    9.456376    3.597636    0.022464    4.776964
    0.441176    0.988811    0.000276   -0.012410    0.000000       -1.023726        1.000000    9.747344    3.741493    0.022464    4.776964
    0.450980    0.988788    0.000660   -0.004318    0.000000       -1.015657        1.000000   10.038305    3.885346    0.022464    4.776964
    0.460784    0.988755    0.000720    0.001279    0.000000       -1.010094        1.000000   10.329257    4.029191    0.022464    4.776964
    0.470588    0.988724    0.000584    0.004133    0.000000       -1.007271        1.000000   10.620199    4.173026    0.022464    4.776964
    0.480392    0.988701    0.000368    0.004766    0.000000       -1.006661        1.000000   10.911134    4.316853    0.022464    4.776964
    0.490196    0.988689    0.000159    0.003992    0.000000       -1.007449        1.000000   11.202066    4.460675    0.022464    4.776964
    0.500000    0.988685    0.000004    0.002592    0.000000       -1.008852        1.000000   11.492997    4.604495    0.022464    4.776964
    0.509804    0.988688   -0.000083    0.001151    0.000000       -1.010291        1.000000   11.783928    4.748315    0.022464    4.776964
    0.519608    0.988692   -0.000109    0.000000    0.000000       -1.011437        1.000000   12.074861    4.892135    0.022464    4.776964
    0.529412    0.988697   -0.000089   -0.000756    0.000000       -1.012188        1.000000   12.365795    5.035958    0.022464    4.776964
    0.539216    0.988700   -0.000043   -0.001181    0.000000       -1.012610        1.000000   12.656731    5.179781    0.022464    4.776964
    0.549020    0.988701    0.000019   -0.001445    0.000000       -1.012874        1.000000   12.947666    5.323605    0.022464    4.776964
    0.558824    0.988698    0.000093   -0.001781    0.000000       -1.013212        1.000000   13.238601    5.467429    0.022464    4.776964
    0.568627    0.988692    0.000191   -0.002472    0.000000       -1.013909        1.000000   13.529533    5.611251    0.022464    4.776964
    0.578431    0.988680    0.000336   -0.003890    0.000000       -1.015339        1.000000   13.820463    5.755071    0.022464    4.776964
    0.588235    0.988659    0.000575   -0.006583    0.000000       -1.018054        1.000000   14.111386    5.898886    0.022464    4.776964
    0.598039    0.988623    0.000986   -0.011437    0.000000       -1.022944        1.000000   14.402298    6.042693    0.022464    4.776964
    0.607843    0.988562    0.001702   -0.019923    0.000000       -1.031493        1.000000   14.693192    6.186486    0.022464    4.776964
    0.617647    0.988455    0.002946   -0.034465    0.000000       -1.046140        1.000000   14.984056    6.330255    0.022464    4.776964
    0.627451    0.988272    0.005084   -0.058864    0.000000       -1.070718        1.000000   15.274865    6.473983    0.022464    4.776964
    0.637255    0.987956    0.008698   -0.098575    0.000000       -1.110727        1.000000   15.565581    6.617637    0.022464    4.776964
    0.647059    0.987421    0.014659   -0.160176    0.000000       -1.172807        1.000000   15.856140    6.761164    0.022464    4.776964
    0.656863    0.986529    0.024129   -0.248979    0.000000       -1.262339        1.000000   16.146436    6.904470    0.022464    4.776964
    0.666667    0.985086    0.038401   -0.364415    0.000000       -1.378806        1.000000   16.436308    7.047401    0.022464    4.776964
    0.676471    0.982841    0.058520   -0.496084    0.000000       -1.511801        1.000000   16.725519    7.189706    0.022464    4.776964
    0.686275    0.979511    0.084841   -0.626124    0.000000       -1.643369        1.000000   17.013750    7.331017    0.022464    4.776964
    0.696078    0.974816    0.116881   -0.738247    0.000000       -1.757082        1.000000   17.300600    7.470826    0.022464    4.776964
    0.705882    0.968518    0.153588   -0.824975    0.000000       -1.845326        1.000000   17.585596    7.608509    0.022464    4.776964
    0.715686    0.960437    0.193771   -0.887323    0.000000       -1.909030        1.000000   17.868214    7.743355    0.022464    4.776964
    0.725490    0.950449    0.236399   -0.930358    0.000000       -1.953230        1.000000   18.147894    7.874614    0.022464    4.776964
    0.735294    0.938481    0.280699   -0.959588    0.000000       -1.983436        1.000000   18.424052    8.001537    0.022464    4.776964
    0.745098    0.924493    0.326134   -0.979436    0.000000       -2.004093        1.000000   18.696093    8.123409    0.022464    4.776964
    0.754902    0.908472    0.372342   -0.993037    0.000000       -2.018361        1.000000   18.963421    8.239573    0.022464    4.776964
    0.764706    0.890422    0.419083   -1.002486    0.000000       -2.028362        1.000000   19.225436    8.349448    0.022464    4.776964
    0.774510    0.870365    0.466198   -1.009157    0.000000       -2.035489        1.000000   19.481550    8.452540    0.022464    4.776964
    0.784314    0.848332    0.513577   -1.013944    0.000000       -2.040656        1.000000   19.731181    8.548458    0.022464    4.776964
    0.794118    0.824362    0.561149   -1.017434    0.000000       -2.044463        1.000000   19.973758    8.636912    0.022464    4.776964
    0.803922    0.798504    0.608862   -1.020018    0.000000       -2.047313        1.000000   20.208726    8.717720    0.022464    4.776964
    0.813725    0.770811    0.656680   -1.021956    0.000000       -2.049476        1.000000   20.435545    8.790812    0.022464    4.776964
    0.823529    0.741343    0.704578   -1.023430    0.000000       -2.051140        1.000000   20.653693    8.856223    0.022464    4.776964
    0.833333    0.710165    0.752536   -1.024563    0.000000       -2.052435        1.000000   20.862666    8.914089    0.022464    4.776964
    0.843137    0.677347    0.800540   -1.025443    0.000000       -2.053453        1.000000   21.061982    8.964646    0.022464    4.776964
    0.852941    0.642963    0.848582   -1.026133    0.000000       -2.054261        1.000000   21.251181    9.008218    0.022464    4.776964
    0.862745    0.607092    0.896652   -1.026678    0.000000       -2.054907        1.000000   21.429823    9.045207    0.022464    4.776964
    0.872549    0.569815    0.944745   -1.027112    0.000000       -2.055427        1.000000   21.597497    9.076084    0.022464    4.776964
    0.882353    0.531219    0.992856   -1.027459    0.000000       -2.055849        1.000000   21.753814    9.101373    0.022464    4.776964
    0.892157    0.491392    1.040982   -1.027738    0.000000       -2.056191        1.000000   21.898411    9.121642    0.022464    4.776964
    0.901961    0.450426    1.089119   -1.027963    0.000000       -2.056470        1.000000   22.030954    9.137483    0.022464    4.776964
    0.911765    0.408415    1.137266   -1.028144    0.000000       -2.056698        1.000000   22.151134    9.149502    0.022464    4.776964
    0.921569    0.365458    1.185421   -1.028290    0.000000       -2.056884        1.000000   22.258674    9.158301    0.022464    4.776964
    0.931373    0.321652    1.233581   -1.028408    0.000000       -2.057034        1.000000   22.353323    9.164466    0.022464    4.776964
    0.941176    0.277101    1.281747   -1.028501    0.000000       -2.057155        1.000000   22.434863    9.168552    0.022464    4.776964
    0.950980    0.231907    1.329917   -1.028575    0.000000       -2.057251        1.000000   22.503104    9.171068    0.022464    4.776964
    0.960784    0.186175    1.378089   -1.028631    0.000000       -2.057325        1.000000   22.557888    9.172468    0.022464    4.776964
    0.970588    0.140010    1.426264   -1.028673    0.000000       -2.057380        1.000000   22.599087    9.173138    0.022464    4.776964
    0.980392    0.093521    1.474441   -1.028702    0.000000       -2.057418        1.000000   22.626607    9.173389    0.022464    4.776964
    0.990196    0.046815    1.522618   -1.028719    0.000000       -2.057441        1.000000   22.640382    9.173447    0.022464    4.776964
    1.000000    0.000000    1.570796   -1.028724    0.000000       -2.057448        1.000000   22.640382    9.173451    0.022464    4.776964
