           t           r         psi          cs          qs               p             sig           A           V          Q2           S
    0.000000    0.000000   -1.570796   -0.995383    0.000000       -1.990766        1.000000    0.000000    0.000000    0.019414    4.103871
    0.009804    0.040223   -1.530748   -0.995386    0.000000       -1.990770        1.000000    0.000000    0.000002    0.019414    4.103871
    0.019608    0.080382   -1.490699   -0.995395    0.000000       -1.990783        1.000000    0.020320    0.000033    0.019414    4.103871
    0.029412    0.120412   -1.450650   -0.995412    0.000000       -1.990804        1.000000    0.050760    0.000165    0.019414    4.103871
    0.039216    0.160249   -1.410601   -0.995435    0.000000       -1.990835        1.000000    0.091271    0.000520    0.019414    4.103871
    0.049020    0.199828   -1.370550   -0.995466    0.000000       -1.990876        1.000000    0.141787    0.001263    0.019414    4.103871
    0.058824    0.239088   -1.330497   -0.995506    0.000000       -1.990928        1.000000    0.202228    0.002604    0.019414    4.103871
    0.068627    0.277963   -1.290443   -0.995556    0.000000       -1.990993        1.000000    0.272496    0.004792    0.019414    4.103871
    0.078431    0.316393   -1.250387   -0.995617    0.000000       -1.991072        1.000000    0.352480    0.008109    0.019414    4.103871
    0.088235    0.354316   -1.210327   -0.995692    0.000000       -1.991168        1.000000    0.442050    0.012872    0.019414    4.103871
    0.098039    0.391670   -1.170265   -0.995782    0.000000       -1.991283        1.000000    0.541064    0.019420    0.019414    4.103871
    0.107843    0.428395   -1.130199   -0.995891    0.000000       -1.991421        1.000000    0.649361    0.028116    0.019414    4.103871
    0.117647    0.464433   -1.090127   -0.996022    0.000000       -1.991585        1.000000    0.766769    0.039333    0.019414    4.103871
    0.127451    0.499726   -1.050050   -0.996180    0.000000       -1.991781        1.000000    0.893099    0.053456    0.019414    4.103871
    0.137255    0.534217   -1.009966   -0.996371    0.000000       -1.992015        1.000000    1.028147    0.070870    0.019414    4.103871
    0.147059    0.567849   -0.969874   -0.996602    0.000000       -1.992296        1.000000    1.171698    0.091955    0.019414    4.103871
    0.156863    0.600570   -0.929771   -0.996883    0.000000       -1.992633        1.000000    1.323521    0.117080    0.019414    4.103871
    0.166667    0.632326   -0.889656   -0.997225    0.000000       -1.993041        1.000000    1.483372    0.146596    0.019414    4.103871
    0.176471    0.663065   -0.849525   -0.997646    0.000000       -1.993536        1.000000    1.650993    0.180831    0.019414    4.103871
    0.186275    0.692738   -0.809376   -0.998165    0.000000       -1.994142        1.000000    1.826116    0.220082    0.019414    4.103871
    0.196078    0.721296   -0.769203   -0.998813    0.000000       -1.994888        1.000000    2.008458    0.264613    0.019414    4.103871
    0.205882    0.748693   -0.729001   -0.999627    0.000000       -1.995816        1.000000    2.197726    0.314644    0.019414    4.103871
    0.215686    0.774883   -0.688762   -1.000660    0.000000       -1.996983        1.000000    2.393615    0.370352    0.019414    4.103871
    0.225490    0.799823   -0.648476   -1.001988    0.000000       -1.998465        1.000000    2.595809    0.431865    0.019414    4.103871
    0.235294    0.823470   -0.608128   -1.003715    0.000000       -2.000374        1.000000    2.803980    0.499259    0.019414    4.103871
    0.245098    0.845784   -0.567701   -1.005996    0.000000       -2.002869        1.000000    3.017792    0.572553    0.019414    4.103871
    0.254902    0.866724   -0.527168   -1.009059    0.000000       -2.006187        1.000000    3.236898    0.651709    0.019414    4.103871
    0.264706    0.886253   -0.486489   -1.013254    0.000000       -2.010688        1.000000    3.460941    0.736633    0.019414    4.103871
    0.274510    0.904332   -0.445611   -1.019126    0.000000       -2.016932        1.000000    3.689555    0.827170    0.019414    4.103871
    0.284314    0.920923   -0.404448   -1.027561    0.000000       -2.025820        1.000000    3.922362    0.923106    0.019414    4.103871
    0.294118    0.935983   -0.362871   -1.040031    0.000000       -2.038854        1.000000    4.158977    1.024170    0.019414    4.103871
    0.303922    0.949469   -0.320671   -1.059076    0.000000       -2.058607        1.000000    4.399000    1.130033    0.019414    4.103871
    0.313725    0.961327   -0.277503   -1.089169    0.000000       -2.089601        1.000000    4.642022    1.240310    0.019414    4.103871
    0.323529    0.971487   -0.232778   -1.138090    0.000000       -2.139678        1.000000    4.887612    1.354562    0.019414    4.103871
    0.333333    0.979850   -0.185513   -1.217492    0.000000       -2.220545        1.000000    5.135316    1.472285    0.019414    4.103871
    0.343137    0.986272   -0.134320   -1.331249    0.000000       -2.336036        1.000000    5.384643    1.592901    0.019414    4.103871
    0.352941    0.990562   -0.078855   -1.401545    0.000000       -2.407936        1.000000    5.635055    1.715716    0.019414    4.103871
    0.362745    0.992634   -0.025850   -1.156608    0.000000       -2.163692        1.000000    5.885991    1.839865    0.019414    4.103871
    0.372549    0.992886    0.009352   -0.575566    0.000000       -1.582687        1.000000    6.136990    1.964461    0.019414    4.103871
    0.382353    0.992186    0.022355   -0.115388    0.000000       -1.123011        1.000000    6.387813    2.088971    0.019414    4.103871
    0.392157    0.991265    0.022028    0.098064    0.000000       -0.910504        1.000000    6.638402    2.213254    0.019414    4.103871
    0.401961    0.990483    0.016416    0.164379    0.000000       -0.845094        1.000000    6.888794    2.337328    0.019414    4.103871
    0.411765    0.989957    0.009710    0.161542    0.000000       -0.848555        1.000000    7.139054    2.461250    0.019414    4.103871
    0.421569    0.989690    0.003810    0.128791    0.000000       -0.881620        1.000000    7.389245    2.585082    0.019414    4.103871
    0.431373    0.989630   -0.000519    0.085791    0.000000       -0.924688        1.000000    7.639421    2.708876    0.019414    4.103871
    0.441176    0.989708   -0.003105    0.043535    0.000000       -0.966859        1.000000    7.889617    2.832674    0.019414    4.103871
    0.450980    0.989858   -0.004123    0.008670    0.000000       -1.001567        1.000000    8.139851    2.956502    0.019414    4.103871
    0.460784    0.990024   -0.003951   -0.015221    0.000000       -1.025289        1.000000    8.390127    3.080370    0.019414    4.103871
    0.470588    0.990167   -0.003057   -0.027390    0.000000       -1.037317        1.000000    8.640439    3.204278    0.019414    4.103871
    0.480392    0.990266   -0.001882   -0.029597    0.000000       -1.039425        1.000000    8.890777    3.328216    0.019414    4.103871
    0.490196    0.990319   -0.000764   -0.025203    0.000000       -1.034978        1.000000    9.141127    3.452174    0.019414    4.103871
    0.500000    0.990331    0.000108   -0.017952    0.000000       -1.027715        1.000000    9.391481    3.576139    0.019414    4.103871
    0.509804    0.990314    0.000685   -0.010973    0.000000       -1.020753        1.000000    9.641830    3.700104    0.019414    4.103871
    0.519608    0.990279    0.001023   -0.006364    0.000000       -1.016180        1.000000    9.892171    3.824062    0.019414    4.103871
    0.529412    0.990233    0.001245   -0.005312    0.000000       -1.015174        1.000000   10.142499    3.948010    0.019414    4.103871
    0.539216    0.990178    0.001508   -0.008524    0.000000       -1.018442        1.000000   10.392814    4.071945    0.019414    4.103871
    0.549020    0.990109    0.001998   -0.016772    0.000000       -1.026760        1.000000   10.643112    4.195865    0.019414    4.103871
    0.558824    0.990012    0.002943   -0.031431    0.000000       -1.041516        1.000000   10.893385    4.319764    0.019414    4.103871
    0.568627    0.989862    0.004646   -0.054965    0.000000       -1.065196        1.000000   11.143620    4.443632    0.019414    4.103871
    0.578431    0.989622    0.007536   -0.091195    0.000000       -1.101653        1.000000   11.393794    4.567452    0.019414    4.103871
    0.588235    0.989232    0.012220   -0.145011    0.000000       -1.155821        1.000000   11.643870    4.691190    0.019414    4.103871
    0.598039    0.988604    0.019502   -0.220912    0.000000       -1.232247        1.000000   11.893787    4.814793    0.019414    4.103871
    0.607843    0.987615    0.030311   -0.320025    0.000000       -1.332100        1.000000   12.143454    4.938176    0.019414    4.103871
    0.617647    0.986106    0.045495   -0.436866    0.000000       -1.449906        1.000000   12.392739    5.061200    0.019414    4.103871
    0.627451    0.983890    0.065538   -0.559124    0.000000       -1.573315        1.000000   12.641465    5.183663    0.019414    4.103871
    0.637255    0.980773    0.090365   -0.672458    0.000000       -1.687903        1.000000   12.889402    5.305286    0.019414    4.103871
    0.647059    0.976573    0.119393   -0.766904    0.000000       -1.783602        1.000000   13.136278    5.425710    0.019414    4.103871
    0.656863    0.971145    0.151780   -0.839475    0.000000       -1.857350        1.000000   13.381781    5.544512    0.019414    4.103871
    0.666667    0.964376    0.186679   -0.892354    0.000000       -1.911278        1.000000   13.625573    5.661228    0.019414    4.103871
    0.676471    0.956190    0.223379   -0.929785    0.000000       -1.949619        1.000000   13.867296    5.775372    0.019414    4.103871
    0.686275    0.946538    0.261347   -0.955991    0.000000       -1.976597        1.000000   14.106579    5.886459    0.019414    4.103871
    0.696078    0.935392    0.300201   -0.974351    0.000000       -1.995609        1.000000   14.343044    5.994019    0.019414    4.103871
    0.705882    0.922741    0.339679   -0.987317    0.000000       -2.009123        1.000000   14.576311    6.097613    0.019414    4.103871
    0.715686    0.908583    0.379599   -0.996581    0.000000       -2.018847        1.000000   14.805998    6.196838    0.019414    4.103871
    0.725490    0.892927    0.419838   -1.003290    0.000000       -2.025943        1.000000   15.031729    6.291336    0.019414    4.103871
    0.735294    0.875789    0.460308   -1.008218    0.000000       -2.031199        1.000000   15.253126    6.380800    0.019414    4.103871
    0.745098    0.857189    0.500950   -1.011888    0.000000       -2.035147        1.000000   15.469822    6.464977    0.019414    4.103871
    0.754902    0.837153    0.541721   -1.014658    0.000000       -2.038154        1.000000   15.681452    6.543670    0.019414    4.103871
    0.764706    0.815709    0.582589   -1.016774    0.000000       -2.040473        1.000000   15.887662    6.616742    0.019414    4.103871
    0.774510    0.792892    0.623532   -1.018410    0.000000       -2.042284        1.000000   16.088103    6.684114    0.019414    4.103871
    0.784314    0.768736    0.664534   -1.019689    0.000000       -2.043713        1.000000   16.282438    6.745766    0.019414    4.103871
    0.794118    0.743281    0.705581   -1.020697    0.000000       -2.044852        1.000000   16.470338    6.801738    0.019414    4.103871
    0.803922    0.716569    0.746665   -1.021500    0.000000       -2.045768        1.000000   16.651485    6.852122    0.019414    4.103871
    0.813725    0.688643    0.787777   -1.022144    0.000000       -2.046511        1.000000   16.825572    6.897066    0.019414    4.103871
    0.823529    0.659550    0.828913   -1.022665    0.000000       -2.047118        1.000000   16.992305    6.936764    0.019414    4.103871
    0.833333    0.629338    0.870068   -1.023089    0.000000       -2.047617        1.000000   17.151401    6.971456    0.019414    4.103871
    0.843137    0.598059    0.911238   -1.023436    0.000000       -2.048029        1.000000   17.302589    7.001421    0.019414    4.103871
    0.852941    0.565765    0.952421   -1.023721    0.000000       -2.048372        1.000000   17.445613    7.026972    0.019414    4.103871
    0.862745    0.532511    0.993614   -1.023956    0.000000       -2.048658        1.000000   17.580231    7.048448    0.019414    4.103871
    0.872549    0.498352    1.034816   -1.024151    0.000000       -2.048897        1.000000   17.706213    7.066211    0.019414    4.103871
    0.882353    0.463346    1.076025   -1.024312    0.000000       -2.049097        1.000000   17.823346    7.080637    0.019414    4.103871
    0.892157    0.427554    1.117240   -1.024447    0.000000       -2.049265        1.000000   17.931431    7.092110    0.019414    4.103871
    0.901961    0.391035    1.158460   -1.024559    0.000000       -2.049407        1.000000   18.030283    7.101013    0.019414    4.103871
    0.911765    0.353851    1.199684   -1.024651    0.000000       -2.049525        1.000000   18.119736    7.107725    0.019414    4.103871
    0.921569    0.316066    1.240911   -1.024728    0.000000       -2.049623        1.000000   18.199637    7.112611    0.019414    4.103871
    0.931373    0.277743    1.282142   -1.024791    0.000000       -2.049705        1.000000   18.269850    7.116017    0.019414    4.103871
    0.941176    0.238949    1.323374   -1.024843    0.000000       -2.049771        1.000000   18.330255    7.118265    0.019414    4.103871
    0.950980    0.199748    1.364609   -1.024884    0.000000       -2.049825        1.000000   18.380751    7.119644    0.019414    4.103871
    0.960784    0.160207    1.405845   -1.024916    0.000000       -2.049868        1.000000   18.421251    7.120408    0.019414    4.103871
    0.970588    0.120394    1.447082   -1.024940    0.000000       -2.049899        1.000000   18.451687    7.120773    0.019414    4.103871
    0.980392    0.080377    1.488319   -1.024956    0.000000       -2.049921        1.000000   18.472006    7.120910    0.019414    4.103871
    0.990196    0.040223    1.529558   -1.024966    0.000000       -2.049934        1.000000   18.482174    7.120941    0.019414    4.103871
    1.000000    0.000000    1.570796   -1.024969    0.000000       -2.049939        1.000000   18.482174    7.120943    0.019414    4.103871
