           t           r         psi          cs          qs               p             sig           A           V          Q2           S
    0.000000   -0.000000   -1.570796   -2.220437    0.000000       -4.440874        1.000000    0.000000   -0.000000    0.908040   25.192499
    0.009804    0.231871   -0.921301   -3.320277    0.000000       -5.928561        1.000000    0.000000    0.006459    0.908040   25.192499
    0.019608    0.344583   -0.090055   -2.553270    0.000000       -5.443569        1.000000    0.534742    0.070135    0.908040   25.192499
    0.029412    0.320745    0.168667    0.170254    0.000000       -2.903241        1.000000    1.032493    0.158075    0.908040   25.192499
    0.039216    0.294041    0.032427    0.584839    0.000000       -2.814260        1.000000    1.488801    0.229532    0.908040   25.192499
    0.049020    0.297967   -0.039269    0.005378    0.000000       -3.348109        1.000000    1.951203    0.296822    0.908040   25.192499
    0.058824    0.304943   -0.011424   -0.142149    0.000000       -3.421241        1.000000    2.424430    0.367597    0.908040   25.192499
    0.068627    0.304641    0.008309   -0.013832    0.000000       -3.296269        1.000000    2.897188    0.439871    0.908040   25.192499
    0.078431    0.302960    0.003431    0.032627    0.000000       -3.268118        1.000000    3.367338    0.511431    0.908040   25.192499
    0.088235    0.302889   -0.001697    0.006113    0.000000       -3.295419        1.000000    3.837378    0.582582    0.908040   25.192499
    0.098039    0.303286   -0.000968   -0.007289    0.000000       -3.304505        1.000000    4.308034    0.653869    0.908040   25.192499
    0.107843    0.303337    0.000322   -0.002091    0.000000       -3.298751        1.000000    4.778769    0.725265    0.908040   25.192499
    0.117647    0.303247    0.000259    0.001563    0.000000       -3.296080        1.000000    5.249364    0.796639    0.908040   25.192499
    0.127451    0.303227   -0.000055    0.000635    0.000000       -3.297226        1.000000    5.719928    0.867984    0.908040   25.192499
    0.137255    0.303247   -0.000067   -0.000319    0.000000       -3.297964        1.000000    6.190523    0.939333    0.908040   25.192499
    0.147059    0.303253    0.000007   -0.000179    0.000000       -3.297753        1.000000    6.661128    1.010688    0.908040   25.192499
    0.156863    0.303249    0.000017    0.000061    0.000000       -3.297559        1.000000    7.131726    1.082044    0.908040   25.192499
    0.166667    0.303247   -0.000000    0.000048    0.000000       -3.297592        1.000000    7.602322    1.153397    0.908040   25.192499
    0.176471    0.303248   -0.000004   -0.000010    0.000000       -3.297642        1.000000    8.072918    1.224751    0.908040   25.192499
    0.186275    0.303249   -0.000000   -0.000012    0.000000       -3.297638        1.000000    8.543516    1.296105    0.908040   25.192499
    0.196078    0.303248    0.000001    0.000001    0.000000       -3.297626        1.000000    9.014113    1.367459    0.908040   25.192499
    0.205882    0.303248    0.000000    0.000003    0.000000       -3.297626        1.000000    9.484710    1.438813    0.908040   25.192499
    0.215686    0.303248   -0.000000   -0.000000    0.000000       -3.297628        1.000000    9.955307    1.510166    0.908040   25.192499
    0.225490    0.303248   -0.000000   -0.000001    0.000000       -3.297629        1.000000   10.425905    1.581520    0.908040   25.192499
    0.235294    0.303248    0.000000   -0.000000    0.000000       -3.297628        1.000000   10.896502    1.652874    0.908040   25.192499
    0.245098    0.303248    0.000000    0.000000    0.000000       -3.297628        1.000000   11.367099    1.724228    0.908040   25.192499
    0.254902    0.303248   -0.000000    0.000000    0.000000       -3.297628        1.000000   11.837696    1.795582    0.908040   25.192499
    0.264706    0.303248   -0.000000   -0.000000    0.000000       -3.297628        1.000000   12.308293    1.866936    0.908040   25.192499
    0.274510    0.303248    0.000000   -0.000000    0.000000       -3.297628        1.000000   12.778890    1.938290    0.908040   25.192499
    0.284314    0.303248    0.000000    0.000000    0.000000       -3.297628        1.000000   13.249487    2.009644    0.908040   25.192499
    0.294118    0.303248   -0.000000    0.000000    0.000000       -3.297628        1.000000   13.720084    2.080997    0.908040   25.192499
    0.303922    0.303248   -0.000000   -0.000000    0.000000       -3.297628        1.000000   14.190682    2.152351    0.908040   25.192499
    0.313725    0.303248    0.000000   -0.000000    0.000000       -3.297628        1.000000   14.661279    2.223705    0.908040   25.192499
    0.323529    0.303248    0.000000    0.000000    0.000000       -3.297628        1.000000   15.131876    2.295059    0.908040   25.192499
    0.333333    0.303248   -0.000000    0.000000    0.000000       -3.297628        1.000000   15.602473    2.366413    0.908040   25.192499
    0.343137    0.303248   -0.000000   -0.000000    0.000000       -3.297628        1.000000   16.073070    2.437767    0.908040   25.192499
    0.352941    0.303248   -0.000000   -0.000000    0.000000       -3.297628        1.000000   16.543667    2.509121    0.908040   25.192499
    0.362745    0.303248    0.000000    0.000000    0.000000       -3.297628        1.000000   17.014264    2.580475    0.908040   25.192499
    0.372549    0.303248    0.000000    0.000000    0.000000       -3.297628        1.000000   17.484862    2.651829    0.908040   25.192499
    0.382353    0.303248   -0.000000   -0.000000    0.000000       -3.297628        1.000000   17.955459    2.723182    0.908040   25.192499
    0.392157    0.303248   -0.000000   -0.000000    0.000000       -3.297628        1.000000   18.426056    2.794536    0.908040   25.192499
    0.401961    0.303248    0.000000   -0.000000    0.000000       -3.297628        1.000000   18.896653    2.865890    0.908040   25.192499
    0.411765    0.303248    0.000000    0.000000    0.000000       -3.297628        1.000000   19.367250    2.937244    0.908040   25.192499
    0.421569    0.303248   -0.000000    0.000000    0.000000       -3.297628        1.000000   19.837847    3.008598    0.908040   25.192499
    0.431373    0.303248   -0.000000   -0.000000    0.000000       -3.297628        1.000000   20.308444    3.079952    0.908040   25.192499
    0.441176    0.303248    0.000000   -0.000000    0.000000       -3.297628        1.000000   20.779041    3.151306    0.908040   25.192499
    0.450980    0.303248    0.000000    0.000000    0.000000       -3.297628        1.000000   21.249639    3.222660    0.908040   25.192499
    0.460784    0.303248    0.000000    0.000000    0.000000       -3.297628        1.000000   21.720236    3.294013    0.908040   25.192499
    0.470588    0.303248    0.000000   -0.000000    0.000000       -3.297628        1.000000   22.190833    3.365367    0.908040   25.192499
    0.480392    0.303248    0.000000   -0.000000    0.000000       -3.297628        1.000000   22.661430    3.436721    0.908040   25.192499
    0.490196    0.303248    0.000000    0.000000    0.000000       -3.297628        1.000000   23.132027    3.508075    0.908040   25.192499
    0.500000    0.303248    0.000000   -0.000000    0.000000       -3.297628        1.000000   23.602624    3.579429    0.908040   25.192499
    0.509804    0.303248    0.000000    0.000000    0.000000       -3.297628        1.000000   24.073221    3.650783    0.908040   25.192499
    0.519608    0.303248    0.000000   -0.000000    0.000000       -3.297628        1.000000   24.543819    3.722137    0.908040   25.192499
    0.529412    0.303248    0.000000    0.000000    0.000000       -3.297628        1.000000   25.014416    3.793491    0.908040   25.192499
    0.539216    0.303248    0.000000    0.000000    0.000000       -3.297628        1.000000   25.485013    3.864845    0.908040   25.192499
    0.549020    0.303248    0.000000    0.000000    0.000000       -3.297628        1.000000   25.955610    3.936198    0.908040   25.192499
    0.558824    0.303248    0.000000    0.000000    0.000000       -3.297628        1.000000   26.426207    4.007552    0.908040   25.192499
    0.568627    0.303248    0.000000   -0.000000    0.000000       -3.297628        1.000000   26.896804    4.078906    0.908040   25.192499
    0.578431    0.303248    0.000000   -0.000000    0.000000       -3.297628        1.000000   27.367401    4.150260    0.908040   25.192499
    0.588235    0.303248    0.000000    0.000000    0.000000       -3.297628        1.000000   27.837999    4.221614    0.908040   25.192499
    0.598039    0.303248    0.000000    0.000000    0.000000       -3.297628        1.000000   28.308596    4.292968    0.908040   25.192499
    0.607843    0.303248    0.000000   -0.000000    0.000000       -3.297628        1.000000   28.779193    4.364322    0.908040   25.192499
    0.617647    0.303248    0.000000    0.000000    0.000000       -3.297628        1.000000   29.249790    4.435676    0.908040   25.192499
    0.627451    0.303248    0.000000    0.000000    0.000000       -3.297628        1.000000   29.720387    4.507030    0.908040   25.192499
    0.637255    0.303248    0.000000   -0.000000    0.000000       -3.297628        1.000000   30.190984    4.578383    0.908040   25.192499
    0.647059    0.303248    0.000000    0.000000    0.000000       -3.297628        1.000000   30.661581    4.649737    0.908040   25.192499
    0.656863    0.303248    0.000000    0.000000    0.000000       -3.297628        1.000000   31.132178    4.721091    0.908040   25.192499
    0.666667    0.303248    0.000000   -0.000000    0.000000       -3.297628        1.000000   31.602776    4.792445    0.908040   25.192499
    0.676471    0.303248    0.000000   -0.000000    0.000000       -3.297628        1.000000   32.073373    4.863799    0.908040   25.192499
    0.686275    0.303248    0.000000    0.000000    0.000000       -3.297628        1.000000   32.543970    4.935153    0.908040   25.192499
    0.696078    0.303248    0.000000    0.000000    0.000000       -3.297628        1.000000   33.014567    5.006507    0.908040   25.192499
    0.705882    0.303248    0.000000    0.000000    0.000000       -3.297628        1.000000   33.485164    5.077861    0.908040   25.192499
    0.715686    0.303248    0.000000    0.000000    0.000000       -3.297628        1.000000   33.955761    5.149214    0.908040   25.192499
    0.725490    0.303248    0.000000    0.000000    0.000000       -3.297628        1.000000   34.426358    5.220568    0.908040   25.192499
    0.735294    0.303248    0.000000   -0.000000    0.000000       -3.297628        1.000000   34.896956    5.291922    0.908040   25.192499
    0.745098    0.303248    0.000000   -0.000000    0.000000       -3.297628        1.000000   35.367553    5.363276    0.908040   25.192499
    0.754902    0.303248    0.000000   -0.000000    0.000000       -3.297628        1.000000   35.838150    5.434630    0.908040   25.192499
    0.764706    0.303248    0.000000   -0.000000    0.000000       -3.297628        1.000000   36.308747    5.505984    0.908040   25.192499
    0.774510    0.303248    0.000000   -0.000000    0.000000       -3.297628        1.000000   36.779344    5.577338    0.908040   25.192499
    0.784314    0.303248    0.000000   -0.000000    0.000000       -3.297628        1.000000   37.249941    5.648692    0.908040   25.192499
    0.794118    0.303248    0.000000   -0.000000    0.000000       -3.297628        1.000000   37.720538    5.720046    0.908040   25.192499
    0.803922    0.303248    0.000000   -0.000000    0.000000       -3.297628        1.000000   38.191135    5.791399    0.908040   25.192499
    0.813725    0.303248    0.000000   -0.000000    0.000000       -3.297628        1.000000   38.661733    5.862753    0.908040   25.192499
    0.823529    0.303248    0.000000   -0.000000    0.000000       -3.297628        1.000000   39.132330    5.934107    0.908040   25.192499
    0.833333    0.303248    0.000000   -0.000000    0.000000       -3.297628        1.000000   39.602927    6.005461    0.908040   25.192499
    0.843137    0.303248    0.000000   -0.000000    0.000000       -3.297628        1.000000   40.073524    6.076815    0.908040   25.192499
    0.852941    0.303248    0.000000   -0.000000    0.000000       -3.297628        1.000000   40.544121    6.148169    0.908040   25.192499
    0.862745    0.303248    0.000000   -0.000000    0.000000       -3.297628        1.000000   41.014718    6.219523    0.908040   25.192499
    0.872549    0.303248    0.000000   -0.000000    0.000000       -3.297628        1.000000   41.485315    6.290877    0.908040   25.192499
    0.882353    0.303248    0.000000   -0.000001    0.000000       -3.297629        1.000000   41.955913    6.362230    0.908040   25.192499
    0.892157    0.303248    0.000000   -0.000002    0.000000       -3.297631        1.000000   42.426510    6.433584    0.908040   25.192499
    0.901961    0.303248    0.000002   -0.000010    0.000000       -3.297641        1.000000   42.897106    6.504938    0.908040   25.192499
    0.911765    0.303247    0.000007   -0.000040    0.000000       -3.297681        1.000000   43.367702    6.576292    0.908040   25.192499
    0.921569    0.303243    0.000029   -0.000167    0.000000       -3.297849        1.000000   43.838291    6.647644    0.908040   25.192499
    0.931373    0.303227    0.000120   -0.000697    0.000000       -3.298551        1.000000   44.308856    6.718993    0.908040   25.192499
    0.941176    0.303161    0.000503   -0.002913    0.000000       -3.301485        1.000000   44.779318    6.790325    0.908040   25.192499
    0.950980    0.302885    0.002102   -0.012169    0.000000       -3.313742        1.000000   45.249352    6.861588    0.908040   25.192499
    0.960784    0.301732    0.008776   -0.050737    0.000000       -3.364812        1.000000   45.717596    6.932562    0.908040   25.192499
    0.970588    0.296926    0.036483   -0.209739    0.000000       -3.575338        1.000000   46.178382    7.002326    0.908040   25.192499
    0.980392    0.277158    0.148936   -0.835265    0.000000       -4.403371        1.000000   46.608491    7.067048    0.908040   25.192499
    0.990196    0.201276    0.561285   -2.801939    0.000000       -7.007970        1.000000   46.920841    7.112436    0.908040   25.192499
    1.000000    0.000000    1.570796   -4.894977    0.000000       -9.789954        1.000000   46.920841    7.120943    0.908040   25.192499
