           t           r         psi          cs          qs               p             sig           A           V          Q2           S
    0.000000    0.000000   -1.570796   -0.991247    0.000000       -1.982493        1.000000    0.000000   -0.000000    0.065346    5.991754
    0.009804    0.058709   -1.512567   -0.991292    0.000000       -1.982554        1.000000    0.000000    0.000009    0.065346    5.991754
    0.019608    0.117220   -1.454332   -0.991431    0.000000       -1.982738        1.000000    0.043265    0.000148    0.065346    5.991754
    0.029412    0.175333   -1.396086   -0.991672    0.000000       -1.983058        1.000000    0.107979    0.000743    0.065346    5.991754
    0.039216    0.232851   -1.337823   -0.992031    0.000000       -1.983529        1.000000    0.193922    0.002331    0.065346    5.991754
    0.049020    0.289580   -1.279534   -0.992529    0.000000       -1.984177        1.000000    0.300803    0.005634    0.065346    5.991754
    0.058824    0.345325   -1.221212   -0.993199    0.000000       -1.985040        1.000000    0.428260    0.011539    0.065346    5.991754
    0.068627    0.399896   -1.162844   -0.994083    0.000000       -1.986167        1.000000    0.575858    0.021068    0.065346    5.991754
    0.078431    0.453107   -1.104416   -0.995241    0.000000       -1.987624        1.000000    0.743096    0.035342    0.065346    5.991754
    0.088235    0.504774   -1.045911   -0.996755    0.000000       -1.989505        1.000000    0.929403    0.055542    0.065346    5.991754
    0.098039    0.554717   -0.987303   -0.998741    0.000000       -1.991936        1.000000    1.134144    0.082868    0.065346    5.991754
    0.107843    0.602763   -0.928561   -1.001359    0.000000       -1.995095        1.000000    1.356619    0.118499    0.065346    5.991754
    0.117647    0.648738   -0.869641   -1.004841    0.000000       -1.999234        1.000000    1.596062    0.163547    0.065346    5.991754
    0.127451    0.692478   -0.810483   -1.009524    0.000000       -2.004716        1.000000    1.851650    0.219020    0.065346    5.991754
    0.137255    0.733817   -0.751004   -1.015907    0.000000       -2.012075        1.000000    2.122495    0.285778    0.065346    5.991754
    0.147059    0.772593   -0.691081   -1.024747    0.000000       -2.022113        1.000000    2.407652    0.364501    0.065346    5.991754
    0.156863    0.808644   -0.630540   -1.037212    0.000000       -2.036056        1.000000    2.706116    0.455657    0.065346    5.991754
    0.166667    0.841803   -0.569118   -1.055135    0.000000       -2.055816        1.000000    3.016818    0.559476    0.065346    5.991754
    0.176471    0.871894   -0.506415   -1.081416    0.000000       -2.084393        1.000000    3.338626    0.675925    0.065346    5.991754
    0.186275    0.898718   -0.441817   -1.120577    0.000000       -2.126428        1.000000    3.670335    0.804689    0.065346    5.991754
    0.196078    0.922042   -0.374386   -1.179049    0.000000       -2.188474        1.000000    4.010653    0.945153    0.065346    5.991754
    0.205882    0.941573   -0.302792   -1.262910    0.000000       -2.276647        1.000000    4.358179    1.096362    0.065346    5.991754
    0.215686    0.956938   -0.225643   -1.363807    0.000000       -2.382317        1.000000    4.711376    1.256957    0.065346    5.991754
    0.225490    0.967730   -0.143486   -1.413360    0.000000       -2.436086        1.000000    5.068557    1.425049    0.065346    5.991754
    0.235294    0.973761   -0.063851   -1.248197    0.000000       -2.273051        1.000000    5.427963    1.598130    0.065346    5.991754
    0.245098    0.975579   -0.002381   -0.814228    0.000000       -1.839257        1.000000    5.788041    1.773442    0.065346    5.991754
    0.254902    0.974595    0.031331   -0.351679    0.000000       -1.377243        1.000000    6.147755    1.948933    0.065346    5.991754
    0.264706    0.972349    0.042165   -0.046569    0.000000       -1.074092        1.000000    6.506641    2.123707    0.065346    5.991754
    0.274510    0.969899    0.039791    0.106971    0.000000       -0.923249        1.000000    6.864622    2.297593    0.065346    5.991754
    0.284314    0.967791    0.031437    0.165857    0.000000       -0.866914        1.000000    7.221825    2.470692    0.065346    5.991754
    0.294118    0.966240    0.021315    0.172582    0.000000       -0.862123        1.000000    7.578456    2.643185    0.065346    5.991754
    0.303922    0.965276    0.011689    0.152036    0.000000       -0.883866        1.000000    7.934730    2.815268    0.065346    5.991754
    0.313725    0.964834    0.003703    0.118544    0.000000       -0.917897        1.000000    8.290842    2.987122    0.065346    5.991754
    0.323529    0.964799   -0.002158    0.080854    0.000000       -0.955629        1.000000    8.646941    3.158899    0.065346    5.991754
    0.333333    0.965044   -0.005827    0.044702    0.000000       -0.991503        1.000000    9.003130    3.330717    0.065346    5.991754
    0.343137    0.965445   -0.007516    0.013927    0.000000       -1.021835        1.000000    9.359468    3.502651    0.065346    5.991754
    0.352941    0.965896   -0.007615   -0.009158    0.000000       -1.044437        1.000000    9.715971    3.674738    0.065346    5.991754
    0.362745    0.966318   -0.006608   -0.023691    0.000000       -1.058524        1.000000   10.072631    3.846983    0.065346    5.991754
    0.372549    0.966661   -0.004991   -0.030149    0.000000       -1.064626        1.000000   10.429417    4.019367    0.065346    5.991754
    0.382353    0.966901   -0.003195   -0.030063    0.000000       -1.064289        1.000000   10.786291    4.191857    0.065346    5.991754
    0.392157    0.967039   -0.001546   -0.025538    0.000000       -1.059621        1.000000   11.143217    4.364415    0.065346    5.991754
    0.401961    0.967089   -0.000239   -0.018741    0.000000       -1.052772        1.000000   11.500161    4.537007    0.065346    5.991754
    0.411765    0.967075    0.000648   -0.011493    0.000000       -1.045538        1.000000   11.857100    4.709605    0.065346    5.991754
    0.421569    0.967021    0.001128   -0.005060    0.000000       -1.039162        1.000000   12.214019    4.882189    0.065346    5.991754
    0.431373    0.966949    0.001272   -0.000130    0.000000       -1.034310        1.000000   12.570911    5.054750    0.065346    5.991754
    0.441176    0.966876    0.001177    0.003087    0.000000       -1.031170        1.000000   12.927777    5.227286    0.065346    5.991754
    0.450980    0.966814    0.000940    0.004719    0.000000       -1.029605        1.000000   13.284619    5.399796    0.065346    5.991754
    0.460784    0.966767    0.000647    0.005084    0.000000       -1.029291        1.000000   13.641445    5.572288    0.065346    5.991754
    0.470588    0.966738    0.000360    0.004571    0.000000       -1.029835        1.000000   13.998259    5.744765    0.065346    5.991754
    0.480392    0.966724    0.000120    0.003562    0.000000       -1.030860        1.000000   14.355068    5.917235    0.065346    5.991754
    0.490196    0.966722   -0.000055    0.002374    0.000000       -1.032049        1.000000   14.711877    6.089703    0.065346    5.991754
    0.500000    0.966729   -0.000160    0.001242    0.000000       -1.033174        1.000000   15.068688    6.262171    0.065346    5.991754
    0.509804    0.966740   -0.000205    0.000310    0.000000       -1.034095        1.000000   15.425503    6.434643    0.065346    5.991754
    0.519608    0.966752   -0.000202   -0.000360    0.000000       -1.034751        1.000000   15.782323    6.607119    0.065346    5.991754
    0.529412    0.966763   -0.000168   -0.000764    0.000000       -1.035144        1.000000   16.139146    6.779599    0.065346    5.991754
    0.539216    0.966771   -0.000116   -0.000946    0.000000       -1.035317        1.000000   16.495973    6.952082    0.065346    5.991754
    0.549020    0.966777   -0.000060   -0.000971    0.000000       -1.035337        1.000000   16.852802    7.124568    0.065346    5.991754
    0.558824    0.966778   -0.000004   -0.000914    0.000000       -1.035277        1.000000   17.209631    7.297055    0.065346    5.991754
    0.568627    0.966777    0.000048   -0.000847    0.000000       -1.035211        1.000000   17.566460    7.469543    0.065346    5.991754
    0.578431    0.966773    0.000097   -0.000840    0.000000       -1.035209        1.000000   17.923288    7.642029    0.065346    5.991754
    0.588235    0.966766    0.000149   -0.000958    0.000000       -1.035335        1.000000   18.280112    7.814513    0.065346    5.991754
    0.598039    0.966755    0.000213   -0.001271    0.000000       -1.035659        1.000000   18.636933    7.986995    0.065346    5.991754
    0.607843    0.966740    0.000304   -0.001864    0.000000       -1.036268        1.000000   18.993748    8.159471    0.065346    5.991754
    0.617647    0.966719    0.000440   -0.002854    0.000000       -1.037281        1.000000   19.350556    8.331941    0.065346    5.991754
    0.627451    0.966687    0.000650   -0.004419    0.000000       -1.038880        1.000000   19.707351    8.504402    0.065346    5.991754
    0.637255    0.966640    0.000975   -0.006828    0.000000       -1.041339        1.000000   20.064130    8.676849    0.065346    5.991754
    0.647059    0.966569    0.001477   -0.010492    0.000000       -1.045078        1.000000   20.420882    8.849275    0.065346    5.991754
    0.656863    0.966461    0.002245   -0.016030    0.000000       -1.050730        1.000000   20.777594    9.021670    0.065346    5.991754
    0.666667    0.966297    0.003414   -0.024359    0.000000       -1.059231        1.000000   21.134246    9.194017    0.065346    5.991754
    0.676471    0.966048    0.005187   -0.036802    0.000000       -1.071933        1.000000   21.490806    9.366290    0.065346    5.991754
    0.686275    0.965671    0.007854   -0.055206    0.000000       -1.090724        1.000000   21.847226    9.538450    0.065346    5.991754
    0.696078    0.965100    0.011837   -0.082017    0.000000       -1.118106        1.000000   22.203436    9.710440    0.065346    5.991754
    0.705882    0.964243    0.017713   -0.120201    0.000000       -1.157121        1.000000   22.559330    9.882168    0.065346    5.991754
    0.715686    0.962967    0.026242   -0.172858    0.000000       -1.210957        1.000000   22.914753   10.053499    0.065346    5.991754
    0.725490    0.961090    0.038352   -0.242337    0.000000       -1.282057        1.000000   23.269483   10.224229    0.065346    5.991754
    0.735294    0.958373    0.055050   -0.328872    0.000000       -1.370727        1.000000   23.623210   10.394056    0.065346    5.991754
    0.745098    0.954518    0.077264   -0.429275    0.000000       -1.473798        1.000000   23.975514   10.562547    0.065346    5.991754
    0.754902    0.949185    0.105623   -0.536725    0.000000       -1.584388        1.000000   24.325850   10.729103    0.065346    5.991754
    0.764706    0.942011    0.140285   -0.642394    0.000000       -1.693524        1.000000   24.673538   10.892932    0.065346    5.991754
    0.774510    0.932646    0.180901   -0.738269    0.000000       -1.792990        1.000000   25.017770   11.053056    0.065346    5.991754
    0.784314    0.920780    0.226730   -0.819396    0.000000       -1.877636        1.000000   25.357622   11.208341    0.065346    5.991754
    0.794118    0.906165    0.276850   -0.884382    0.000000       -1.945912        1.000000   25.692079   11.357558    0.065346    5.991754
    0.803922    0.888619    0.330339   -0.934443    0.000000       -1.998940        1.000000   26.020061   11.499464    0.065346    5.991754
    0.813725    0.868029    0.386389   -0.972054    0.000000       -2.039157        1.000000   26.340442   11.632875    0.065346    5.991754
    0.823529    0.844335    0.444351   -0.999926    0.000000       -2.069277        1.000000   26.652079   11.756740    0.065346    5.991754
    0.833333    0.817529    0.503723   -1.020469    0.000000       -2.091736        1.000000   26.953822   11.870197    0.065346    5.991754
    0.843137    0.787642    0.564135   -1.035612    0.000000       -2.108500        1.000000   27.244533   11.972613    0.065346    5.991754
    0.852941    0.754737    0.625315   -1.046817    0.000000       -2.121070        1.000000   27.523100   12.063612    0.065346    5.991754
    0.862745    0.718906    0.687065   -1.055158    0.000000       -2.130557        1.000000   27.788442   12.143083    0.065346    5.991754
    0.872549    0.680261    0.749240   -1.061408    0.000000       -2.137769        1.000000   28.039520   12.211183    0.065346    5.991754
    0.882353    0.638936    0.811735   -1.066125    0.000000       -2.143292        1.000000   28.275346   12.268320    0.065346    5.991754
    0.892157    0.595080    0.874472   -1.069709    0.000000       -2.147550        1.000000   28.494985   12.315134    0.065346    5.991754
    0.901961    0.548858    0.937394   -1.072448    0.000000       -2.150853        1.000000   28.697563   12.352461    0.065346    5.991754
    0.911765    0.500446    1.000457   -1.074550    0.000000       -2.153425        1.000000   28.882273   12.381298    0.065346    5.991754
    0.921569    0.450032    1.063628   -1.076169    0.000000       -2.155432        1.000000   29.048376   12.402754    0.065346    5.991754
    0.931373    0.397816    1.126884   -1.077414    0.000000       -2.156998        1.000000   29.195207   12.418003    0.065346    5.991754
    0.941176    0.344004    1.190203   -1.078370    0.000000       -2.158215        1.000000   29.322176   12.428234    0.065346    5.991754
    0.950980    0.288810    1.253572   -1.079095    0.000000       -2.159150        1.000000   29.428773   12.434602    0.065346    5.991754
    0.960784    0.232455    1.316977   -1.079637    0.000000       -2.159854        1.000000   29.514570   12.438175    0.065346    5.991754
    0.970588    0.175165    1.380410   -1.080027    0.000000       -2.160367        1.000000   29.579222   12.439898    0.065346    5.991754
    0.980392    0.117170    1.443862   -1.080290    0.000000       -2.160714        1.000000   29.622469   12.440546    0.065346    5.991754
    0.990196    0.058703    1.507326   -1.080441    0.000000       -2.160915        1.000000   29.644136   12.440697    0.065346    5.991754
    1.000000    0.000000    1.570796   -1.080491    0.000000       -2.160981        1.000000   29.644136   12.440707    0.065346    5.991754
