           t           r         psi          cs          qs               p             sig           A           V          Q2           S
    0.000000    0.000000   -1.570796   -0.991002    0.000000       -1.982004        1.000000    0.000000    0.000000    0.089501    6.083910
    0.009804    0.059611   -1.511685   -0.991080    0.000000       -1.982108        1.000000    0.000000    0.000010    0.089501    6.083910
    0.019608    0.119015   -1.452565   -0.991321    0.000000       -1.982428        1.000000    0.044603    0.000157    0.089501    6.083910
    0.029412    0.178002   -1.393425   -0.991739    0.000000       -1.982981        1.000000    0.111312    0.000790    0.089501    6.083910
    0.039216    0.236367   -1.334254   -0.992361    0.000000       -1.983798        1.000000    0.199895    0.002476    0.089501    6.083910
    0.049020    0.293905   -1.275039   -0.993227    0.000000       -1.984924        1.000000    0.310041    0.005983    0.089501    6.083910
    0.058824    0.350413   -1.215764   -0.994392    0.000000       -1.986425        1.000000    0.441364    0.012251    0.089501    6.083910
    0.068627    0.405691   -1.156408   -0.995933    0.000000       -1.988387        1.000000    0.593404    0.022360    0.089501    6.083910
    0.078431    0.459543   -1.096947   -0.997955    0.000000       -1.990930        1.000000    0.765627    0.037493    0.089501    6.083910
    0.088235    0.511776   -1.037347   -1.000606    0.000000       -1.994217        1.000000    0.957424    0.058894    0.089501    6.083910
    0.098039    0.562198   -0.977566   -1.004087    0.000000       -1.998473        1.000000    1.168118    0.087825    0.089501    6.083910
    0.107843    0.610624   -0.917545   -1.008685    0.000000       -2.004014        1.000000    1.396960    0.125515    0.089501    6.083910
    0.117647    0.656869   -0.857207   -1.014810    0.000000       -2.011282        1.000000    1.643133    0.173121    0.089501    6.083910
    0.127451    0.700750   -0.796444   -1.023052    0.000000       -2.020915        1.000000    1.905752    0.231679    0.089501    6.083910
    0.137255    0.742087   -0.735106   -1.034282    0.000000       -2.033841        1.000000    2.183862    0.302065    0.089501    6.083910
    0.147059    0.780693   -0.672978   -1.049791    0.000000       -2.051425        1.000000    2.476441    0.384953    0.089501    6.083910
    0.156863    0.816378   -0.609751   -1.071510    0.000000       -2.075690        1.000000    2.782394    0.480782    0.089501    6.083910
    0.166667    0.848936   -0.544975   -1.102299    0.000000       -2.109607        1.000000    3.100548    0.589724    0.089501    6.083910
    0.176471    0.878137   -0.477995   -1.146193    0.000000       -2.157333        1.000000    3.429645    0.711654    0.089501    6.083910
    0.186275    0.903713   -0.407885   -1.208035    0.000000       -2.223802        1.000000    3.768328    0.846115    0.089501    6.083910
    0.196078    0.925337   -0.333473   -1.290252    0.000000       -2.311405        1.000000    4.115114    0.992267    0.089501    6.083910
    0.205882    0.942621   -0.253781   -1.380455    0.000000       -2.407347        1.000000    4.468379    1.148809    0.089501    6.083910
    0.215686    0.955166   -0.169716   -1.421789    0.000000       -2.453686        1.000000    4.826344    1.313856    0.089501    6.083910
    0.225490    0.962777   -0.087470   -1.298647    0.000000       -2.333338        1.000000    5.187162    1.484870    0.089501    6.083910
    0.235294    0.965859   -0.019375   -0.953859    0.000000       -1.989013        1.000000    5.549135    1.658976    0.089501    6.083910
    0.245098    0.965573    0.024653   -0.526089    0.000000       -1.561428        1.000000    5.911001    1.833795    0.089501    6.083910
    0.254902    0.963389    0.045238   -0.186153    0.000000       -1.223093        1.000000    6.272049    2.008020    0.089501    6.083910
    0.264706    0.960502    0.049521    0.022232    0.000000       -1.017614        1.000000    6.632014    2.181218    0.089501    6.083910
    0.274510    0.957665    0.044606    0.129027    0.000000       -0.914142        1.000000    6.990916    2.353378    0.089501    6.083910
    0.284314    0.955267    0.035401    0.171430    0.000000       -0.874742        1.000000    7.348919    2.524646    0.089501    6.083910
    0.294118    0.953467    0.024906    0.175735    0.000000       -0.872744        1.000000    7.706248    2.695221    0.089501    6.083910
    0.303922    0.952287    0.014864    0.158366    0.000000       -0.891622        1.000000    8.063135    2.865309    0.089501    6.083910
    0.313725    0.951666    0.006240    0.129551    0.000000       -0.921217        1.000000    8.419789    3.035103    0.089501    6.083910
    0.323529    0.951504   -0.000496    0.095951    0.000000       -0.955016        1.000000    8.776382    3.204769    0.089501    6.083910
    0.333333    0.951684   -0.005203    0.062148    0.000000       -0.988606        1.000000    9.133043    3.374441    0.089501    6.083910
    0.343137    0.952086   -0.007971    0.031387    0.000000       -1.018904        1.000000    9.489854    3.544219    0.089501    6.083910
    0.352941    0.952602   -0.009053    0.005884    0.000000       -1.043830        1.000000    9.846859    3.714160    0.089501    6.083910
    0.362745    0.953140   -0.008804   -0.013092    0.000000       -1.062215        1.000000   10.204065    3.884291    0.089501    6.083910
    0.372549    0.953634   -0.007629   -0.025179    0.000000       -1.073769        1.000000   10.561457    4.054609    0.089501    6.083910
    0.382353    0.954040   -0.005928   -0.030845    0.000000       -1.079001        1.000000   10.919000    4.225091    0.089501    6.083910
    0.392157    0.954337   -0.004055   -0.031202    0.000000       -1.079041        1.000000   11.276655    4.395701    0.089501    6.083910
    0.401961    0.954525   -0.002282   -0.027735    0.000000       -1.075373        1.000000   11.634381    4.566399    0.089501    6.083910
    0.411765    0.954615   -0.000791   -0.022006    0.000000       -1.069548        1.000000   11.992140    4.737146    0.089501    6.083910
    0.421569    0.954627    0.000326   -0.015415    0.000000       -1.062944        1.000000   12.349904    4.907912    0.089501    6.083910
    0.431373    0.954584    0.001052   -0.009042    0.000000       -1.056618        1.000000   12.707651    5.078671    0.089501    6.083910
    0.441176    0.954509    0.001424   -0.003600    0.000000       -1.051259        1.000000   13.065370    5.249408    0.089501    6.083910
    0.450980    0.954420    0.001508    0.000546    0.000000       -1.047209        1.000000   13.423056    5.420115    0.089501    6.083910
    0.460784    0.954333    0.001386    0.003312    0.000000       -1.044539        1.000000   13.780710    5.590790    0.089501    6.083910
    0.470588    0.954257    0.001138    0.004806    0.000000       -1.043129        1.000000   14.138335    5.761436    0.089501    6.083910
    0.480392    0.954198    0.000834    0.005254    0.000000       -1.042746        1.000000   14.495938    5.932058    0.089501    6.083910
    0.490196    0.954158    0.000527    0.004931    0.000000       -1.043113        1.000000   14.853526    6.102663    0.089501    6.083910
    0.500000    0.954135    0.000255    0.004115    0.000000       -1.043955        1.000000   15.211105    6.273255    0.089501    6.083910
    0.509804    0.954126    0.000041    0.003051    0.000000       -1.045028        1.000000   15.568681    6.443843    0.089501    6.083910
    0.519608    0.954129   -0.000108    0.001935    0.000000       -1.046142        1.000000   15.926258    6.614429    0.089501    6.083910
    0.529412    0.954138   -0.000192    0.000901    0.000000       -1.047165        1.000000   16.283838    6.785018    0.089501    6.083910
    0.539216    0.954150   -0.000219    0.000032    0.000000       -1.048021        1.000000   16.641423    6.955611    0.089501    6.083910
    0.549020    0.954163   -0.000199   -0.000646    0.000000       -1.048685        1.000000   16.999013    7.126208    0.089501    6.083910
    0.558824    0.954173   -0.000145   -0.001146    0.000000       -1.049173        1.000000   17.356606    7.296809    0.089501    6.083910
    0.568627    0.954180   -0.000065   -0.001512    0.000000       -1.049533        1.000000   17.714202    7.467414    0.089501    6.083910
    0.578431    0.954181    0.000034   -0.001816    0.000000       -1.049835        1.000000   18.071799    7.638019    0.089501    6.083910
    0.588235    0.954175    0.000152   -0.002144    0.000000       -1.050169        1.000000   18.429393    7.808625    0.089501    6.083910
    0.598039    0.954162    0.000292   -0.002601    0.000000       -1.050641        1.000000   18.786982    7.979226    0.089501    6.083910
    0.607843    0.954140    0.000467   -0.003313    0.000000       -1.051377        1.000000   19.144563    8.149822    0.089501    6.083910
    0.617647    0.954106    0.000695   -0.004431    0.000000       -1.052533        1.000000   19.502132    8.320407    0.089501    6.083910
    0.627451    0.954055    0.001008   -0.006156    0.000000       -1.054313        1.000000   19.859681    8.490978    0.089501    6.083910
    0.637255    0.953983    0.001447   -0.008756    0.000000       -1.056991        1.000000   20.217203    8.661526    0.089501    6.083910
    0.647059    0.953879    0.002077   -0.012599    0.000000       -1.060947        1.000000   20.574686    8.832044    0.089501    6.083910
    0.656863    0.953730    0.002985   -0.018202    0.000000       -1.066712        1.000000   20.932114    9.002516    0.089501    6.083910
    0.666667    0.953515    0.004297   -0.026284    0.000000       -1.075026        1.000000   21.289461    9.172923    0.089501    6.083910
    0.676471    0.953205    0.006189   -0.037833    0.000000       -1.086905        1.000000   21.646691    9.343237    0.089501    6.083910
    0.686275    0.952760    0.008905   -0.054167    0.000000       -1.103708        1.000000   22.003755    9.513414    0.089501    6.083910
    0.696078    0.952120    0.012780   -0.076983    0.000000       -1.127185        1.000000   22.360580    9.683395    0.089501    6.083910
    0.705882    0.951204    0.018258   -0.108324    0.000000       -1.159448        1.000000   22.717060    9.853091    0.089501    6.083910
    0.715686    0.949899    0.025916   -0.150418    0.000000       -1.202807        1.000000   23.073052   10.022374    0.089501    6.083910
    0.725490    0.948056    0.036456   -0.205279    0.000000       -1.259369        1.000000   23.428353   10.191061    0.089501    6.083910
    0.735294    0.945478    0.050682   -0.274053    0.000000       -1.330361        1.000000   23.782688   10.358893    0.089501    6.083910
    0.745098    0.941923    0.069416   -0.356196    0.000000       -1.415297        1.000000   24.135690   10.525506    0.089501    6.083910
    0.754902    0.937101    0.093384   -0.448852    0.000000       -1.511324        1.000000   24.486886   10.690403    0.089501    6.083910
    0.764706    0.930687    0.123069   -0.546920    0.000000       -1.613268        1.000000   24.835677   10.852930    0.089501    6.083910
    0.774510    0.922343    0.158608   -0.644066    0.000000       -1.714652        1.000000   25.181342   11.012259    0.089501    6.083910
    0.784314    0.911740    0.199763   -0.734331    0.000000       -1.809324        1.000000   25.523033   11.167393    0.089501    6.083910
    0.794118    0.898580    0.245987   -0.813523    0.000000       -1.892890        1.000000   25.859792   11.317202    0.089501    6.083910
    0.803922    0.882618    0.296551   -0.879757    0.000000       -1.963295        1.000000   26.190569   11.460480    0.089501    6.083910
    0.813725    0.863668    0.350679   -0.933145    0.000000       -2.020530        1.000000   26.514244   11.596011    0.089501    6.083910
    0.823529    0.841605    0.407640   -0.975053    0.000000       -2.065895        1.000000   26.829651   11.722652    0.089501    6.083910
    0.833333    0.816362    0.466805   -1.007381    0.000000       -2.101272        1.000000   27.135597   11.839404    0.089501    6.083910
    0.843137    0.787922    0.527661   -1.032068    0.000000       -2.128607        1.000000   27.430885   11.945465    0.089501    6.083910
    0.852941    0.756313    0.589805   -1.050830    0.000000       -2.149647        1.000000   27.714327   12.040282    0.089501    6.083910
    0.862745    0.721599    0.652927   -1.065075    0.000000       -2.165838        1.000000   27.984759   12.123571    0.089501    6.083910
    0.872549    0.683878    0.716793   -1.075908    0.000000       -2.178322        1.000000   28.241054   12.195334    0.089501    6.083910
    0.882353    0.643273    0.781224   -1.084169    0.000000       -2.187982        1.000000   28.482132   12.255853    0.089501    6.083910
    0.892157    0.599931    0.846087   -1.090492    0.000000       -2.195483        1.000000   28.706967   12.305670    0.089501    6.083910
    0.901961    0.554018    0.911282   -1.095348    0.000000       -2.201328        1.000000   28.914595   12.345564    0.089501    6.083910
    0.911765    0.505719    0.976732   -1.099088    0.000000       -2.205895        1.000000   29.104123   12.376504    0.089501    6.083910
    0.921569    0.455232    1.042378   -1.101971    0.000000       -2.209467        1.000000   29.274729   12.399604    0.089501    6.083910
    0.931373    0.402770    1.108175   -1.104192    0.000000       -2.212256        1.000000   29.425674   12.416073    0.089501    6.083910
    0.941176    0.348555    1.174089   -1.105896    0.000000       -2.214423        1.000000   29.556302   12.427152    0.089501    6.083910
    0.950980    0.292821    1.240092   -1.107190    0.000000       -2.216089        1.000000   29.666042   12.434063    0.089501    6.083910
    0.960784    0.235809    1.306162   -1.108155    0.000000       -2.217344        1.000000   29.754416   12.437949    0.089501    6.083910
    0.970588    0.177765    1.372281   -1.108850    0.000000       -2.218256        1.000000   29.821036   12.439825    0.089501    6.083910
    0.980392    0.118944    1.438435   -1.109317    0.000000       -2.218874        1.000000   29.865613   12.440531    0.089501    6.083910
    0.990196    0.059603    1.504610   -1.109586    0.000000       -2.219231        1.000000   29.887950   12.440696    0.089501    6.083910
    1.000000    0.000000    1.570796   -1.109674    0.000000       -2.219348        1.000000   29.887950   12.440707    0.089501    6.083910
