           t           r         psi          cs          qs               p             sig           A           V          Q2           S
    0.000000    0.000000   -1.570796   -0.993394    0.000000       -1.986788        1.000000    0.000000    0.000000    0.033964    5.879795
    0.009804    0.057614   -1.513532   -0.993409    0.000000       -1.986808        1.000000    0.000000    0.000009    0.033964    5.879795
    0.019608    0.115038   -1.456265   -0.993456    0.000000       -1.986871        1.000000    0.041666    0.000137    0.033964    5.879795
    0.029412    0.172086   -1.398995   -0.993538    0.000000       -1.986979        1.000000    0.103995    0.000691    0.033964    5.879795
    0.039216    0.228569   -1.341720   -0.993660    0.000000       -1.987139        1.000000    0.186781    0.002167    0.033964    5.879795
    0.049020    0.284303   -1.284435   -0.993828    0.000000       -1.987358        1.000000    0.289754    0.005240    0.033964    5.879795
    0.058824    0.339104   -1.227140   -0.994054    0.000000       -1.987649        1.000000    0.412575    0.010735    0.033964    5.879795
    0.068627    0.392792   -1.169830   -0.994351    0.000000       -1.988029        1.000000    0.554843    0.019609    0.033964    5.879795
    0.078431    0.445191   -1.112499   -0.994740    0.000000       -1.988518        1.000000    0.716088    0.032909    0.033964    5.879795
    0.088235    0.496128   -1.055144   -0.995247    0.000000       -1.989149        1.000000    0.895783    0.051744    0.033964    5.879795
    0.098039    0.545435   -0.997754   -0.995910    0.000000       -1.989962        1.000000    1.093337    0.077247    0.033964    5.879795
    0.107843    0.592948   -0.940321   -0.996782    0.000000       -1.991016        1.000000    1.308099    0.110532    0.033964    5.879795
    0.117647    0.638508   -0.882830   -0.997938    0.000000       -1.992393        1.000000    1.539363    0.152659    0.033964    5.879795
    0.127451    0.681964   -0.825261   -0.999489    0.000000       -1.994212        1.000000    1.786367    0.204597    0.033964    5.879795
    0.137255    0.723167   -0.767588   -1.001600    0.000000       -1.996651        1.000000    2.048294    0.267183    0.033964    5.879795
    0.147059    0.761975   -0.709771   -1.004523    0.000000       -1.999977        1.000000    2.324277    0.341095    0.033964    5.879795
    0.156863    0.798252   -0.651753   -1.008652    0.000000       -2.004605        1.000000    2.613399    0.426820    0.033964    5.879795
    0.166667    0.831864   -0.593448   -1.014628    0.000000       -2.011206        1.000000    2.914696    0.524633    0.033964    5.879795
    0.176471    0.862681   -0.534721   -1.023526    0.000000       -2.020895        1.000000    3.227154    0.634577    0.033964    5.879795
    0.186275    0.890571   -0.475355   -1.037220    0.000000       -2.035602        1.000000    3.549714    0.756450    0.033964    5.879795
    0.196078    0.915396   -0.414985   -1.059092    0.000000       -2.058794        1.000000    3.881265    0.889798    0.033964    5.879795
    0.205882    0.936996   -0.352978   -1.095405    0.000000       -2.096847        1.000000    4.220640    1.033910    0.033964    5.879795
    0.215686    0.955175   -0.288206   -1.157407    0.000000       -2.161156        1.000000    4.566599    1.187817    0.033964    5.879795
    0.225490    0.969655   -0.218745   -1.260243    0.000000       -2.266963        1.000000    4.917803    1.350263    0.033964    5.879795
    0.235294    0.980039   -0.142350   -1.386183    0.000000       -2.396230        1.000000    5.272768    1.519638    0.033964    5.879795
    0.245098    0.985912   -0.062391   -1.321327    0.000000       -2.333643        1.000000    5.629860    1.693801    0.033964    5.879795
    0.254902    0.987555    0.000112   -0.782860    0.000000       -1.795462        1.000000    5.987547    1.870132    0.033964    5.879795
    0.264706    0.986601    0.027385   -0.206173    0.000000       -1.219373        1.000000    6.344888    2.046596    0.033964    5.879795
    0.274510    0.984875    0.029813    0.077168    0.000000       -0.937738        1.000000    6.701604    2.222490    0.033964    5.879795
    0.284314    0.983352    0.022227    0.164336    0.000000       -0.852343        1.000000    7.057769    2.397804    0.033964    5.879795
    0.294118    0.982350    0.012537    0.162681    0.000000       -0.855206        1.000000    7.413571    2.572699    0.033964    5.879795
    0.303922    0.981880    0.004145    0.125094    0.000000       -0.893351        1.000000    7.769202    2.747356    0.033964    5.879795
    0.313725    0.981823   -0.001687    0.076850    0.000000       -0.941662        1.000000    8.124813    2.921929    0.033964    5.879795
    0.323529    0.982022   -0.004776    0.031594    0.000000       -0.986702        1.000000    8.480496    3.096532    0.033964    5.879795
    0.333333    0.982328   -0.005540   -0.002860    0.000000       -1.020834        1.000000    8.836290    3.271227    0.033964    5.879795
    0.343137    0.982630   -0.004722   -0.023099    0.000000       -1.040765        1.000000    9.192193    3.446033    0.033964    5.879795
    0.352941    0.982858   -0.003140   -0.029748    0.000000       -1.047184        1.000000    9.548179    3.620935    0.033964    5.879795
    0.362745    0.982991   -0.001484   -0.026476    0.000000       -1.043779        1.000000    9.904213    3.795903    0.033964    5.879795
    0.372549    0.983036   -0.000184   -0.018145    0.000000       -1.035401        1.000000   10.260263    3.970902    0.033964    5.879795
    0.382353    0.983022    0.000594   -0.008988    0.000000       -1.026259        1.000000   10.616308    4.145906    0.033964    5.879795
    0.392157    0.982977    0.000888   -0.001644    0.000000       -1.018961        1.000000   10.972337    4.320899    0.033964    5.879795
    0.401961    0.982926    0.000838    0.002879    0.000000       -1.014491        1.000000   11.328348    4.495873    0.033964    5.879795
    0.411765    0.982884    0.000607    0.004728    0.000000       -1.012685        1.000000   11.684343    4.670832    0.033964    5.879795
    0.421569    0.982857    0.000330    0.004634    0.000000       -1.012807        1.000000   12.040328    4.845777    0.033964    5.879795
    0.431373    0.982845    0.000094    0.003469    0.000000       -1.013986        1.000000   12.396309    5.020716    0.033964    5.879795
    0.441176    0.982845   -0.000063    0.001975    0.000000       -1.015480        1.000000   12.752290    5.195653    0.033964    5.879795
    0.450980    0.982851   -0.000137    0.000652    0.000000       -1.016797        1.000000   13.108274    5.370591    0.033964    5.879795
    0.460784    0.982859   -0.000147   -0.000258    0.000000       -1.017697        1.000000   13.464260    5.545532    0.033964    5.879795
    0.470588    0.982867   -0.000117   -0.000713    0.000000       -1.018145        1.000000   13.820249    5.720475    0.033964    5.879795
    0.480392    0.982872   -0.000071   -0.000801    0.000000       -1.018227        1.000000   14.176240    5.895421    0.033964    5.879795
    0.490196    0.982875   -0.000029   -0.000659    0.000000       -1.018082        1.000000   14.532232    6.070369    0.033964    5.879795
    0.500000    0.982876    0.000003   -0.000420    0.000000       -1.017842        1.000000   14.888224    6.245317    0.033964    5.879795
    0.509804    0.982875    0.000020   -0.000184    0.000000       -1.017607        1.000000   15.244216    6.420265    0.033964    5.879795
    0.519608    0.982874    0.000025   -0.000007    0.000000       -1.017431        1.000000   15.600208    6.595212    0.033964    5.879795
    0.529412    0.982873    0.000022    0.000093    0.000000       -1.017333        1.000000   15.956199    6.770160    0.033964    5.879795
    0.539216    0.982871    0.000016    0.000123    0.000000       -1.017304        1.000000   16.312190    6.945106    0.033964    5.879795
    0.549020    0.982871    0.000009    0.000103    0.000000       -1.017324        1.000000   16.668180    7.120053    0.033964    5.879795
    0.558824    0.982870    0.000004    0.000055    0.000000       -1.017374        1.000000   17.024170    7.294999    0.033964    5.879795
    0.568627    0.982870    0.000003   -0.000009    0.000000       -1.017437        1.000000   17.380160    7.469945    0.033964    5.879795
    0.578431    0.982870    0.000005   -0.000082    0.000000       -1.017511        1.000000   17.736151    7.644891    0.033964    5.879795
    0.588235    0.982870    0.000013   -0.000174    0.000000       -1.017603        1.000000   18.092140    7.819837    0.033964    5.879795
    0.598039    0.982868    0.000026   -0.000307    0.000000       -1.017737        1.000000   18.448130    7.994783    0.033964    5.879795
    0.607843    0.982866    0.000050   -0.000524    0.000000       -1.017957        1.000000   18.804119    8.169728    0.033964    5.879795
    0.617647    0.982862    0.000090   -0.000902    0.000000       -1.018338        1.000000   19.160106    8.344672    0.033964    5.879795
    0.627451    0.982855    0.000159   -0.001567    0.000000       -1.019011        1.000000   19.516091    8.519614    0.033964    5.879795
    0.637255    0.982843    0.000280   -0.002742    0.000000       -1.020199        1.000000   19.872071    8.694553    0.033964    5.879795
    0.647059    0.982821    0.000492   -0.004811    0.000000       -1.022289        1.000000   20.228044    8.869486    0.033964    5.879795
    0.656863    0.982783    0.000864   -0.008436    0.000000       -1.025954        1.000000   20.584003    9.044408    0.033964    5.879795
    0.666667    0.982716    0.001516   -0.014756    0.000000       -1.032343        1.000000   20.939937    9.219312    0.033964    5.879795
    0.676471    0.982599    0.002653   -0.025684    0.000000       -1.043389        1.000000   21.295829    9.394184    0.033964    5.879795
    0.686275    0.982395    0.004624   -0.044323    0.000000       -1.062233        1.000000   21.651647    9.569000    0.033964    5.879795
    0.696078    0.982039    0.008001   -0.075398    0.000000       -1.093655        1.000000   22.007336    9.743716    0.033964    5.879795
    0.705882    0.981428    0.013678   -0.125291    0.000000       -1.144119        1.000000   22.362804    9.918257    0.033964    5.879795
    0.715686    0.980394    0.022939   -0.200756    0.000000       -1.220486        1.000000   22.717897   10.092494    0.033964    5.879795
    0.725490    0.978684    0.037387   -0.305238    0.000000       -1.326304        1.000000   23.072371   10.266203    0.033964    5.879795
    0.735294    0.975954    0.058597   -0.433624    0.000000       -1.456503        1.000000   23.425857   10.439017    0.033964    5.879795
    0.745098    0.971784    0.087545   -0.570481    0.000000       -1.595576        1.000000   23.777832   10.610367    0.033964    5.879795
    0.754902    0.965729    0.124156   -0.696573    0.000000       -1.724090        1.000000   24.127613   10.779437    0.033964    5.879795
    0.764706    0.957384    0.167389   -0.798881    0.000000       -1.828795        1.000000   24.474373   10.945174    0.033964    5.879795
    0.774510    0.946430    0.215742   -0.874476    0.000000       -1.906584        1.000000   24.817165   11.106347    0.033964    5.879795
    0.784314    0.932646    0.267766   -0.927203    0.000000       -1.961212        1.000000   25.154964   11.261639    0.033964    5.879795
    0.794118    0.915895    0.322313   -0.962960    0.000000       -1.998565        1.000000   25.486696   11.409742    0.033964    5.879795
    0.803922    0.896114    0.378563   -0.987025    0.000000       -2.023943        1.000000   25.811263   11.549442    0.033964    5.879795
    0.813725    0.873288    0.435959   -1.003299    0.000000       -2.041290        1.000000   26.127564   11.679675    0.033964    5.879795
    0.823529    0.847443    0.494135   -1.014434    0.000000       -2.053299        1.000000   26.434503   11.799574    0.033964    5.879795
    0.833333    0.818632    0.552848   -1.022166    0.000000       -2.061745        1.000000   26.731007   11.908499    0.033964    5.879795
    0.843137    0.786931    0.611937   -1.027621    0.000000       -2.067784        1.000000   27.016029   12.006052    0.033964    5.879795
    0.852941    0.752437    0.671293   -1.031531    0.000000       -2.072173        1.000000   27.288558   12.092083    0.033964    5.879795
    0.862745    0.715261    0.730842   -1.034374    0.000000       -2.075411        1.000000   27.547621   12.166691    0.033964    5.879795
    0.872549    0.675525    0.790532   -1.036470    0.000000       -2.077834        1.000000   27.792293   12.230206    0.033964    5.879795
    0.882353    0.633368    0.850326   -1.038034    0.000000       -2.079669        1.000000   28.021695   12.283177    0.033964    5.879795
    0.892157    0.588936    0.910199   -1.039213    0.000000       -2.081072        1.000000   28.235004   12.326337    0.033964    5.879795
    0.901961    0.542386    0.970132   -1.040109    0.000000       -2.082155        1.000000   28.431453   12.360579    0.033964    5.879795
    0.911765    0.493883    1.030110   -1.040795    0.000000       -2.082996        1.000000   28.610335   12.386911    0.033964    5.879795
    0.921569    0.443600    1.090122   -1.041322    0.000000       -2.083651        1.000000   28.771005   12.406425    0.033964    5.879795
    0.931373    0.391718    1.150162   -1.041728    0.000000       -2.084161        1.000000   28.912883   12.420243    0.033964    5.879795
    0.941176    0.338423    1.210221   -1.042039    0.000000       -2.084558        1.000000   29.035458   12.429486    0.033964    5.879795
    0.950980    0.283906    1.270297   -1.042275    0.000000       -2.084863        1.000000   29.138287   12.435223    0.033964    5.879795
    0.960784    0.228365    1.330384   -1.042452    0.000000       -2.085092        1.000000   29.221000   12.438436    0.033964    5.879795
    0.970588    0.171999    1.390480   -1.042579    0.000000       -2.085260        1.000000   29.283297   12.439982    0.033964    5.879795
    0.980392    0.115013    1.450582   -1.042665    0.000000       -2.085373        1.000000   29.324954   12.440563    0.033964    5.879795
    0.990196    0.057610    1.510688   -1.042714    0.000000       -2.085439        1.000000   29.345820   12.440698    0.033964    5.879795
    1.000000    0.000000    1.570796   -1.042730    0.000000       -2.085461        1.000000   29.345820   12.440707    0.033964    5.879795
