           t           r         psi          cs          qs               p             sig           A           V          Q2           S
    0.000000   -0.000000   -1.570796   -1.135385    0.000000       -2.270770        1.000000    0.000000    0.000000    0.527457    9.644186
    0.009804    0.094369   -1.463198   -1.143231    0.000000       -2.281218        1.000000    0.000000    0.000071    0.527457    9.644186
    0.019608    0.187636   -1.354089   -1.167644    0.000000       -2.313560        1.000000    0.111471    0.001130    0.527457    9.644186
    0.029412    0.278650   -1.241797   -1.211057    0.000000       -2.370562        1.000000    0.277011    0.005651    0.527457    9.644186
    0.039216    0.366151   -1.124367   -1.276973    0.000000       -2.456124        1.000000    0.494535    0.017551    0.527457    9.644186
    0.049020    0.448702   -0.999502   -1.368737    0.000000       -2.573816        1.000000    0.761100    0.041846    0.527457    9.644186
    0.058824    0.524610   -0.864713   -1.486296    0.000000       -2.723137        1.000000    1.072760    0.084092    0.527457    9.644186
    0.068627    0.591872   -0.717946   -1.618789    0.000000       -2.891293        1.000000    1.424379    0.149492    0.527457    9.644186
    0.078431    0.648237   -0.559166   -1.732059    0.000000       -3.039757        1.000000    1.809484    0.241558    0.527457    9.644186
    0.088235    0.691542   -0.393080   -1.760112    0.000000       -3.095871        1.000000    2.220316    0.360442    0.527457    9.644186
    0.098039    0.720464   -0.231420   -1.628574    0.000000       -2.979567        1.000000    2.648329    0.501787    0.527457    9.644186
    0.107843    0.735390   -0.090775   -1.321015    0.000000       -2.675239        1.000000    3.085210    0.657562    0.527457    9.644186
    0.117647    0.738655    0.015205   -0.913631    0.000000       -2.267286        1.000000    3.524031    0.819109    0.527457    9.644186
    0.127451    0.733750    0.082327   -0.515123    0.000000       -1.873369        1.000000    3.959937    0.980088    0.527457    9.644186
    0.137255    0.724193    0.115112   -0.193993    0.000000       -1.565701        1.000000    4.390166    1.137233    0.527457    9.644186
    0.147059    0.712841    0.122038    0.031950    0.000000       -1.360453        1.000000    4.813651    1.289501    0.527457    9.644186
    0.156863    0.701709    0.111774    0.172337    0.000000       -1.243862        1.000000    5.230523    1.437027    0.527457    9.644186
    0.166667    0.692058    0.091585    0.244914    0.000000       -1.193994        1.000000    5.641661    1.580464    0.527457    9.644186
    0.176471    0.684551    0.067043    0.267154    0.000000       -1.190376        1.000000    6.048340    1.720665    0.527457    9.644186
    0.186275    0.679400    0.042178    0.254038    0.000000       -1.216540        1.000000    6.451958    1.858528    0.527457    9.644186
    0.196078    0.676501    0.019725    0.218003    0.000000       -1.259904        1.000000    6.853854    1.994914    0.527457    9.644186
    0.205882    0.675541    0.001350    0.169299    0.000000       -1.310994        1.000000    7.255180    2.130596    0.527457    9.644186
    0.215686    0.676092   -0.012154    0.116230    0.000000       -1.362751        1.000000    7.656833    2.266216    0.527457    9.644186
    0.225490    0.677683   -0.020697    0.065258    0.000000       -1.410043        1.000000    8.059431    2.402266    0.527457    9.644186
    0.235294    0.679862   -0.024709    0.021031    0.000000       -1.449406        1.000000    8.463323    2.539073    0.527457    9.644186
    0.245098    0.682237   -0.024979   -0.013581    0.000000       -1.478891        1.000000    8.868627    2.676805    0.527457    9.644186
    0.254902    0.684498   -0.022484   -0.037378    0.000000       -1.497934        1.000000    9.275274    2.815488    0.527457    9.644186
    0.264706    0.686433   -0.018245   -0.050603    0.000000       -1.507167        1.000000    9.683070    2.955041    0.527457    9.644186
    0.274510    0.687923   -0.013206   -0.054612    0.000000       -1.508137        1.000000   10.091752    3.095306    0.527457    9.644186
    0.284314    0.688930   -0.008144   -0.051463    0.000000       -1.502942        1.000000   10.501031    3.236091    0.527457    9.644186
    0.294118    0.689480   -0.003626   -0.043492    0.000000       -1.493851        1.000000   10.910638    3.377198    0.527457    9.644186
    0.303922    0.689644    0.000000   -0.032957    0.000000       -1.482982        1.000000   11.320342    3.518451    0.527457    9.644186
    0.313725    0.689513    0.002587   -0.021776    0.000000       -1.472070        1.000000   11.729968    3.659707    0.527457    9.644186
    0.323529    0.689187    0.004144   -0.011390    0.000000       -1.462362        1.000000   12.139400    3.800865    0.527457    9.644186
    0.333333    0.688758    0.004795   -0.002729    0.000000       -1.454602        1.000000   12.548578    3.941866    0.527457    9.644186
    0.343137    0.688303    0.004729    0.003742    0.000000       -1.449091        1.000000   12.957485    4.082683    0.527457    9.644186
    0.352941    0.687879    0.004160    0.007942    0.000000       -1.445789        1.000000   13.366141    4.223319    0.527457    9.644186
    0.362745    0.687526    0.003293    0.010062    0.000000       -1.444421        1.000000   13.774587    4.363796    0.527457    9.644186
    0.372549    0.687260    0.002311    0.010469    0.000000       -1.444580        1.000000   14.182874    4.504147    0.527457    9.644186
    0.382353    0.687088    0.001354    0.009608    0.000000       -1.445809        1.000000   14.591060    4.644408    0.527457    9.644186
    0.392157    0.687000    0.000520    0.007936    0.000000       -1.447667        1.000000   14.999193    4.784617    0.527457    9.644186
    0.401961    0.686984   -0.000135    0.005868    0.000000       -1.449771        1.000000   15.407317    4.924806    0.527457    9.644186
    0.411765    0.687020   -0.000588    0.003742    0.000000       -1.451821        1.000000   15.815462    5.064999    0.527457    9.644186
    0.421569    0.687089   -0.000848    0.001808    0.000000       -1.453607        1.000000   16.223648    5.205214    0.527457    9.644186
    0.431373    0.687175   -0.000941    0.000224    0.000000       -1.455009        1.000000   16.631885    5.345461    0.527457    9.644186
    0.441176    0.687263   -0.000904   -0.000935    0.000000       -1.455981        1.000000   17.040174    5.485744    0.527457    9.644186
    0.450980    0.687343   -0.000778   -0.001661    0.000000       -1.456539        1.000000   17.448511    5.626062    0.527457    9.644186
    0.460784    0.687408   -0.000602   -0.001999    0.000000       -1.456738        1.000000   17.856887    5.766409    0.527457    9.644186
    0.470588    0.687456   -0.000410   -0.002020    0.000000       -1.456658        1.000000   18.265292    5.906780    0.527457    9.644186
    0.480392    0.687486   -0.000227   -0.001814    0.000000       -1.456388        1.000000   18.673714    6.047167    0.527457    9.644186
    0.490196    0.687500   -0.000072   -0.001466    0.000000       -1.456011        1.000000   19.082144    6.187563    0.527457    9.644186
    0.500000    0.687501    0.000048   -0.001056    0.000000       -1.455599        1.000000   19.490575    6.327961    0.527457    9.644186
    0.509804    0.687492    0.000128   -0.000647    0.000000       -1.455208        1.000000   19.899001    6.468358    0.527457    9.644186
    0.519608    0.687478    0.000171   -0.000283    0.000000       -1.454875        1.000000   20.307418    6.608750    0.527457    9.644186
    0.529412    0.687461    0.000184    0.000008    0.000000       -1.454620        1.000000   20.715825    6.749136    0.527457    9.644186
    0.539216    0.687444    0.000173    0.000214    0.000000       -1.454450        1.000000   21.124222    6.889514    0.527457    9.644186
    0.549020    0.687429    0.000146    0.000337    0.000000       -1.454360        1.000000   21.532610    7.029886    0.527457    9.644186
    0.558824    0.687417    0.000111    0.000386    0.000000       -1.454336        1.000000   21.940991    7.170252    0.527457    9.644186
    0.568627    0.687408    0.000075    0.000376    0.000000       -1.454365        1.000000   22.349366    7.310614    0.527457    9.644186
    0.578431    0.687402    0.000042    0.000325    0.000000       -1.454428        1.000000   22.757738    7.450973    0.527457    9.644186
    0.588235    0.687400    0.000014    0.000247    0.000000       -1.454510        1.000000   23.166109    7.591330    0.527457    9.644186
    0.598039    0.687399   -0.000005    0.000159    0.000000       -1.454600        1.000000   23.574480    7.731687    0.527457    9.644186
    0.607843    0.687400   -0.000016    0.000069    0.000000       -1.454688        1.000000   23.982851    7.872044    0.527457    9.644186
    0.617647    0.687402   -0.000018   -0.000015    0.000000       -1.454768        1.000000   24.391223    8.012402    0.527457    9.644186
    0.627451    0.687404   -0.000013   -0.000091    0.000000       -1.454841        1.000000   24.799596    8.152760    0.527457    9.644186
    0.637255    0.687404   -0.000001   -0.000160    0.000000       -1.454908        1.000000   25.207969    8.293119    0.527457    9.644186
    0.647059    0.687404    0.000017   -0.000225    0.000000       -1.454974        1.000000   25.616342    8.433477    0.527457    9.644186
    0.656863    0.687401    0.000042   -0.000294    0.000000       -1.455049        1.000000   26.024714    8.573835    0.527457    9.644186
    0.666667    0.687395    0.000073   -0.000377    0.000000       -1.455144        1.000000   26.433082    8.714192    0.527457    9.644186
    0.676471    0.687387    0.000114   -0.000487    0.000000       -1.455272        1.000000   26.841445    8.854545    0.527457    9.644186
    0.686275    0.687374    0.000167   -0.000641    0.000000       -1.455454        1.000000   27.249800    8.994894    0.527457    9.644186
    0.696078    0.687355    0.000237   -0.000860    0.000000       -1.455713        1.000000   27.658144    9.135237    0.527457    9.644186
    0.705882    0.687328    0.000332   -0.001174    0.000000       -1.456084        1.000000   28.066472    9.275570    0.527457    9.644186
    0.715686    0.687291    0.000463   -0.001621    0.000000       -1.456609        1.000000   28.474778    9.415891    0.527457    9.644186
    0.725490    0.687239    0.000644   -0.002253    0.000000       -1.457350        1.000000   28.883053    9.556193    0.527457    9.644186
    0.735294    0.687167    0.000897   -0.003142    0.000000       -1.458393        1.000000   29.291286    9.696471    0.527457    9.644186
    0.745098    0.687066    0.001250   -0.004390    0.000000       -1.459853        1.000000   29.699458    9.836713    0.527457    9.644186
    0.754902    0.686926    0.001743   -0.006135    0.000000       -1.461894        1.000000   30.107547    9.976907    0.527457    9.644186
    0.764706    0.686730    0.002432   -0.008572    0.000000       -1.464744        1.000000   30.515520   10.117032    0.527457    9.644186
    0.774510    0.686457    0.003394   -0.011971    0.000000       -1.468717        1.000000   30.923331   10.257063    0.527457    9.644186
    0.784314    0.686077    0.004737   -0.016704    0.000000       -1.474251        1.000000   31.330916   10.396961    0.527457    9.644186
    0.794118    0.685545    0.006611   -0.023285    0.000000       -1.481947        1.000000   31.738185   10.536673    0.527457    9.644186
    0.803922    0.684803    0.009221   -0.032420    0.000000       -1.492631        1.000000   32.145013   10.676127    0.527457    9.644186
    0.813725    0.683769    0.012852   -0.045065    0.000000       -1.507426        1.000000   32.551227   10.815218    0.527457    9.644186
    0.823529    0.682329    0.017893   -0.062504    0.000000       -1.527839        1.000000   32.956585   10.953804    0.527457    9.644186
    0.833333    0.680325    0.024876   -0.086434    0.000000       -1.555866        1.000000   33.360753   11.091683    0.527457    9.644186
    0.843137    0.677542    0.034511   -0.119040    0.000000       -1.594085        1.000000   33.763267   11.228575    0.527457    9.644186
    0.852941    0.673687    0.047745   -0.163044    0.000000       -1.645721        1.000000   34.163491   11.364089    0.527457    9.644186
    0.862745    0.668366    0.065803   -0.221659    0.000000       -1.714609        1.000000   34.560554   11.497683    0.527457    9.644186
    0.872549    0.661054    0.090232   -0.298384    0.000000       -1.804967        1.000000   34.953273   11.628607    0.527457    9.644186
    0.882353    0.651070    0.122904   -0.396519    0.000000       -1.920867        1.000000   35.340061   11.755841    0.527457    9.644186
    0.892157    0.637552    0.165963   -0.518340    0.000000       -2.065289        1.000000   35.718818   11.878011    0.527457    9.644186
    0.901961    0.619449    0.221677   -0.663966    0.000000       -2.238801        1.000000   36.086821   11.993331    0.527457    9.644186
    0.911765    0.595548    0.292174   -0.830208    0.000000       -2.438172        1.000000   36.440624   12.099585    0.527457    9.644186
    0.921569    0.564542    0.379100   -1.009966    0.000000       -2.655545        1.000000   36.776007   12.194224    0.527457    9.644186
    0.931373    0.525167    0.483260   -1.192819    0.000000       -2.878921        1.000000   37.087999   12.274651    0.527457    9.644186
    0.941176    0.476386    0.604387   -1.366936    0.000000       -3.094212        1.000000   37.371010   12.338744    0.527457    9.644186
    0.950980    0.417603    0.741136   -1.521690    0.000000       -3.288206        1.000000   37.619100   12.385524    0.527457    9.644186
    0.960784    0.348847    0.891296   -1.649746    0.000000       -3.451119        1.000000   37.826344   12.415759    0.527457    9.644186
    0.970588    0.270887    1.052155   -1.747747    0.000000       -3.577664        1.000000   37.987272   12.432161    0.527457    9.644186
    0.980392    0.185237    1.220846   -1.815605    0.000000       -3.666487        1.000000   38.097318   12.438918    0.527457    9.644186
    0.990196    0.094061    1.394592   -1.855013    0.000000       -3.718628        1.000000   38.153198   12.440591    0.527457    9.644186
    1.000000    0.000000    1.570796   -1.867874    0.000000       -3.735748        1.000000   38.153198   12.440707    0.527457    9.644186
