           t           r         psi          cs          qs               p             sig           A           V          Q2           S
    0.000000    0.000000   -1.570796   -1.018836    0.000000       -2.037672        1.000000    0.000000    0.000000    0.284438    5.353078
    0.009804    0.052456   -1.517318   -1.019344    0.000000       -2.038349        1.000000    0.000000    0.000006    0.284438    5.353078
    0.019608    0.104762   -1.463785   -1.020891    0.000000       -2.040407        1.000000    0.034545    0.000097    0.284438    5.353078
    0.029412    0.156768   -1.410143   -1.023548    0.000000       -2.043928        1.000000    0.086239    0.000488    0.284438    5.353078
    0.039216    0.208323   -1.356330   -1.027431    0.000000       -2.049048        1.000000    0.154933    0.001533    0.284438    5.353078
    0.049020    0.259275   -1.302277   -1.032707    0.000000       -2.055960        1.000000    0.240429    0.003715    0.284438    5.353078
    0.058824    0.309473   -1.247906   -1.039601    0.000000       -2.064921        1.000000    0.342477    0.007632    0.284438    5.353078
    0.068627    0.358761   -1.193125   -1.048401    0.000000       -2.076261        1.000000    0.460778    0.013984    0.284438    5.353078
    0.078431    0.406985   -1.137824   -1.059474    0.000000       -2.090397        1.000000    0.594981    0.023555    0.284438    5.353078
    0.088235    0.453984   -1.081873   -1.073280    0.000000       -2.107844        1.000000    0.744682    0.037191    0.284438    5.353078
    0.098039    0.499594   -1.025113   -1.090383    0.000000       -2.129231        1.000000    0.909423    0.055774    0.284438    5.353078
    0.107843    0.543645   -0.967354   -1.111468    0.000000       -2.155311        1.000000    1.088689    0.080206    0.284438    5.353078
    0.117647    0.585958   -0.908367   -1.137338    0.000000       -2.186960        1.000000    1.281908    0.111370    0.284438    5.353078
    0.127451    0.626343   -0.847877   -1.168892    0.000000       -2.225146        1.000000    1.488444    0.150109    0.284438    5.353078
    0.137255    0.664596   -0.785562   -1.207041    0.000000       -2.270832        1.000000    1.707594    0.197193    0.284438    5.353078
    0.147059    0.700498   -0.721055   -1.252509    0.000000       -2.324761        1.000000    1.938582    0.253276    0.284438    5.353078
    0.156863    0.733806   -0.653964   -1.305430    0.000000       -2.387021        1.000000    2.180554    0.318866    0.284438    5.353078
    0.166667    0.764259   -0.583923   -1.364583    0.000000       -2.456237        1.000000    2.432567    0.394265    0.284438    5.353078
    0.176471    0.791576   -0.510690   -1.426148    0.000000       -2.528263        1.000000    2.693588    0.479523    0.284438    5.353078
    0.186275    0.815467   -0.434328   -1.481979    0.000000       -2.594413        1.000000    2.962488    0.574371    0.284438    5.353078
    0.196078    0.835660   -0.355480   -1.518055    0.000000       -2.639899        1.000000    3.238045    0.678158    0.284438    5.353078
    0.205882    0.851943   -0.275676   -1.514854    0.000000       -2.644321        1.000000    3.518973    0.789823    0.284438    5.353078
    0.215686    0.864228   -0.197523   -1.452201    0.000000       -2.586804        1.000000    3.803951    0.907916    0.284438    5.353078
    0.225490    0.872609   -0.124495   -1.319027    0.000000       -2.456146        1.000000    4.091693    1.030725    0.284438    5.353078
    0.235294    0.877403   -0.060194   -1.122476    0.000000       -2.260140        1.000000    4.381015    1.156491    0.284438    5.353078
    0.245098    0.879120   -0.007351   -0.887603    0.000000       -2.025073        1.000000    4.670904    1.283649    0.284438    5.353078
    0.254902    0.878396    0.032863   -0.646378    0.000000       -1.784202        1.000000    4.960554    1.410998    0.284438    5.353078
    0.264706    0.875887    0.060849   -0.425050    0.000000       -1.564638        1.000000    5.249377    1.537735    0.284438    5.353078
    0.274510    0.872201    0.078089   -0.238303    0.000000       -1.381334        1.000000    5.536984    1.663401    0.284438    5.353078
    0.284314    0.867852    0.086546   -0.090414    0.000000       -1.238371        1.000000    5.823157    1.787783    0.284438    5.353078
    0.294118    0.863246    0.088222    0.020777    0.000000       -1.133136        1.000000    6.107812    1.910829    0.284438    5.353078
    0.303922    0.858691    0.084919    0.100285    0.000000       -1.060083        1.000000    6.390964    2.032579    0.284438    5.353078
    0.313725    0.854404    0.078151    0.153781    0.000000       -1.013053        1.000000    6.672703    2.153131    0.284438    5.353078
    0.323529    0.850535    0.069141    0.186533    0.000000       -0.986388        1.000000    6.953166    2.272608    0.284438    5.353078
    0.333333    0.847175    0.058856    0.203046    0.000000       -0.975303        1.000000    7.232521    2.391153    0.284438    5.353078
    0.343137    0.844370    0.048047    0.207030    0.000000       -0.975918        1.000000    7.510951    2.508910    0.284438    5.353078
    0.352941    0.842133    0.037291    0.201499    0.000000       -0.985137        1.000000    7.788643    2.626028    0.284438    5.353078
    0.362745    0.840448    0.027021    0.188905    0.000000       -1.000502        1.000000    8.065780    2.742648    0.284438    5.353078
    0.372549    0.839283    0.017552    0.171257    0.000000       -1.020052        1.000000    8.342533    2.858906    0.284438    5.353078
    0.382353    0.838588    0.009104    0.150221    0.000000       -1.042210        1.000000    8.619056    2.974926    0.284438    5.353078
    0.392157    0.838307    0.001819    0.127187    0.000000       -1.065691        1.000000    8.895487    3.090821    0.284438    5.353078
    0.401961    0.838376   -0.004231    0.103326    0.000000       -1.089446        1.000000    9.171940    3.206690    0.284438    5.353078
    0.411765    0.838729   -0.009029    0.079618    0.000000       -1.112613        1.000000    9.448510    3.322616    0.284438    5.353078
    0.421569    0.839302   -0.012605    0.056880    0.000000       -1.134492        1.000000    9.725269    3.438668    0.284438    5.353078
    0.431373    0.840032   -0.015028    0.035770    0.000000       -1.154527        1.000000   10.002269    3.554897    0.284438    5.353078
    0.441176    0.840861   -0.016397    0.016797    0.000000       -1.172300        1.000000   10.279542    3.671339    0.284438    5.353078
    0.450980    0.841737   -0.016835    0.000325    0.000000       -1.187526        1.000000   10.557104    3.788018    0.284438    5.353078
    0.460784    0.842614   -0.016479   -0.013426    0.000000       -1.200048        1.000000   10.834955    3.904941    0.284438    5.353078
    0.470588    0.843455   -0.015475   -0.024374    0.000000       -1.209832        1.000000   11.113083    4.022105    0.284438    5.353078
    0.480392    0.844229   -0.013969   -0.032565    0.000000       -1.216962        1.000000   11.391467    4.139496    0.284438    5.353078
    0.490196    0.844915   -0.012102   -0.038159    0.000000       -1.221624        1.000000   11.670076    4.257093    0.284438    5.353078
    0.500000    0.845496   -0.010004   -0.041411    0.000000       -1.224090        1.000000   11.948878    4.374870    0.284438    5.353078
    0.509804    0.845963   -0.007791   -0.042650    0.000000       -1.224699        1.000000   12.227833    4.492796    0.284438    5.353078
    0.519608    0.846313   -0.005556   -0.042259    0.000000       -1.223836        1.000000   12.506904    4.610838    0.284438    5.353078
    0.529412    0.846547   -0.003376   -0.040645    0.000000       -1.221908        1.000000   12.786052    4.728962    0.284438    5.353078
    0.539216    0.846669   -0.001304   -0.038227    0.000000       -1.219325        1.000000   13.065240    4.847138    0.284438    5.353078
    0.549020    0.846686    0.000629   -0.035412    0.000000       -1.216487        1.000000   13.344434    4.965332    0.284438    5.353078
    0.558824    0.846606    0.002412   -0.032584    0.000000       -1.213768        1.000000   13.623601    5.083518    0.284438    5.353078
    0.568627    0.846436    0.004055   -0.030099    0.000000       -1.211514        1.000000   13.902712    5.201668    0.284438    5.353078
    0.578431    0.846182    0.005583   -0.028280    0.000000       -1.210040        1.000000   14.181740    5.319758    0.284438    5.353078
    0.588235    0.845851    0.007040   -0.027417    0.000000       -1.209629        1.000000   14.460658    5.437765    0.284438    5.353078
    0.598039    0.845444    0.008483   -0.027776    0.000000       -1.210544        1.000000   14.739442    5.555668    0.284438    5.353078
    0.607843    0.844960    0.009981   -0.029603    0.000000       -1.213033        1.000000   15.018067    5.673446    0.284438    5.353078
    0.617647    0.844394    0.011620   -0.033139    0.000000       -1.217341        1.000000   15.296504    5.791075    0.284438    5.353078
    0.627451    0.843736    0.013494   -0.038626    0.000000       -1.223723        1.000000   15.574725    5.908532    0.284438    5.353078
    0.637255    0.842971    0.015713   -0.046321    0.000000       -1.232454        1.000000   15.852694    6.025789    0.284438    5.353078
    0.647059    0.842078    0.018399   -0.056508    0.000000       -1.243844        1.000000   16.130369    6.142811    0.284438    5.353078
    0.656863    0.841029    0.021693   -0.069504    0.000000       -1.258243        1.000000   16.407697    6.259558    0.284438    5.353078
    0.666667    0.839788    0.025750   -0.085669    0.000000       -1.276051        1.000000   16.684616    6.375979    0.284438    5.353078
    0.676471    0.838311    0.030747   -0.105404    0.000000       -1.297716        1.000000   16.961048    6.492011    0.284438    5.353078
    0.686275    0.836542    0.036884   -0.129148    0.000000       -1.323733        1.000000   17.236897    6.607576    0.284438    5.353078
    0.696078    0.834416    0.044381   -0.157363    0.000000       -1.354625        1.000000   17.512045    6.722577    0.284438    5.353078
    0.705882    0.831857    0.053487   -0.190508    0.000000       -1.390919        1.000000   17.786349    6.836893    0.284438    5.353078
    0.715686    0.828772    0.064471   -0.229005    0.000000       -1.433102        1.000000   18.059635    6.950378    0.284438    5.353078
    0.725490    0.825057    0.077623   -0.273181    0.000000       -1.481569        1.000000   18.331697    7.062849    0.284438    5.353078
    0.735294    0.820590    0.093247   -0.323215    0.000000       -1.536556        1.000000   18.602286    7.174088    0.284438    5.353078
    0.745098    0.815236    0.111651   -0.379062    0.000000       -1.598064        1.000000   18.871109    7.283831    0.284438    5.353078
    0.754902    0.808843    0.133131   -0.440401    0.000000       -1.665795        1.000000   19.137823    7.391764    0.284438    5.353078
    0.764706    0.801246    0.157961   -0.506585    0.000000       -1.739102        1.000000   19.402034    7.497520    0.284438    5.353078
    0.774510    0.792272    0.186371   -0.576634    0.000000       -1.816971        1.000000   19.663284    7.600675    0.284438    5.353078
    0.784314    0.781736    0.218531   -0.649273    0.000000       -1.898054        1.000000   19.921061    7.700749    0.284438    5.353078
    0.794118    0.769455    0.254539   -0.723003    0.000000       -1.980750        1.000000   20.174788    7.797212    0.284438    5.353078
    0.803922    0.755247    0.294411   -0.796230    0.000000       -2.063329        1.000000   20.423829    7.889495    0.284438    5.353078
    0.813725    0.738943    0.338077   -0.867396    0.000000       -2.144077        1.000000   20.667495    7.977009    0.284438    5.353078
    0.823529    0.720386    0.385394   -0.935112    0.000000       -2.221437        1.000000   20.905041    8.059165    0.284438    5.353078
    0.833333    0.699445    0.436149   -0.998260    0.000000       -2.294124        1.000000   21.135683    8.135404    0.284438    5.353078
    0.843137    0.676014    0.490080   -1.056052    0.000000       -2.361195        1.000000   21.358597    8.205232    0.284438    5.353078
    0.852941    0.650020    0.546893   -1.108037    0.000000       -2.422065        1.000000   21.572941    8.268245    0.284438    5.353078
    0.862745    0.621422    0.606278   -1.154079    0.000000       -2.476488        1.000000   21.777854    8.324169    0.284438    5.353078
    0.872549    0.590215    0.667925   -1.194293    0.000000       -2.524499        1.000000   21.972477    8.372872    0.284438    5.353078
    0.882353    0.556429    0.731537   -1.228986    0.000000       -2.566351        1.000000   22.155959    8.414395    0.284438    5.353078
    0.892157    0.520126    0.796833   -1.258584    0.000000       -2.602441        1.000000   22.327470    8.448945    0.284438    5.353078
    0.901961    0.481402    0.863560   -1.283578    0.000000       -2.633250        1.000000   22.486212    8.476901    0.284438    5.353078
    0.911765    0.440384    0.931489   -1.304480    0.000000       -2.659296        1.000000   22.631428    8.498798    0.284438    5.353078
    0.921569    0.397225    1.000418   -1.321784    0.000000       -2.681091        1.000000   22.762412    8.515297    0.284438    5.353078
    0.931373    0.352101    1.070172   -1.335951    0.000000       -2.699122        1.000000   22.878517    8.527157    0.284438    5.353078
    0.941176    0.305213    1.140595   -1.347393    0.000000       -2.713829        1.000000   22.979161    8.535196    0.284438    5.353078
    0.950980    0.256778    1.211556   -1.356468    0.000000       -2.725601        1.000000   23.063833    8.540242    0.284438    5.353078
    0.960784    0.207031    1.282937   -1.363479    0.000000       -2.734771        1.000000   23.132101    8.543096    0.284438    5.353078
    0.970588    0.156219    1.354638   -1.368673    0.000000       -2.741612        1.000000   23.183614    8.544479    0.284438    5.353078
    0.980392    0.104599    1.426568   -1.372243    0.000000       -2.746341        1.000000   23.218105    8.545002    0.284438    5.353078
    0.990196    0.052436    1.498646   -1.374328    0.000000       -2.749114        1.000000   23.235396    8.545124    0.284438    5.353078
    1.000000    0.000000    1.570796   -1.375014    0.000000       -2.750027        1.000000   23.235396    8.545132    0.284438    5.353078
