           t           r         psi          cs          qs               p             sig           A           V          Q2           S
    0.000000    0.000000   -1.570796   -1.955637    0.000000       -3.911274        1.000000    0.000000    0.000000    0.878629   23.038042
    0.009804    0.217520   -1.077247   -2.612269    0.000000       -4.790251        1.000000    0.000000    0.004005    0.878629   23.038042
    0.019608    0.367817   -0.394560   -3.078206    0.000000       -5.588054        1.000000    0.521984    0.054095    0.878629   23.038042
    0.029412    0.391942    0.099413   -1.082171    0.000000       -3.620971        1.000000    1.078205    0.159925    0.878629   23.038042
    0.039216    0.357935    0.146945    0.399390    0.000000       -2.364306        1.000000    1.586165    0.259012    0.878629   23.038042
    0.049020    0.338019    0.027021    0.489195    0.000000       -2.468138        1.000000    2.065861    0.343420    0.878629   23.038042
    0.058824    0.340913   -0.036393    0.070455    0.000000       -2.860899        1.000000    2.549665    0.424595    0.878629   23.038042
    0.068627    0.348522   -0.023573   -0.127438    0.000000       -2.995898        1.000000    3.044267    0.508998    0.878629   23.038042
    0.078431    0.350746    0.001695   -0.073832    0.000000       -2.924891        1.000000    3.542025    0.595974    0.878629   23.038042
    0.088235    0.349292    0.007993    0.009512    0.000000       -2.853334        1.000000    4.037719    0.682961    0.878629   23.038042
    0.098039    0.348013    0.002708    0.026832    0.000000       -2.846616        1.000000    4.531597    0.769162    0.878629   23.038042
    0.107843    0.347949   -0.001399    0.007918    0.000000       -2.866067        1.000000    5.025385    0.855046    0.878629   23.038042
    0.117647    0.348322   -0.001414   -0.005170    0.000000       -2.876072        1.000000    5.519703    0.941045    0.878629   23.038042
    0.127451    0.348494   -0.000138   -0.004570    0.000000       -2.874059        1.000000    6.014265    1.027190    0.878629   23.038042
    0.137255    0.348447    0.000385   -0.000242    0.000000       -2.870117        1.000000    6.508761    1.113359    0.878629   23.038042
    0.147059    0.348375    0.000199    0.001327    0.000000       -2.869146        1.000000    7.003153    1.199492    0.878629   23.038042
    0.156863    0.348360   -0.000039    0.000614    0.000000       -2.869981        1.000000    7.497524    1.285603    0.878629   23.038042
    0.166667    0.348376   -0.000078   -0.000165    0.000000       -2.870623        1.000000    7.991919    1.371717    0.878629   23.038042
    0.176471    0.348388   -0.000019   -0.000259    0.000000       -2.870623        1.000000    8.486330    1.457838    0.878629   23.038042
    0.186275    0.348387    0.000016   -0.000054    0.000000       -2.870423        1.000000    8.980741    1.543961    0.878629   23.038042
    0.196078    0.348383    0.000013    0.000059    0.000000       -2.870342        1.000000    9.475146    1.630084    0.878629   23.038042
    0.205882    0.348382    0.000000    0.000041    0.000000       -2.870371        1.000000    9.969549    1.716204    0.878629   23.038042
    0.215686    0.348383   -0.000004   -0.000002    0.000000       -2.870408        1.000000   10.463952    1.802325    0.878629   23.038042
    0.225490    0.348383   -0.000002   -0.000013    0.000000       -2.870414        1.000000   10.958357    1.888446    0.878629   23.038042
    0.235294    0.348383    0.000001   -0.000005    0.000000       -2.870405        1.000000   11.452762    1.974567    0.878629   23.038042
    0.245098    0.348383    0.000001    0.000002    0.000000       -2.870400        1.000000   11.947167    2.060689    0.878629   23.038042
    0.254902    0.348383    0.000000    0.000002    0.000000       -2.870400        1.000000   12.441571    2.146810    0.878629   23.038042
    0.264706    0.348383   -0.000000    0.000000    0.000000       -2.870402        1.000000   12.935976    2.232931    0.878629   23.038042
    0.274510    0.348383   -0.000000   -0.000001    0.000000       -2.870403        1.000000   13.430381    2.319052    0.878629   23.038042
    0.284314    0.348383    0.000000   -0.000000    0.000000       -2.870402        1.000000   13.924785    2.405173    0.878629   23.038042
    0.294118    0.348383    0.000000    0.000000    0.000000       -2.870402        1.000000   14.419190    2.491294    0.878629   23.038042
    0.303922    0.348383    0.000000    0.000000    0.000000       -2.870402        1.000000   14.913594    2.577415    0.878629   23.038042
    0.313725    0.348383   -0.000000    0.000000    0.000000       -2.870402        1.000000   15.407999    2.663537    0.878629   23.038042
    0.323529    0.348383   -0.000000   -0.000000    0.000000       -2.870402        1.000000   15.902404    2.749658    0.878629   23.038042
    0.333333    0.348383   -0.000000   -0.000000    0.000000       -2.870402        1.000000   16.396808    2.835779    0.878629   23.038042
    0.343137    0.348383    0.000000   -0.000000    0.000000       -2.870402        1.000000   16.891213    2.921900    0.878629   23.038042
    0.352941    0.348383    0.000000    0.000000    0.000000       -2.870402        1.000000   17.385618    3.008021    0.878629   23.038042
    0.362745    0.348383   -0.000000    0.000000    0.000000       -2.870402        1.000000   17.880022    3.094142    0.878629   23.038042
    0.372549    0.348383   -0.000000   -0.000000    0.000000       -2.870402        1.000000   18.374427    3.180263    0.878629   23.038042
    0.382353    0.348383   -0.000000   -0.000000    0.000000       -2.870402        1.000000   18.868831    3.266385    0.878629   23.038042
    0.392157    0.348383    0.000000   -0.000000    0.000000       -2.870402        1.000000   19.363236    3.352506    0.878629   23.038042
    0.401961    0.348383    0.000000    0.000000    0.000000       -2.870402        1.000000   19.857641    3.438627    0.878629   23.038042
    0.411765    0.348383   -0.000000    0.000000    0.000000       -2.870402        1.000000   20.352045    3.524748    0.878629   23.038042
    0.421569    0.348383   -0.000000   -0.000000    0.000000       -2.870402        1.000000   20.846450    3.610869    0.878629   23.038042
    0.431373    0.348383   -0.000000   -0.000000    0.000000       -2.870402        1.000000   21.340855    3.696990    0.878629   23.038042
    0.441176    0.348383    0.000000   -0.000000    0.000000       -2.870402        1.000000   21.835259    3.783111    0.878629   23.038042
    0.450980    0.348383    0.000000    0.000000    0.000000       -2.870402        1.000000   22.329664    3.869233    0.878629   23.038042
    0.460784    0.348383    0.000000    0.000000    0.000000       -2.870402        1.000000   22.824068    3.955354    0.878629   23.038042
    0.470588    0.348383   -0.000000    0.000000    0.000000       -2.870402        1.000000   23.318473    4.041475    0.878629   23.038042
    0.480392    0.348383   -0.000000   -0.000000    0.000000       -2.870402        1.000000   23.812878    4.127596    0.878629   23.038042
    0.490196    0.348383    0.000000   -0.000000    0.000000       -2.870402        1.000000   24.307282    4.213717    0.878629   23.038042
    0.500000    0.348383    0.000000    0.000000    0.000000       -2.870402        1.000000   24.801687    4.299838    0.878629   23.038042
    0.509804    0.348383    0.000000    0.000000    0.000000       -2.870402        1.000000   25.296092    4.385959    0.878629   23.038042
    0.519608    0.348383   -0.000000    0.000000    0.000000       -2.870402        1.000000   25.790496    4.472081    0.878629   23.038042
    0.529412    0.348383   -0.000000   -0.000000    0.000000       -2.870402        1.000000   26.284901    4.558202    0.878629   23.038042
    0.539216    0.348383   -0.000000   -0.000000    0.000000       -2.870402        1.000000   26.779305    4.644323    0.878629   23.038042
    0.549020    0.348383    0.000000   -0.000000    0.000000       -2.870402        1.000000   27.273710    4.730444    0.878629   23.038042
    0.558824    0.348383    0.000000    0.000000    0.000000       -2.870402        1.000000   27.768115    4.816565    0.878629   23.038042
    0.568627    0.348383    0.000000    0.000000    0.000000       -2.870402        1.000000   28.262519    4.902686    0.878629   23.038042
    0.578431    0.348383   -0.000000    0.000000    0.000000       -2.870402        1.000000   28.756924    4.988807    0.878629   23.038042
    0.588235    0.348383   -0.000000   -0.000000    0.000000       -2.870402        1.000000   29.251329    5.074929    0.878629   23.038042
    0.598039    0.348383    0.000000   -0.000000    0.000000       -2.870402        1.000000   29.745733    5.161050    0.878629   23.038042
    0.607843    0.348383    0.000000    0.000000    0.000000       -2.870402        1.000000   30.240138    5.247171    0.878629   23.038042
    0.617647    0.348383    0.000000    0.000000    0.000000       -2.870402        1.000000   30.734542    5.333292    0.878629   23.038042
    0.627451    0.348383    0.000000   -0.000000    0.000000       -2.870402        1.000000   31.228947    5.419413    0.878629   23.038042
    0.637255    0.348383    0.000000   -0.000000    0.000000       -2.870402        1.000000   31.723352    5.505534    0.878629   23.038042
    0.647059    0.348383    0.000000    0.000000    0.000000       -2.870402        1.000000   32.217756    5.591655    0.878629   23.038042
    0.656863    0.348383    0.000000    0.000000    0.000000       -2.870402        1.000000   32.712161    5.677777    0.878629   23.038042
    0.666667    0.348383    0.000000    0.000000    0.000000       -2.870402        1.000000   33.206566    5.763898    0.878629   23.038042
    0.676471    0.348383    0.000000   -0.000000    0.000000       -2.870402        1.000000   33.700970    5.850019    0.878629   23.038042
    0.686275    0.348383    0.000000   -0.000000    0.000000       -2.870402        1.000000   34.195375    5.936140    0.878629   23.038042
    0.696078    0.348383    0.000000   -0.000000    0.000000       -2.870402        1.000000   34.689780    6.022261    0.878629   23.038042
    0.705882    0.348383    0.000000   -0.000000    0.000000       -2.870402        1.000000   35.184184    6.108382    0.878629   23.038042
    0.715686    0.348383    0.000000   -0.000000    0.000000       -2.870402        1.000000   35.678589    6.194503    0.878629   23.038042
    0.725490    0.348383    0.000000   -0.000000    0.000000       -2.870402        1.000000   36.172993    6.280625    0.878629   23.038042
    0.735294    0.348383    0.000000   -0.000000    0.000000       -2.870402        1.000000   36.667398    6.366746    0.878629   23.038042
    0.745098    0.348383    0.000000   -0.000000    0.000000       -2.870402        1.000000   37.161803    6.452867    0.878629   23.038042
    0.754902    0.348383    0.000000   -0.000000    0.000000       -2.870402        1.000000   37.656207    6.538988    0.878629   23.038042
    0.764706    0.348383    0.000000   -0.000000    0.000000       -2.870402        1.000000   38.150612    6.625109    0.878629   23.038042
    0.774510    0.348383    0.000000   -0.000000    0.000000       -2.870402        1.000000   38.645017    6.711230    0.878629   23.038042
    0.784314    0.348383    0.000000   -0.000000    0.000000       -2.870402        1.000000   39.139421    6.797351    0.878629   23.038042
    0.794118    0.348383    0.000000   -0.000000    0.000000       -2.870402        1.000000   39.633826    6.883473    0.878629   23.038042
    0.803922    0.348383    0.000000   -0.000000    0.000000       -2.870402        1.000000   40.128230    6.969594    0.878629   23.038042
    0.813725    0.348383    0.000000   -0.000000    0.000000       -2.870402        1.000000   40.622635    7.055715    0.878629   23.038042
    0.823529    0.348383    0.000000   -0.000000    0.000000       -2.870402        1.000000   41.117040    7.141836    0.878629   23.038042
    0.833333    0.348383    0.000000   -0.000000    0.000000       -2.870402        1.000000   41.611444    7.227957    0.878629   23.038042
    0.843137    0.348383    0.000000   -0.000000    0.000000       -2.870402        1.000000   42.105849    7.314078    0.878629   23.038042
    0.852941    0.348383    0.000000   -0.000000    0.000000       -2.870403        1.000000   42.600253    7.400199    0.878629   23.038042
    0.862745    0.348383    0.000000   -0.000001    0.000000       -2.870404        1.000000   43.094658    7.486321    0.878629   23.038042
    0.872549    0.348383    0.000001   -0.000004    0.000000       -2.870407        1.000000   43.589062    7.572442    0.878629   23.038042
    0.882353    0.348383    0.000002   -0.000013    0.000000       -2.870419        1.000000   44.083466    7.658563    0.878629   23.038042
    0.892157    0.348382    0.000008   -0.000040    0.000000       -2.870455        1.000000   44.577869    7.744683    0.878629   23.038042
    0.901961    0.348378    0.000025   -0.000129    0.000000       -2.870571        1.000000   45.072267    7.830803    0.878629   23.038042
    0.911765    0.348368    0.000080   -0.000413    0.000000       -2.870944        1.000000   45.566649    7.916920    0.878629   23.038042
    0.921569    0.348333    0.000257   -0.001325    0.000000       -2.872137        1.000000   46.060983    8.003026    0.878629   23.038042
    0.931373    0.348224    0.000823   -0.004244    0.000000       -2.875961        1.000000   46.555161    8.089101    0.878629   23.038042
    0.941176    0.347872    0.002637   -0.013588    0.000000       -2.888201        1.000000   47.048840    8.175073    0.878629   23.038042
    0.950980    0.346745    0.008439   -0.043424    0.000000       -2.927284        1.000000   47.540920    8.260715    0.878629   23.038042
    0.960784    0.343145    0.026923   -0.137930    0.000000       -3.051092        1.000000   48.027891    8.345300    0.878629   23.038042
    0.970588    0.331721    0.085062   -0.429515    0.000000       -3.433193        1.000000   48.498650    8.426499    0.878629   23.038042
    0.980392    0.296365    0.260369   -1.252799    0.000000       -4.513285        1.000000   48.919234    8.497050    0.878629   23.038042
    0.990196    0.197280    0.722044   -2.964582    0.000000       -6.768591        1.000000   49.199202    8.539016    0.878629   23.038042
    1.000000    0.000000    1.570796   -4.213016    0.000000       -8.426033        1.000000   49.199202    8.545132    0.878629   23.038042
