           t           r         psi          cs          qs               p             sig           A           V          Q2           S
    0.000000    0.000000   -1.570796   -0.993861    0.000000       -1.987722        1.000000    0.000000    0.000000    0.018508    3.314899
    0.009804    0.032493   -1.538497   -0.993863    0.000000       -1.987725        1.000000    0.000000    0.000001    0.018508    3.314899
    0.019608    0.064953   -1.506197   -0.993870    0.000000       -1.987734        1.000000    0.013263    0.000014    0.018508    3.314899
    0.029412    0.097345   -1.473897   -0.993881    0.000000       -1.987749        1.000000    0.033141    0.000070    0.018508    3.314899
    0.039216    0.129635   -1.441597   -0.993898    0.000000       -1.987771        1.000000    0.059612    0.000222    0.018508    3.314899
    0.049020    0.161790   -1.409296   -0.993919    0.000000       -1.987799        1.000000    0.092649    0.000540    0.018508    3.314899
    0.058824    0.193776   -1.376994   -0.993946    0.000000       -1.987835        1.000000    0.132217    0.001114    0.018508    3.314899
    0.068627    0.225560   -1.344691   -0.993979    0.000000       -1.987878        1.000000    0.178276    0.002055    0.018508    3.314899
    0.078431    0.257108   -1.312387   -0.994019    0.000000       -1.987930        1.000000    0.230777    0.003488    0.018508    3.314899
    0.088235    0.288389   -1.280082   -0.994066    0.000000       -1.987992        1.000000    0.289665    0.005555    0.018508    3.314899
    0.098039    0.319368   -1.247775   -0.994122    0.000000       -1.988064        1.000000    0.354879    0.008410    0.018508    3.314899
    0.107843    0.350014   -1.215466   -0.994188    0.000000       -1.988148        1.000000    0.426351    0.012224    0.018508    3.314899
    0.117647    0.380295   -1.183154   -0.994264    0.000000       -1.988246        1.000000    0.504006    0.017175    0.018508    3.314899
    0.127451    0.410179   -1.150840   -0.994353    0.000000       -1.988358        1.000000    0.587764    0.023451    0.018508    3.314899
    0.137255    0.439635   -1.118523   -0.994457    0.000000       -1.988488        1.000000    0.677536    0.031248    0.018508    3.314899
    0.147059    0.468632   -1.086202   -0.994577    0.000000       -1.988639        1.000000    0.773229    0.040766    0.018508    3.314899
    0.156863    0.497139   -1.053878   -0.994717    0.000000       -1.988812        1.000000    0.874744    0.052207    0.018508    3.314899
    0.166667    0.525128   -1.021548   -0.994879    0.000000       -1.989012        1.000000    0.981974    0.065774    0.018508    3.314899
    0.176471    0.552568   -0.989212   -0.995069    0.000000       -1.989243        1.000000    1.094806    0.081670    0.018508    3.314899
    0.186275    0.579430   -0.956870   -0.995291    0.000000       -1.989511        1.000000    1.213125    0.100090    0.018508    3.314899
    0.196078    0.605687   -0.924520   -0.995550    0.000000       -1.989823        1.000000    1.336804    0.121227    0.018508    3.314899
    0.205882    0.631311   -0.892160   -0.995856    0.000000       -1.990186        1.000000    1.465716    0.145262    0.018508    3.314899
    0.215686    0.656275   -0.859790   -0.996216    0.000000       -1.990611        1.000000    1.599726    0.172369    0.018508    3.314899
    0.225490    0.680552   -0.827408   -0.996644    0.000000       -1.991111        1.000000    1.738693    0.202707    0.018508    3.314899
    0.235294    0.704116   -0.795010   -0.997153    0.000000       -1.991702        1.000000    1.882471    0.236421    0.018508    3.314899
    0.245098    0.726944   -0.762594   -0.997763    0.000000       -1.992403        1.000000    2.030911    0.273641    0.018508    3.314899
    0.254902    0.749009   -0.730156   -0.998498    0.000000       -1.993240        1.000000    2.183857    0.314477    0.018508    3.314899
    0.264706    0.770289   -0.697691   -0.999391    0.000000       -1.994248        1.000000    2.341148    0.359022    0.018508    3.314899
    0.274510    0.790759   -0.665195   -1.000481    0.000000       -1.995470        1.000000    2.502619    0.407345    0.018508    3.314899
    0.284314    0.810399   -0.632659   -1.001826    0.000000       -1.996963        1.000000    2.668100    0.459496    0.018508    3.314899
    0.294118    0.829185   -0.600075   -1.003498    0.000000       -1.998805        1.000000    2.837417    0.515500    0.018508    3.314899
    0.303922    0.847096   -0.567429   -1.005601    0.000000       -2.001102        1.000000    3.010392    0.575360    0.018508    3.314899
    0.313725    0.864112   -0.534707   -1.008274    0.000000       -2.003999        1.000000    3.186841    0.639052    0.018508    3.314899
    0.323529    0.880212   -0.501885   -1.011718    0.000000       -2.007702        1.000000    3.366578    0.706530    0.018508    3.314899
    0.333333    0.895375   -0.468936   -1.016217    0.000000       -2.012503        1.000000    3.549411    0.777720    0.018508    3.314899
    0.343137    0.909580   -0.435817   -1.022191    0.000000       -2.018833        1.000000    3.735145    0.852525    0.018508    3.314899
    0.352941    0.922806   -0.402473   -1.030270    0.000000       -2.027332        1.000000    3.923580    0.930823    0.018508    3.314899
    0.362745    0.935031   -0.368819   -1.041420    0.000000       -2.038984        1.000000    4.114510    1.012466    0.018508    3.314899
    0.372549    0.946230   -0.334733   -1.057156    0.000000       -2.055326        1.000000    4.307728    1.097283    0.018508    3.314899
    0.382353    0.956374   -0.300030   -1.079907    0.000000       -2.078813        1.000000    4.503017    1.185078    0.018508    3.314899
    0.392157    0.965427   -0.264424   -1.113589    0.000000       -2.113398        1.000000    4.700155    1.275632    0.018508    3.314899
    0.401961    0.973344   -0.227465   -1.164350    0.000000       -2.165272        1.000000    4.898909    1.368699    0.018508    3.314899
    0.411765    0.980060   -0.188467   -1.240552    0.000000       -2.242831        1.000000    5.099034    1.464008    0.018508    3.314899
    0.421569    0.985486   -0.146497   -1.346738    0.000000       -2.350597        1.000000    5.300268    1.561251    0.018508    3.314899
    0.431373    0.989505   -0.100898   -1.452215    0.000000       -2.457681        1.000000    5.502322    1.660064    0.018508    3.314899
    0.441176    0.992010   -0.053583   -1.417444    0.000000       -2.424051        1.000000    5.704888    1.760003    0.018508    3.314899
    0.450980    0.993050   -0.012359   -1.066191    0.000000       -2.073113        1.000000    5.907666    1.860546    0.018508    3.314899
    0.460784    0.992978    0.013984   -0.560624    0.000000       -1.567597        1.000000    6.110429    1.961234    0.018508    3.314899
    0.470588    0.992300    0.025837   -0.205279    0.000000       -1.212702        1.000000    6.313054    2.061820    0.018508    3.314899
    0.480392    0.991387    0.029540   -0.050956    0.000000       -1.059204        1.000000    6.515493    2.162222    0.018508    3.314899
    0.490196    0.990408    0.030574   -0.029044    0.000000       -1.038257        1.000000    6.717732    2.262425    0.018508    3.314899
    0.500000    0.989393    0.032219   -0.081033    0.000000       -1.091229        1.000000    6.919763    2.362424    0.018508    3.314899
    0.509804    0.988288    0.036269   -0.172946    0.000000       -1.184131        1.000000    7.121569    2.462201    0.018508    3.314899
    0.519608    0.986999    0.043676   -0.285008    0.000000       -1.297213        1.000000    7.323111    2.561718    0.018508    3.314899
    0.529412    0.985409    0.054867   -0.403878    0.000000       -1.417157        1.000000    7.524329    2.660906    0.018508    3.314899
    0.539216    0.983394    0.069890   -0.519362    0.000000       -1.533767        1.000000    7.725136    2.759661    0.018508    3.314899
    0.549020    0.980832    0.088505   -0.623922    0.000000       -1.639474        1.000000    7.925419    2.857842    0.018508    3.314899
    0.558824    0.977615    0.110276   -0.713115    0.000000       -1.729800        1.000000    8.125045    2.955271    0.018508    3.314899
    0.568627    0.973651    0.134674   -0.785618    0.000000       -1.803380        1.000000    8.323862    3.051740    0.018508    3.314899
    0.578431    0.968866    0.161169   -0.842470    0.000000       -1.861228        1.000000    8.521702    3.147016    0.018508    3.314899
    0.588235    0.963204    0.189288   -0.885986    0.000000       -1.905643        1.000000    8.718386    3.240852    0.018508    3.314899
    0.598039    0.956625    0.218641   -0.918834    0.000000       -1.939289        1.000000    8.913726    3.332993    0.018508    3.314899
    0.607843    0.949098    0.248922   -0.943481    0.000000       -1.964638        1.000000    9.107529    3.423186    0.018508    3.314899
    0.617647    0.940607    0.279899   -0.961974    0.000000       -1.983743        1.000000    9.299598    3.511181    0.018508    3.314899
    0.627451    0.931140    0.311399   -0.975902    0.000000       -1.998204        1.000000    9.489735    3.596740    0.018508    3.314899
    0.637255    0.920691    0.343294   -0.986461    0.000000       -2.009226        1.000000    9.677737    3.679637    0.018508    3.314899
    0.647059    0.909263    0.375490   -0.994529    0.000000       -2.017696        1.000000    9.863406    3.759666    0.018508    3.314899
    0.656863    0.896857    0.407917   -1.000747    0.000000       -2.024265        1.000000   10.046542    3.836638    0.018508    3.314899
    0.666667    0.883481    0.440522   -1.005584    0.000000       -2.029408        1.000000   10.226946    3.910384    0.018508    3.314899
    0.676471    0.869144    0.473267   -1.009380    0.000000       -2.033472        1.000000   10.404423    3.980760    0.018508    3.314899
    0.686275    0.853859    0.506121   -1.012385    0.000000       -2.036713        1.000000   10.578779    4.047646    0.018508    3.314899
    0.696078    0.837639    0.539063   -1.014785    0.000000       -2.039319        1.000000   10.749823    4.110943    0.018508    3.314899
    0.705882    0.820499    0.572075   -1.016716    0.000000       -2.041433        1.000000   10.917366    4.170581    0.018508    3.314899
    0.715686    0.802456    0.605144   -1.018282    0.000000       -2.043161        1.000000   11.081226    4.226513    0.018508    3.314899
    0.725490    0.783529    0.638258   -1.019561    0.000000       -2.044583        1.000000   11.241220    4.278718    0.018508    3.314899
    0.735294    0.763737    0.671411   -1.020613    0.000000       -2.045762        1.000000   11.397173    4.327200    0.018508    3.314899
    0.745098    0.743102    0.704594   -1.021483    0.000000       -2.046745        1.000000   11.548913    4.371986    0.018508    3.314899
    0.754902    0.721644    0.737803   -1.022206    0.000000       -2.047570        1.000000   11.696270    4.413128    0.018508    3.314899
    0.764706    0.699388    0.771034   -1.022811    0.000000       -2.048266        1.000000   11.839084    4.450700    0.018508    3.314899
    0.774510    0.676357    0.804283   -1.023320    0.000000       -2.048856        1.000000   11.977194    4.484798    0.018508    3.314899
    0.784314    0.652576    0.837547   -1.023749    0.000000       -2.049358        1.000000   12.110448    4.515535    0.018508    3.314899
    0.794118    0.628072    0.870824   -1.024113    0.000000       -2.049787        1.000000   12.238698    4.543045    0.018508    3.314899
    0.803922    0.602871    0.904112   -1.024423    0.000000       -2.050155        1.000000   12.361803    4.567477    0.018508    3.314899
    0.813725    0.577001    0.937409   -1.024687    0.000000       -2.050471        1.000000   12.479625    4.588996    0.018508    3.314899
    0.823529    0.550490    0.970714   -1.024913    0.000000       -2.050745        1.000000   12.592034    4.607776    0.018508    3.314899
    0.833333    0.523368    1.004026   -1.025106    0.000000       -2.050981        1.000000   12.698904    4.624003    0.018508    3.314899
    0.843137    0.495665    1.037344   -1.025273    0.000000       -2.051186        1.000000   12.800118    4.637872    0.018508    3.314899
    0.852941    0.467412    1.070666   -1.025416    0.000000       -2.051363        1.000000   12.895562    4.649581    0.018508    3.314899
    0.862745    0.438639    1.103993   -1.025540    0.000000       -2.051517        1.000000   12.985131    4.659333    0.018508    3.314899
    0.872549    0.409378    1.137324   -1.025646    0.000000       -2.051651        1.000000   13.068725    4.667330    0.018508    3.314899
    0.882353    0.379663    1.170658   -1.025737    0.000000       -2.051767        1.000000   13.146251    4.673773    0.018508    3.314899
    0.892157    0.349526    1.203995   -1.025816    0.000000       -2.051867        1.000000   13.217623    4.678861    0.018508    3.314899
    0.901961    0.319000    1.237334   -1.025884    0.000000       -2.051954        1.000000   13.282762    4.682782    0.018508    3.314899
    0.911765    0.288120    1.270675   -1.025941    0.000000       -2.052028        1.000000   13.341595    4.685721    0.018508    3.314899
    0.921569    0.256919    1.304018   -1.025990    0.000000       -2.052092        1.000000   13.394057    4.687849    0.018508    3.314899
    0.931373    0.225433    1.337363   -1.026031    0.000000       -2.052145        1.000000   13.440090    4.689325    0.018508    3.314899
    0.941176    0.193696    1.370708   -1.026066    0.000000       -2.052190        1.000000   13.479642    4.690295    0.018508    3.314899
    0.950980    0.161743    1.404055   -1.026093    0.000000       -2.052227        1.000000   13.512670    4.690888    0.018508    3.314899
    0.960784    0.129611    1.437402   -1.026115    0.000000       -2.052256        1.000000   13.539136    4.691216    0.018508    3.314899
    0.970588    0.097334    1.470750   -1.026132    0.000000       -2.052279        1.000000   13.559011    4.691372    0.018508    3.314899
    0.980392    0.064950    1.504099   -1.026144    0.000000       -2.052294        1.000000   13.572274    4.691431    0.018508    3.314899
    0.990196    0.032493    1.537447   -1.026151    0.000000       -2.052303        1.000000   13.578909    4.691444    0.018508    3.314899
    1.000000    0.000000    1.570796   -1.026153    0.000000       -2.052306        1.000000   13.578909    4.691445    0.018508    3.314899
