           t           r         psi          cs          qs               p             sig           A           V          Q2           S
    0.000000    0.000000   -1.570796   -0.986067    0.000000       -1.972134        1.000000    0.000000    0.000000    0.157597    3.449093
    0.009804    0.033808   -1.537452   -0.986144    0.000000       -1.972237        1.000000    0.000000    0.000001    0.157597    3.449093
    0.019608    0.067579   -1.504102   -0.986377    0.000000       -1.972547        1.000000    0.014358    0.000016    0.157597    3.449093
    0.029412    0.101275   -1.470742   -0.986770    0.000000       -1.973070        1.000000    0.035875    0.000082    0.157597    3.449093
    0.039216    0.134858   -1.437366   -0.987332    0.000000       -1.973815        1.000000    0.064528    0.000258    0.157597    3.449093
    0.049020    0.168290   -1.403968   -0.988073    0.000000       -1.974796        1.000000    0.100283    0.000627    0.157597    3.449093
    0.058824    0.201536   -1.370541   -0.989009    0.000000       -1.976028        1.000000    0.143102    0.001296    0.157597    3.449093
    0.068627    0.234556   -1.337079   -0.990157    0.000000       -1.977535        1.000000    0.192937    0.002389    0.157597    3.449093
    0.078431    0.267314   -1.303575   -0.991540    0.000000       -1.979340        1.000000    0.249731    0.004055    0.157597    3.449093
    0.088235    0.299772   -1.270019   -0.993186    0.000000       -1.981477        1.000000    0.313422    0.006456    0.157597    3.449093
    0.098039    0.331895   -1.236403   -0.995126    0.000000       -1.983982        1.000000    0.383938    0.009774    0.157597    3.449093
    0.107843    0.363643   -1.202716   -0.997400    0.000000       -1.986900        1.000000    0.461199    0.014204    0.157597    3.449093
    0.117647    0.394982   -1.168945   -1.000053    0.000000       -1.990283        1.000000    0.545118    0.019955    0.157597    3.449093
    0.127451    0.425873   -1.135078   -1.003142    0.000000       -1.994193        1.000000    0.635600    0.027243    0.157597    3.449093
    0.137255    0.456280   -1.101098   -1.006730    0.000000       -1.998703        1.000000    0.732543    0.036295    0.157597    3.449093
    0.147059    0.486166   -1.066987   -1.010897    0.000000       -2.003902        1.000000    0.835836    0.047341    0.157597    3.449093
    0.156863    0.515494   -1.032724   -1.015734    0.000000       -2.009890        1.000000    0.945359    0.060616    0.157597    3.449093
    0.166667    0.544227   -0.998285   -1.021352    0.000000       -2.016792        1.000000    1.060988    0.076353    0.157597    3.449093
    0.176471    0.572327   -0.963641   -1.027883    0.000000       -2.024750        1.000000    1.182586    0.094783    0.157597    3.449093
    0.186275    0.599756   -0.928758   -1.035484    0.000000       -2.033939        1.000000    1.310013    0.116133    0.157597    3.449093
    0.196078    0.626476   -0.893597   -1.044345    0.000000       -2.044562        1.000000    1.443116    0.140620    0.157597    3.449093
    0.205882    0.652448   -0.858113   -1.054690    0.000000       -2.056863        1.000000    1.581738    0.168451    0.157597    3.449093
    0.215686    0.677632   -0.822250   -1.066788    0.000000       -2.071131        1.000000    1.725710    0.199819    0.157597    3.449093
    0.225490    0.701985   -0.785943   -1.080958    0.000000       -2.087705        1.000000    1.874856    0.234904    0.157597    3.449093
    0.235294    0.725464   -0.749118   -1.097574    0.000000       -2.106983        1.000000    2.028991    0.273861    0.157597    3.449093
    0.245098    0.748024   -0.711683   -1.117073    0.000000       -2.129425        1.000000    2.187919    0.316829    0.157597    3.449093
    0.254902    0.769617   -0.673533   -1.139945    0.000000       -2.155545        1.000000    2.351435    0.363919    0.157597    3.449093
    0.264706    0.790190   -0.634545   -1.166727    0.000000       -2.185901        1.000000    2.519321    0.415215    0.157597    3.449093
    0.274510    0.809689   -0.594578   -1.197957    0.000000       -2.221048        1.000000    2.691351    0.470770    0.157597    3.449093
    0.284314    0.828052   -0.553473   -1.234097    0.000000       -2.261452        1.000000    2.867282    0.530601    0.157597    3.449093
    0.294118    0.845215   -0.511059   -1.275372    0.000000       -2.307331        1.000000    3.046859    0.594686    0.157597    3.449093
    0.303922    0.861105   -0.467165   -1.321502    0.000000       -2.358366        1.000000    3.229813    0.662958    0.157597    3.449093
    0.313725    0.875646   -0.421645   -1.371250    0.000000       -2.413243        1.000000    3.415856    0.735298    0.157597    3.449093
    0.323529    0.888756   -0.374419   -1.421765    0.000000       -2.468982        1.000000    3.604684    0.811528    0.157597    3.449093
    0.333333    0.900353   -0.325542   -1.467760    0.000000       -2.520099        1.000000    3.795976    0.891400    0.157597    3.449093
    0.343137    0.910362   -0.275300   -1.500793    0.000000       -2.557894        1.000000    3.989395    0.974592    0.157597    3.449093
    0.352941    0.918721   -0.224320   -1.509303    0.000000       -2.570502        1.000000    4.184590    1.060703    0.157597    3.449093
    0.362745    0.925402   -0.173650   -1.480343    0.000000       -2.544702        1.000000    4.381204    1.149259    0.157597    3.449093
    0.372549    0.930421   -0.124747   -1.403588    0.000000       -2.470019        1.000000    4.578885    1.239732    0.157597    3.449093
    0.382353    0.933852   -0.079299   -1.276493    0.000000       -2.343961        1.000000    4.777294    1.331576    0.157597    3.449093
    0.392157    0.935833   -0.038896   -1.107436    0.000000       -2.175195        1.000000    4.976125    1.424272    0.157597    3.449093
    0.401961    0.936551   -0.004680   -0.913985    0.000000       -1.981721        1.000000    5.175108    1.517373    0.157597    3.449093
    0.411765    0.936225    0.022877   -0.716920    0.000000       -1.784760        1.000000    5.374022    1.610528    0.157597    3.449093
    0.421569    0.935078    0.043966   -0.533913    0.000000       -1.602309        1.000000    5.572692    1.703484    0.157597    3.449093
    0.431373    0.933318    0.059272   -0.376175    0.000000       -1.445739        1.000000    5.770988    1.796077    0.157597    3.449093
    0.441176    0.931126    0.069747   -0.248439    0.000000       -1.319796        1.000000    5.968818    1.888208    0.157597    3.449093
    0.450980    0.928648    0.076414   -0.150756    0.000000       -1.224449        1.000000    6.166122    1.979822    0.157597    3.449093
    0.460784    0.925995    0.080252   -0.080549    0.000000       -1.156993        1.000000    6.362862    2.070894    0.157597    3.449093
    0.470588    0.923248    0.082130   -0.034165    0.000000       -1.113647        1.000000    6.559019    2.161415    0.157597    3.449093
    0.480392    0.920460    0.082788   -0.007817    0.000000       -1.090509        1.000000    6.754583    2.251386    0.157597    3.449093
    0.490196    0.917662    0.082845    0.001957    0.000000       -1.084031        1.000000    6.949553    2.340810    0.157597    3.449093
    0.500000    0.914865    0.082809   -0.001875    0.000000       -1.091186        1.000000    7.143929    2.429690    0.157597    3.449093
    0.509804    0.912065    0.083098   -0.016857    0.000000       -1.109488        1.000000    7.337709    2.518027    0.157597    3.449093
    0.519608    0.909244    0.084052   -0.040991    0.000000       -1.136923        1.000000    7.530891    2.605818    0.157597    3.449093
    0.529412    0.906376    0.085955   -0.072656    0.000000       -1.171877        1.000000    7.723463    2.693051    0.157597    3.449093
    0.539216    0.903425    0.089036   -0.110527    0.000000       -1.213041        1.000000    7.915408    2.779708    0.157597    3.449093
    0.549020    0.900347    0.093487   -0.153506    0.000000       -1.259339        1.000000    8.106699    2.865761    0.157597    3.449093
    0.558824    0.897095    0.099464   -0.200656    0.000000       -1.309856        1.000000    8.297299    2.951170    0.157597    3.449093
    0.568627    0.893613    0.107095   -0.251150    0.000000       -1.363791        1.000000    8.487159    3.035883    0.157597    3.449093
    0.578431    0.889846    0.116479   -0.304233    0.000000       -1.420408        1.000000    8.676219    3.119835    0.157597    3.449093
    0.588235    0.885733    0.127691   -0.359190    0.000000       -1.479006        1.000000    8.864405    3.202948    0.157597    3.449093
    0.598039    0.881213    0.140784   -0.415331    0.000000       -1.538903        1.000000    9.051631    3.285127    0.157597    3.449093
    0.607843    0.876223    0.155785   -0.471980    0.000000       -1.599422        1.000000    9.237797    3.366263    0.157597    3.449093
    0.617647    0.870699    0.172702   -0.528480    0.000000       -1.659898        1.000000    9.422788    3.446230    0.157597    3.449093
    0.627451    0.864581    0.191517   -0.584201    0.000000       -1.719684        1.000000    9.606480    3.524890    0.157597    3.449093
    0.637255    0.857806    0.212195   -0.638552    0.000000       -1.778169        1.000000    9.788733    3.602090    0.157597    3.449093
    0.647059    0.850319    0.234681   -0.691002    0.000000       -1.834795        1.000000    9.969395    3.677664    0.157597    3.449093
    0.656863    0.842063    0.258901   -0.741095    0.000000       -1.889076        1.000000   10.148302    3.751439    0.157597    3.449093
    0.666667    0.832988    0.284770   -0.788461    0.000000       -1.940610        1.000000   10.325282    3.823234    0.157597    3.449093
    0.676471    0.823049    0.312190   -0.832826    0.000000       -1.989093        1.000000   10.500150    3.892862    0.157597    3.449093
    0.686275    0.812203    0.341057   -0.874013    0.000000       -2.034315        1.000000   10.672714    3.960140    0.157597    3.449093
    0.696078    0.800417    0.371262   -0.911934    0.000000       -2.076165        1.000000   10.842773    4.024887    0.157597    3.449093
    0.705882    0.787659    0.402694   -0.946587    0.000000       -2.114616        1.000000   11.010122    4.086929    0.157597    3.449093
    0.715686    0.773906    0.435243   -0.978041    0.000000       -2.149717        1.000000   11.174549    4.146106    0.157597    3.449093
    0.725490    0.759139    0.468803   -1.006418    0.000000       -2.181577        1.000000   11.335839    4.202271    0.157597    3.449093
    0.735294    0.743347    0.503273   -1.031884    0.000000       -2.210350        1.000000   11.493773    4.255298    0.157597    3.449093
    0.745098    0.726521    0.538558   -1.054633    0.000000       -2.236222        1.000000   11.648132    4.305083    0.157597    3.449093
    0.754902    0.708660    0.574569   -1.074874    0.000000       -2.259400        1.000000   11.798696    4.351547    0.157597    3.449093
    0.764706    0.689768    0.611225   -1.092824    0.000000       -2.280100        1.000000   11.945247    4.394636    0.157597    3.449093
    0.774510    0.669853    0.648453   -1.108696    0.000000       -2.298538        1.000000   12.087566    4.434327    0.157597    3.449093
    0.784314    0.648928    0.686184   -1.122698    0.000000       -2.314925        1.000000   12.225440    4.470625    0.157597    3.449093
    0.794118    0.627010    0.724361   -1.135026    0.000000       -2.329461        1.000000   12.358657    4.503564    0.157597    3.449093
    0.803922    0.604121    0.762929   -1.145861    0.000000       -2.342336        1.000000   12.487011    4.533207    0.157597    3.449093
    0.813725    0.580284    0.801840   -1.155370    0.000000       -2.353723        1.000000   12.610300    4.559647    0.157597    3.449093
    0.823529    0.555530    0.841052   -1.163704    0.000000       -2.363782        1.000000   12.728330    4.583001    0.157597    3.449093
    0.833333    0.529888    0.880528   -1.171001    0.000000       -2.372657        1.000000   12.840912    4.603412    0.157597    3.449093
    0.843137    0.503395    0.920236   -1.177380    0.000000       -2.380477        1.000000   12.947865    4.621045    0.157597    3.449093
    0.852941    0.476086    0.960145   -1.182950    0.000000       -2.387358        1.000000   13.049016    4.636083    0.157597    3.449093
    0.862745    0.448001    1.000230   -1.187806    0.000000       -2.393403        1.000000   13.144200    4.648727    0.157597    3.449093
    0.872549    0.419183    1.040468   -1.192032    0.000000       -2.398703        1.000000   13.233261    4.659187    0.157597    3.449093
    0.882353    0.389676    1.080840   -1.195701    0.000000       -2.403337        1.000000   13.316053    4.667685    0.157597    3.449093
    0.892157    0.359526    1.121327   -1.198876    0.000000       -2.407376        1.000000   13.392439    4.674444    0.157597    3.449093
    0.901961    0.328780    1.161914   -1.201613    0.000000       -2.410882        1.000000   13.462293    4.679692    0.157597    3.449093
    0.911765    0.297489    1.202587   -1.203960    0.000000       -2.413907        1.000000   13.525499    4.683649    0.157597    3.449093
    0.921569    0.265701    1.243333   -1.205958    0.000000       -2.416499        1.000000   13.581951    4.686530    0.157597    3.449093
    0.931373    0.233471    1.284141   -1.207644    0.000000       -2.418698        1.000000   13.631555    4.688539    0.157597    3.449093
    0.941176    0.200849    1.325002   -1.209047    0.000000       -2.420537        1.000000   13.674228    4.689864    0.157597    3.449093
    0.950980    0.167892    1.365905   -1.210193    0.000000       -2.422045        1.000000   13.709899    4.690678    0.157597    3.449093
    0.960784    0.134653    1.406844   -1.211102    0.000000       -2.423247        1.000000   13.738508    4.691129    0.157597    3.449093
    0.970588    0.101188    1.447809   -1.211791    0.000000       -2.424161        1.000000   13.760006    4.691345    0.157597    3.449093
    0.980392    0.067554    1.488794   -1.212275    0.000000       -2.424804        1.000000   13.774359    4.691425    0.157597    3.449093
    0.990196    0.033805    1.529792   -1.212561    0.000000       -2.425185        1.000000   13.781542    4.691444    0.157597    3.449093
    1.000000    0.000000    1.570796   -1.212656    0.000000       -2.425311        1.000000   13.781542    4.691445    0.157597    3.449093
