           t           r         psi          cs          qs               p             sig           A           V          Q2           S
    0.000000    0.000000   -1.570796   -0.998386    0.000000       -1.996771        1.000000    0.000000    0.000000    0.005109    5.248216
    0.009804    0.051430   -1.519426   -0.998386    0.000000       -1.996772        1.000000    0.000000    0.000005    0.005109    5.248216
    0.019608    0.102725   -1.468056   -0.998388    0.000000       -1.996775        1.000000    0.033210    0.000088    0.005109    5.248216
    0.029412    0.153749   -1.416686   -0.998392    0.000000       -1.996779        1.000000    0.082915    0.000442    0.005109    5.248216
    0.039216    0.204367   -1.365315   -0.998397    0.000000       -1.996786        1.000000    0.148985    0.001387    0.005109    5.248216
    0.049020    0.254446   -1.313945   -0.998404    0.000000       -1.996796        1.000000    0.231245    0.003360    0.005109    5.248216
    0.058824    0.303854   -1.262573   -0.998414    0.000000       -1.996808        1.000000    0.329478    0.006901    0.005109    5.248216
    0.068627    0.352460   -1.211202   -0.998426    0.000000       -1.996823        1.000000    0.443424    0.012639    0.005109    5.248216
    0.078431    0.400136   -1.159829   -0.998441    0.000000       -1.996843        1.000000    0.572784    0.021278    0.005109    5.248216
    0.088235    0.446756   -1.108456   -0.998461    0.000000       -1.996868        1.000000    0.717215    0.033577    0.005109    5.248216
    0.098039    0.492197   -1.057081   -0.998486    0.000000       -1.996899        1.000000    0.876337    0.050327    0.005109    5.248216
    0.107843    0.536340   -1.005705   -0.998517    0.000000       -1.996938        1.000000    1.049730    0.072332    0.005109    5.248216
    0.117647    0.579067   -0.954327   -0.998558    0.000000       -1.996987        1.000000    1.236937    0.100387    0.005109    5.248216
    0.127451    0.620267   -0.902947   -0.998610    0.000000       -1.997049        1.000000    1.437462    0.135254    0.005109    5.248216
    0.137255    0.659829   -0.851564   -0.998678    0.000000       -1.997129        1.000000    1.650778    0.177640    0.005109    5.248216
    0.147059    0.697650   -0.800177   -0.998767    0.000000       -1.997233        1.000000    1.876321    0.228179    0.005109    5.248216
    0.156863    0.733630   -0.748784   -0.998885    0.000000       -1.997369        1.000000    2.113496    0.287409    0.005109    5.248216
    0.166667    0.767673   -0.697385   -0.999045    0.000000       -1.997550        1.000000    2.361676    0.355758    0.005109    5.248216
    0.176471    0.799688   -0.645975   -0.999265    0.000000       -1.997796        1.000000    2.620207    0.433526    0.005109    5.248216
    0.186275    0.829592   -0.594552   -0.999575    0.000000       -1.998137        1.000000    2.888405    0.520876    0.005109    5.248216
    0.196078    0.857304   -0.543110   -1.000023    0.000000       -1.998624        1.000000    3.165563    0.617820    0.005109    5.248216
    0.205882    0.882750   -0.491640   -1.000690    0.000000       -1.999341        1.000000    3.450946    0.724221    0.005109    5.248216
    0.215686    0.905861   -0.440127   -1.001724    0.000000       -2.000439        1.000000    3.743802    0.839781    0.005109    5.248216
    0.225490    0.926574   -0.388546   -1.003405    0.000000       -2.002204        1.000000    4.043353    0.964049    0.005109    5.248216
    0.235294    0.944828   -0.336850   -1.006310    0.000000       -2.005223        1.000000    4.348806    1.096423    0.005109    5.248216
    0.245098    0.960567   -0.284948   -1.011749    0.000000       -2.010821        1.000000    4.659347    1.236158    0.005109    5.248216
    0.254902    0.973736   -0.232636   -1.023090    0.000000       -2.022398        1.000000    4.974146    1.382377    0.005109    5.248216
    0.264706    0.984266   -0.179401   -1.050572    0.000000       -2.050252        1.000000    5.292348    1.534080    0.005109    5.248216
    0.274510    0.992049   -0.123657   -1.131713    0.000000       -2.132031        1.000000    5.613067    1.690159    0.005109    5.248216
    0.284314    0.996822   -0.060108   -1.366067    0.000000       -2.367444        1.000000    5.935329    1.849381    0.005109    5.248216
    0.294118    0.998160    0.002246   -0.691510    0.000000       -1.693350        1.000000    6.258024    2.010222    0.005109    5.248216
    0.303922    0.997651    0.010676    0.126204    0.000000       -0.876094        1.000000    6.580553    2.171192    0.005109    5.248216
    0.313725    0.997307    0.002678    0.137220    0.000000       -0.865477        1.000000    6.902972    2.332007    0.005109    5.248216
    0.323529    0.997306   -0.001757    0.035459    0.000000       -0.967240        1.000000    7.225391    2.492776    0.005109    5.248216
    0.333333    0.997410   -0.001762   -0.023845    0.000000       -1.026440        1.000000    7.547843    2.653567    0.005109    5.248216
    0.343137    0.997464   -0.000373   -0.023052    0.000000       -1.025594        1.000000    7.870312    2.814386    0.005109    5.248216
    0.352941    0.997461    0.000314   -0.004114    0.000000       -1.006659        1.000000    8.192781    2.975213    0.005109    5.248216
    0.362745    0.997445    0.000249    0.004404    0.000000       -0.998158        1.000000    8.515244    3.136035    0.005109    5.248216
    0.372549    0.997438    0.000030    0.003205    0.000000       -0.999363        1.000000    8.837705    3.296854    0.005109    5.248216
    0.382353    0.997440   -0.000055    0.000294    0.000000       -1.002273        1.000000    9.160167    3.457671    0.005109    5.248216
    0.392157    0.997442   -0.000035   -0.000759    0.000000       -1.003323        1.000000    9.482630    3.618490    0.005109    5.248216
    0.401961    0.997443   -0.000001   -0.000443    0.000000       -1.003006        1.000000    9.805092    3.779309    0.005109    5.248216
    0.411765    0.997443    0.000009    0.000002    0.000000       -1.002562        1.000000   10.127555    3.940128    0.005109    5.248216
    0.421569    0.997442    0.000005    0.000125    0.000000       -1.002440        1.000000   10.450017    4.100947    0.005109    5.248216
    0.431373    0.997442   -0.000000    0.000059    0.000000       -1.002506        1.000000   10.772480    4.261766    0.005109    5.248216
    0.441176    0.997442   -0.000001   -0.000007    0.000000       -1.002571        1.000000   11.094942    4.422584    0.005109    5.248216
    0.450980    0.997442   -0.000001   -0.000020    0.000000       -1.002584        1.000000   11.417405    4.583403    0.005109    5.248216
    0.460784    0.997442    0.000000   -0.000007    0.000000       -1.002572        1.000000   11.739867    4.744222    0.005109    5.248216
    0.470588    0.997442    0.000000    0.000002    0.000000       -1.002562        1.000000   12.062330    4.905041    0.005109    5.248216
    0.480392    0.997442    0.000000    0.000003    0.000000       -1.002561        1.000000   12.384792    5.065860    0.005109    5.248216
    0.490196    0.997442   -0.000000    0.000001    0.000000       -1.002563        1.000000   12.707255    5.226679    0.005109    5.248216
    0.500000    0.997442   -0.000000   -0.000000    0.000000       -1.002565        1.000000   13.029717    5.387498    0.005109    5.248216
    0.509804    0.997442   -0.000000   -0.000000    0.000000       -1.002565        1.000000   13.352180    5.548316    0.005109    5.248216
    0.519608    0.997442    0.000000   -0.000000    0.000000       -1.002564        1.000000   13.674642    5.709135    0.005109    5.248216
    0.529412    0.997442    0.000000    0.000000    0.000000       -1.002564        1.000000   13.997105    5.869954    0.005109    5.248216
    0.539216    0.997442    0.000000    0.000000    0.000000       -1.002564        1.000000   14.319567    6.030773    0.005109    5.248216
    0.549020    0.997442   -0.000000    0.000000    0.000000       -1.002564        1.000000   14.642030    6.191592    0.005109    5.248216
    0.558824    0.997442   -0.000000   -0.000000    0.000000       -1.002564        1.000000   14.964492    6.352411    0.005109    5.248216
    0.568627    0.997442    0.000000   -0.000000    0.000000       -1.002564        1.000000   15.286955    6.513230    0.005109    5.248216
    0.578431    0.997442    0.000000   -0.000000    0.000000       -1.002564        1.000000   15.609417    6.674049    0.005109    5.248216
    0.588235    0.997442    0.000000   -0.000000    0.000000       -1.002565        1.000000   15.931880    6.834867    0.005109    5.248216
    0.598039    0.997442    0.000000   -0.000002    0.000000       -1.002566        1.000000   16.254342    6.995686    0.005109    5.248216
    0.607843    0.997442    0.000000   -0.000006    0.000000       -1.002570        1.000000   16.576805    7.156505    0.005109    5.248216
    0.617647    0.997442    0.000001   -0.000021    0.000000       -1.002585        1.000000   16.899267    7.317324    0.005109    5.248216
    0.627451    0.997442    0.000003   -0.000074    0.000000       -1.002638        1.000000   17.221730    7.478143    0.005109    5.248216
    0.637255    0.997442    0.000011   -0.000264    0.000000       -1.002829        1.000000   17.544192    7.638962    0.005109    5.248216
    0.647059    0.997441    0.000038   -0.000945    0.000000       -1.003511        1.000000   17.866654    7.799780    0.005109    5.248216
    0.656863    0.997437    0.000136   -0.003373    0.000000       -1.005942        1.000000   18.189115    7.960598    0.005109    5.248216
    0.666667    0.997423    0.000486   -0.011956    0.000000       -1.014540        1.000000   18.511571    8.121413    0.005109    5.248216
    0.676471    0.997373    0.001709   -0.041393    0.000000       -1.044026        1.000000   18.834011    8.282219    0.005109    5.248216
    0.686275    0.997200    0.005784   -0.132700    0.000000       -1.135491        1.000000   19.156395    8.442992    0.005109    5.248216
    0.696078    0.996647    0.017527   -0.346352    0.000000       -1.349562        1.000000   19.478600    8.603650    0.005109    5.248216
    0.705882    0.995160    0.042791   -0.633351    0.000000       -1.637295        1.000000   19.800325    8.763937    0.005109    5.248216
    0.715686    0.992019    0.081105   -0.834700    0.000000       -1.839432        1.000000   20.121034    8.923261    0.005109    5.248216
    0.725490    0.986700    0.126815   -0.928802    0.000000       -1.934142        1.000000   20.440024    9.080686    0.005109    5.248216
    0.735294    0.978955    0.175772   -0.968637    0.000000       -1.974395        1.000000   20.756510    9.235099    0.005109    5.248216
    0.745098    0.968690    0.226125   -0.986371    0.000000       -1.992413        1.000000   21.069677    9.385363    0.005109    5.248216
    0.754902    0.955882    0.277123   -0.994982    0.000000       -2.001222        1.000000   21.378703    9.530387    0.005109    5.248216
    0.764706    0.940543    0.328447   -0.999527    0.000000       -2.005909        1.000000   21.682771    9.669168    0.005109    5.248216
    0.774510    0.922699    0.379948   -1.002103    0.000000       -2.008590        1.000000   21.981070    9.800810    0.005109    5.248216
    0.784314    0.902393    0.431552   -1.003652    0.000000       -2.010218        1.000000   22.272804    9.924546    0.005109    5.248216
    0.794118    0.879674    0.483220   -1.004630    0.000000       -2.011257        1.000000   22.557193   10.039748    0.005109    5.248216
    0.803922    0.854600    0.534929   -1.005272    0.000000       -2.011947        1.000000   22.833476   10.145938    0.005109    5.248216
    0.813725    0.827237    0.586665   -1.005708    0.000000       -2.012422        1.000000   23.100913   10.242794    0.005109    5.248216
    0.823529    0.797658    0.638420   -1.006012    0.000000       -2.012758        1.000000   23.358788   10.330151    0.005109    5.248216
    0.833333    0.765940    0.690189   -1.006230    0.000000       -2.013001        1.000000   23.606408   10.407998    0.005109    5.248216
    0.843137    0.732168    0.741966   -1.006389    0.000000       -2.013181        1.000000   23.843110   10.476475    0.005109    5.248216
    0.852941    0.696433    0.793751   -1.006507    0.000000       -2.013317        1.000000   24.068259   10.535865    0.005109    5.248216
    0.862745    0.658830    0.845542   -1.006596    0.000000       -2.013420        1.000000   24.281252   10.586578    0.005109    5.248216
    0.872549    0.619460    0.897336   -1.006664    0.000000       -2.013500        1.000000   24.481517   10.629139    0.005109    5.248216
    0.882353    0.578427    0.949134   -1.006717    0.000000       -2.013563        1.000000   24.668516   10.664173    0.005109    5.248216
    0.892157    0.535843    1.000933   -1.006757    0.000000       -2.013613        1.000000   24.841749   10.692378    0.005109    5.248216
    0.901961    0.491822    1.052735   -1.006789    0.000000       -2.013652        1.000000   25.000750   10.714513    0.005109    5.248216
    0.911765    0.446480    1.104538   -1.006814    0.000000       -2.013683        1.000000   25.145092   10.731370    0.005109    5.248216
    0.921569    0.399941    1.156342   -1.006834    0.000000       -2.013708        1.000000   25.274389   10.743753    0.005109    5.248216
    0.931373    0.352329    1.208147   -1.006850    0.000000       -2.013728        1.000000   25.388293   10.752454    0.005109    5.248216
    0.941176    0.303771    1.259953   -1.006862    0.000000       -2.013743        1.000000   25.486499   10.758235    0.005109    5.248216
    0.950980    0.254398    1.311760   -1.006871    0.000000       -2.013756        1.000000   25.568743   10.761803    0.005109    5.248216
    0.960784    0.204342    1.363567   -1.006879    0.000000       -2.013765        1.000000   25.634805   10.763792    0.005109    5.248216
    0.970588    0.153739    1.415374   -1.006884    0.000000       -2.013772        1.000000   25.684507   10.764745    0.005109    5.248216
    0.980392    0.102722    1.467181   -1.006887    0.000000       -2.013777        1.000000   25.717716   10.765102    0.005109    5.248216
    0.990196    0.051430    1.518989   -1.006889    0.000000       -2.013779        1.000000   25.734343   10.765185    0.005109    5.248216
    1.000000    0.000000    1.570796   -1.006890    0.000000       -2.013780        1.000000   25.734343   10.765191    0.005109    5.248216
