           t           r         psi          cs          qs               p             sig           A           V          Q2           S
    0.000000    0.000000   -1.570796   -2.408164    0.000000       -4.816328        1.000000    0.000000   -0.000000    0.922745   39.675205
    0.009804    0.304383   -0.299276   -3.581259    0.000000       -6.720560        1.000000    0.000000    0.034993    0.922745   39.675205
    0.019608    0.279929    0.126914    0.659832    0.000000       -2.883774        1.000000    0.684142    0.147508    0.922745   39.675205
    0.029412    0.274084   -0.039339   -0.046757    0.000000       -3.692451        1.000000    1.354000    0.237350    0.922745   39.675205
    0.039216    0.279582    0.007421   -0.038717    0.000000       -3.615382        1.000000    2.037296    0.332144    0.922745   39.675205
    0.049020    0.277489   -0.000176    0.022732    0.000000       -3.581017        1.000000    2.715475    0.426731    0.922745   39.675205
    0.058824    0.278026   -0.000570   -0.007622    0.000000       -3.604413        1.000000    3.394966    0.521010    0.922745   39.675205
    0.068627    0.277950    0.000292    0.001694    0.000000       -3.596075        1.000000    4.074272    0.615460    0.922745   39.675205
    0.078431    0.277939   -0.000091   -0.000151    0.000000       -3.598057        1.000000    4.753552    0.709854    0.922745   39.675205
    0.088235    0.277951    0.000019   -0.000076    0.000000       -3.597830        1.000000    5.432861    0.804260    0.922745   39.675205
    0.098039    0.277946   -0.000001    0.000050    0.000000       -3.597765        1.000000    6.112159    0.898665    0.922745   39.675205
    0.107843    0.277948   -0.000001   -0.000018    0.000000       -3.597816        1.000000    6.791460    0.993070    0.922745   39.675205
    0.117647    0.277948    0.000001    0.000004    0.000000       -3.597797        1.000000    7.470760    1.087475    0.922745   39.675205
    0.127451    0.277948   -0.000000   -0.000000    0.000000       -3.597802        1.000000    8.150060    1.181880    0.922745   39.675205
    0.137255    0.277948    0.000000   -0.000000    0.000000       -3.597801        1.000000    8.829360    1.276285    0.922745   39.675205
    0.147059    0.277948   -0.000000    0.000000    0.000000       -3.597801        1.000000    9.508660    1.370690    0.922745   39.675205
    0.156863    0.277948   -0.000000   -0.000000    0.000000       -3.597801        1.000000   10.187960    1.465095    0.922745   39.675205
    0.166667    0.277948    0.000000    0.000000    0.000000       -3.597801        1.000000   10.867260    1.559500    0.922745   39.675205
    0.176471    0.277948   -0.000000   -0.000000    0.000000       -3.597801        1.000000   11.546560    1.653904    0.922745   39.675205
    0.186275    0.277948    0.000000   -0.000000    0.000000       -3.597801        1.000000   12.225861    1.748309    0.922745   39.675205
    0.196078    0.277948   -0.000000    0.000000    0.000000       -3.597801        1.000000   12.905161    1.842714    0.922745   39.675205
    0.205882    0.277948   -0.000000   -0.000000    0.000000       -3.597801        1.000000   13.584461    1.937119    0.922745   39.675205
    0.215686    0.277948    0.000000    0.000000    0.000000       -3.597801        1.000000   14.263761    2.031524    0.922745   39.675205
    0.225490    0.277948   -0.000000   -0.000000    0.000000       -3.597801        1.000000   14.943061    2.125929    0.922745   39.675205
    0.235294    0.277948    0.000000   -0.000000    0.000000       -3.597801        1.000000   15.622361    2.220334    0.922745   39.675205
    0.245098    0.277948   -0.000000    0.000000    0.000000       -3.597801        1.000000   16.301661    2.314739    0.922745   39.675205
    0.254902    0.277948   -0.000000   -0.000000    0.000000       -3.597801        1.000000   16.980961    2.409144    0.922745   39.675205
    0.264706    0.277948    0.000000    0.000000    0.000000       -3.597801        1.000000   17.660261    2.503548    0.922745   39.675205
    0.274510    0.277948   -0.000000    0.000000    0.000000       -3.597801        1.000000   18.339562    2.597953    0.922745   39.675205
    0.284314    0.277948   -0.000000   -0.000000    0.000000       -3.597801        1.000000   19.018862    2.692358    0.922745   39.675205
    0.294118    0.277948   -0.000000    0.000000    0.000000       -3.597801        1.000000   19.698162    2.786763    0.922745   39.675205
    0.303922    0.277948   -0.000000    0.000000    0.000000       -3.597801        1.000000   20.377462    2.881168    0.922745   39.675205
    0.313725    0.277948   -0.000000    0.000000    0.000000       -3.597801        1.000000   21.056762    2.975573    0.922745   39.675205
    0.323529    0.277948   -0.000000    0.000000    0.000000       -3.597801        1.000000   21.736062    3.069978    0.922745   39.675205
    0.333333    0.277948   -0.000000    0.000000    0.000000       -3.597801        1.000000   22.415362    3.164383    0.922745   39.675205
    0.343137    0.277948   -0.000000    0.000000    0.000000       -3.597801        1.000000   23.094662    3.258788    0.922745   39.675205
    0.352941    0.277948   -0.000000    0.000000    0.000000       -3.597801        1.000000   23.773963    3.353193    0.922745   39.675205
    0.362745    0.277948   -0.000000   -0.000000    0.000000       -3.597801        1.000000   24.453263    3.447597    0.922745   39.675205
    0.372549    0.277948   -0.000000    0.000000    0.000000       -3.597801        1.000000   25.132563    3.542002    0.922745   39.675205
    0.382353    0.277948   -0.000000    0.000000    0.000000       -3.597801        1.000000   25.811863    3.636407    0.922745   39.675205
    0.392157    0.277948   -0.000000   -0.000000    0.000000       -3.597801        1.000000   26.491163    3.730812    0.922745   39.675205
    0.401961    0.277948   -0.000000    0.000000    0.000000       -3.597801        1.000000   27.170463    3.825217    0.922745   39.675205
    0.411765    0.277948   -0.000000   -0.000000    0.000000       -3.597801        1.000000   27.849763    3.919622    0.922745   39.675205
    0.421569    0.277948   -0.000000    0.000000    0.000000       -3.597801        1.000000   28.529063    4.014027    0.922745   39.675205
    0.431373    0.277948   -0.000000    0.000000    0.000000       -3.597801        1.000000   29.208364    4.108432    0.922745   39.675205
    0.441176    0.277948   -0.000000   -0.000000    0.000000       -3.597801        1.000000   29.887664    4.202837    0.922745   39.675205
    0.450980    0.277948   -0.000000    0.000000    0.000000       -3.597801        1.000000   30.566964    4.297241    0.922745   39.675205
    0.460784    0.277948   -0.000000   -0.000000    0.000000       -3.597801        1.000000   31.246264    4.391646    0.922745   39.675205
    0.470588    0.277948   -0.000000    0.000000    0.000000       -3.597801        1.000000   31.925564    4.486051    0.922745   39.675205
    0.480392    0.277948   -0.000000   -0.000000    0.000000       -3.597801        1.000000   32.604864    4.580456    0.922745   39.675205
    0.490196    0.277948   -0.000000   -0.000000    0.000000       -3.597801        1.000000   33.284164    4.674861    0.922745   39.675205
    0.500000    0.277948   -0.000000    0.000000    0.000000       -3.597801        1.000000   33.963464    4.769266    0.922745   39.675205
    0.509804    0.277948    0.000000   -0.000000    0.000000       -3.597801        1.000000   34.642765    4.863671    0.922745   39.675205
    0.519608    0.277948    0.000000    0.000000    0.000000       -3.597801        1.000000   35.322065    4.958076    0.922745   39.675205
    0.529412    0.277948    0.000000   -0.000000    0.000000       -3.597801        1.000000   36.001365    5.052481    0.922745   39.675205
    0.539216    0.277948    0.000000    0.000000    0.000000       -3.597801        1.000000   36.680665    5.146886    0.922745   39.675205
    0.549020    0.277948   -0.000000   -0.000000    0.000000       -3.597801        1.000000   37.359965    5.241290    0.922745   39.675205
    0.558824    0.277948    0.000000    0.000000    0.000000       -3.597801        1.000000   38.039265    5.335695    0.922745   39.675205
    0.568627    0.277948    0.000000    0.000000    0.000000       -3.597801        1.000000   38.718565    5.430100    0.922745   39.675205
    0.578431    0.277948    0.000000    0.000000    0.000000       -3.597801        1.000000   39.397865    5.524505    0.922745   39.675205
    0.588235    0.277948    0.000000   -0.000000    0.000000       -3.597801        1.000000   40.077166    5.618910    0.922745   39.675205
    0.598039    0.277948    0.000000    0.000000    0.000000       -3.597801        1.000000   40.756466    5.713315    0.922745   39.675205
    0.607843    0.277948    0.000000    0.000000    0.000000       -3.597801        1.000000   41.435766    5.807720    0.922745   39.675205
    0.617647    0.277948    0.000000   -0.000000    0.000000       -3.597801        1.000000   42.115066    5.902125    0.922745   39.675205
    0.627451    0.277948    0.000000    0.000000    0.000000       -3.597801        1.000000   42.794366    5.996530    0.922745   39.675205
    0.637255    0.277948    0.000000   -0.000000    0.000000       -3.597801        1.000000   43.473666    6.090934    0.922745   39.675205
    0.647059    0.277948    0.000000    0.000000    0.000000       -3.597801        1.000000   44.152966    6.185339    0.922745   39.675205
    0.656863    0.277948    0.000000   -0.000000    0.000000       -3.597801        1.000000   44.832266    6.279744    0.922745   39.675205
    0.666667    0.277948    0.000000    0.000000    0.000000       -3.597801        1.000000   45.511567    6.374149    0.922745   39.675205
    0.676471    0.277948    0.000000    0.000000    0.000000       -3.597801        1.000000   46.190867    6.468554    0.922745   39.675205
    0.686275    0.277948    0.000000   -0.000000    0.000000       -3.597801        1.000000   46.870167    6.562959    0.922745   39.675205
    0.696078    0.277948    0.000000    0.000000    0.000000       -3.597801        1.000000   47.549467    6.657364    0.922745   39.675205
    0.705882    0.277948    0.000000    0.000000    0.000000       -3.597801        1.000000   48.228767    6.751769    0.922745   39.675205
    0.715686    0.277948    0.000000   -0.000000    0.000000       -3.597801        1.000000   48.908067    6.846174    0.922745   39.675205
    0.725490    0.277948    0.000000    0.000000    0.000000       -3.597801        1.000000   49.587367    6.940579    0.922745   39.675205
    0.735294    0.277948    0.000000    0.000000    0.000000       -3.597801        1.000000   50.266667    7.034983    0.922745   39.675205
    0.745098    0.277948    0.000000   -0.000000    0.000000       -3.597801        1.000000   50.945968    7.129388    0.922745   39.675205
    0.754902    0.277948    0.000000    0.000000    0.000000       -3.597801        1.000000   51.625268    7.223793    0.922745   39.675205
    0.764706    0.277948    0.000000    0.000000    0.000000       -3.597801        1.000000   52.304568    7.318198    0.922745   39.675205
    0.774510    0.277948    0.000000   -0.000000    0.000000       -3.597801        1.000000   52.983868    7.412603    0.922745   39.675205
    0.784314    0.277948    0.000000   -0.000000    0.000000       -3.597801        1.000000   53.663168    7.507008    0.922745   39.675205
    0.794118    0.277948    0.000000    0.000000    0.000000       -3.597801        1.000000   54.342468    7.601413    0.922745   39.675205
    0.803922    0.277948    0.000000   -0.000000    0.000000       -3.597801        1.000000   55.021768    7.695818    0.922745   39.675205
    0.813725    0.277948    0.000000    0.000000    0.000000       -3.597801        1.000000   55.701068    7.790223    0.922745   39.675205
    0.823529    0.277948    0.000000    0.000000    0.000000       -3.597801        1.000000   56.380368    7.884627    0.922745   39.675205
    0.833333    0.277948    0.000000   -0.000000    0.000000       -3.597801        1.000000   57.059669    7.979032    0.922745   39.675205
    0.843137    0.277948    0.000000    0.000000    0.000000       -3.597801        1.000000   57.738969    8.073437    0.922745   39.675205
    0.852941    0.277948    0.000000   -0.000000    0.000000       -3.597801        1.000000   58.418269    8.167842    0.922745   39.675205
    0.862745    0.277948    0.000000   -0.000000    0.000000       -3.597801        1.000000   59.097569    8.262247    0.922745   39.675205
    0.872549    0.277948    0.000000   -0.000000    0.000000       -3.597801        1.000000   59.776869    8.356652    0.922745   39.675205
    0.882353    0.277948    0.000000   -0.000000    0.000000       -3.597801        1.000000   60.456169    8.451057    0.922745   39.675205
    0.892157    0.277948    0.000000   -0.000000    0.000000       -3.597801        1.000000   61.135469    8.545462    0.922745   39.675205
    0.901961    0.277948    0.000000   -0.000000    0.000000       -3.597801        1.000000   61.814769    8.639867    0.922745   39.675205
    0.911765    0.277948    0.000000   -0.000000    0.000000       -3.597801        1.000000   62.494070    8.734271    0.922745   39.675205
    0.921569    0.277948    0.000000   -0.000000    0.000000       -3.597801        1.000000   63.173370    8.828676    0.922745   39.675205
    0.931373    0.277948    0.000000   -0.000001    0.000000       -3.597802        1.000000   63.852670    8.923081    0.922745   39.675205
    0.941176    0.277947    0.000001   -0.000008    0.000000       -3.597811        1.000000   64.531969    9.017486    0.922745   39.675205
    0.950980    0.277945    0.000014   -0.000086    0.000000       -3.597916        1.000000   65.211264    9.111890    0.922745   39.675205
    0.960784    0.277923    0.000156   -0.000976    0.000000       -3.599101        1.000000   65.890503    9.206289    0.922745   39.675205
    0.970588    0.277663    0.001775   -0.011084    0.000000       -3.612561        1.000000   66.569109    9.300621    0.922745   39.675205
    0.980392    0.274725    0.020096   -0.125103    0.000000       -3.764368        1.000000   67.240534    9.394203    0.922745   39.675205
    0.990196    0.242129    0.219576   -1.311212    0.000000       -5.342072        1.000000   67.832295    9.479299    0.922745   39.675205
    1.000000    0.000000    1.570796   -5.370977    0.000000      -10.741954        1.000000   67.832295    9.508554    0.922745   39.675205
