           t           r         psi          cs          qs               p             sig           A           V          Q2           S
    0.000000    0.000000   -1.570796   -0.998418    0.000000       -1.996836        1.000000    0.000000    0.000000    0.004989    4.845896
    0.009804    0.047491   -1.523363   -0.998418    0.000000       -1.996837        1.000000    0.000000    0.000004    0.004989    4.845896
    0.019608    0.094875   -1.475929   -0.998420    0.000000       -1.996839        1.000000    0.028321    0.000064    0.004989    4.845896
    0.029412    0.142046   -1.428495   -0.998423    0.000000       -1.996843        1.000000    0.070722    0.000321    0.004989    4.845896
    0.039216    0.188897   -1.381061   -0.998427    0.000000       -1.996848        1.000000    0.127109    0.001010    0.004989    4.845896
    0.049020    0.235323   -1.333627   -0.998433    0.000000       -1.996856        1.000000    0.197355    0.002450    0.004989    4.845896
    0.058824    0.281220   -1.286193   -0.998440    0.000000       -1.996865        1.000000    0.281301    0.005039    0.004989    4.845896
    0.068627    0.326484   -1.238758   -0.998450    0.000000       -1.996878        1.000000    0.378759    0.009245    0.004989    4.845896
    0.078431    0.371014   -1.191322   -0.998462    0.000000       -1.996893        1.000000    0.489509    0.015596    0.004989    4.845896
    0.088235    0.414709   -1.143886   -0.998477    0.000000       -1.996912        1.000000    0.613302    0.024664    0.004989    4.845896
    0.098039    0.457471   -1.096449   -0.998496    0.000000       -1.996935        1.000000    0.749860    0.037060    0.004989    4.845896
    0.107843    0.499204   -1.049012   -0.998519    0.000000       -1.996964        1.000000    0.898876    0.053410    0.004989    4.845896
    0.117647    0.539814   -1.001572   -0.998548    0.000000       -1.997000        1.000000    1.060014    0.074348    0.004989    4.845896
    0.127451    0.579209   -0.954132   -0.998584    0.000000       -1.997044        1.000000    1.232912    0.100497    0.004989    4.845896
    0.137255    0.617301   -0.906689   -0.998630    0.000000       -1.997099        1.000000    1.417180    0.132457    0.004989    4.845896
    0.147059    0.654005   -0.859244   -0.998689    0.000000       -1.997168        1.000000    1.612405    0.170786    0.004989    4.845896
    0.156863    0.689236   -0.811796   -0.998764    0.000000       -1.997256        1.000000    1.818146    0.215990    0.004989    4.845896
    0.166667    0.722916   -0.764344   -0.998862    0.000000       -1.997369        1.000000    2.033941    0.268509    0.004989    4.845896
    0.176471    0.754969   -0.716886   -0.998990    0.000000       -1.997515        1.000000    2.259305    0.328704    0.004989    4.845896
    0.186275    0.785323   -0.669421   -0.999161    0.000000       -1.997707        1.000000    2.493729    0.396847    0.004989    4.845896
    0.196078    0.813909   -0.621947   -0.999394    0.000000       -1.997965        1.000000    2.736686    0.473112    0.004989    4.845896
    0.205882    0.840661   -0.574460   -0.999715    0.000000       -1.998317        1.000000    2.987628    0.557568    0.004989    4.845896
    0.215686    0.865520   -0.526955   -1.000172    0.000000       -1.998812        1.000000    3.245992    0.650176    0.004989    4.845896
    0.225490    0.888427   -0.479423   -1.000839    0.000000       -1.999527        1.000000    3.511193    0.750781    0.004989    4.845896
    0.235294    0.909331   -0.431852   -1.001848    0.000000       -2.000595        1.000000    3.782634    0.859117    0.004989    4.845896
    0.245098    0.928181   -0.384221   -1.003440    0.000000       -2.002265        1.000000    4.059702    0.974805    0.004989    4.845896
    0.254902    0.944932   -0.336491   -1.006092    0.000000       -2.005020        1.000000    4.341771    1.097357    0.004989    4.845896
    0.264706    0.959540   -0.288592   -1.010823    0.000000       -2.009892        1.000000    4.628200    1.226179    0.004989    4.845896
    0.274510    0.971959   -0.240375   -1.020065    0.000000       -2.019334        1.000000    4.918336    1.360586    0.004989    4.845896
    0.284314    0.982141   -0.191497   -1.040486    0.000000       -2.040057        1.000000    5.211511    1.499800    0.004989    4.845896
    0.294118    0.990013   -0.141017   -1.093688    0.000000       -2.093750        1.000000    5.507036    1.642964    0.004989    4.845896
    0.303922    0.995421   -0.085944   -1.252893    0.000000       -2.253786        1.000000    5.804176    1.789141    0.004989    4.845896
    0.313725    0.998000   -0.021907   -1.293370    0.000000       -2.295134        1.000000    6.102085    1.937246    0.004989    4.845896
    0.323529    0.998015    0.011292   -0.124776    0.000000       -1.126701        1.000000    6.399999    2.085936    0.004989    4.845896
    0.333333    0.997520    0.007405    0.166694    0.000000       -0.835765        1.000000    6.697766    2.234510    0.004989    4.845896
    0.343137    0.997343    0.000569    0.103267    0.000000       -0.899397        1.000000    6.995479    2.382989    0.004989    4.845896
    0.352941    0.997396   -0.002064    0.012595    0.000000       -0.990014        1.000000    7.293208    2.531454    0.004989    4.845896
    0.362745    0.997487   -0.001468   -0.027595    0.000000       -1.030113        1.000000    7.590964    2.679945    0.004989    4.845896
    0.372549    0.997526   -0.000212   -0.020423    0.000000       -1.022903        1.000000    7.888732    2.828457    0.004989    4.845896
    0.382353    0.997520    0.000323   -0.002991    0.000000       -1.005477        1.000000    8.186498    2.976972    0.004989    4.845896
    0.392157    0.997505    0.000243    0.004424    0.000000       -0.998077        1.000000    8.484260    3.125483    0.004989    4.845896
    0.401961    0.997498    0.000039    0.003379    0.000000       -0.999129        1.000000    8.782020    3.273992    0.004989    4.845896
    0.411765    0.997499   -0.000052    0.000569    0.000000       -1.001938        1.000000    9.079780    3.422499    0.004989    4.845896
    0.421569    0.997502   -0.000041   -0.000707    0.000000       -1.003212        1.000000    9.377541    3.571007    0.004989    4.845896
    0.431373    0.997503   -0.000008   -0.000574    0.000000       -1.003077        1.000000    9.675302    3.719516    0.004989    4.845896
    0.441176    0.997503    0.000008   -0.000109    0.000000       -1.002613        1.000000    9.973063    3.868024    0.004989    4.845896
    0.450980    0.997502    0.000007    0.000113    0.000000       -1.002391        1.000000   10.270824    4.016533    0.004989    4.845896
    0.460784    0.997502    0.000001    0.000097    0.000000       -1.002407        1.000000   10.568584    4.165042    0.004989    4.845896
    0.470588    0.997502   -0.000001    0.000020    0.000000       -1.002484        1.000000   10.866345    4.313550    0.004989    4.845896
    0.480392    0.997502   -0.000001   -0.000018    0.000000       -1.002522        1.000000   11.164106    4.462059    0.004989    4.845896
    0.490196    0.997502   -0.000000   -0.000016    0.000000       -1.002520        1.000000   11.461867    4.610567    0.004989    4.845896
    0.500000    0.997502    0.000000   -0.000004    0.000000       -1.002508        1.000000   11.759628    4.759076    0.004989    4.845896
    0.509804    0.997502    0.000000    0.000003    0.000000       -1.002501        1.000000   12.057389    4.907584    0.004989    4.845896
    0.519608    0.997502    0.000000    0.000003    0.000000       -1.002501        1.000000   12.355150    5.056093    0.004989    4.845896
    0.529412    0.997502   -0.000000    0.000001    0.000000       -1.002503        1.000000   12.652910    5.204602    0.004989    4.845896
    0.539216    0.997502   -0.000000   -0.000001    0.000000       -1.002505        1.000000   12.950671    5.353110    0.004989    4.845896
    0.549020    0.997502   -0.000000   -0.000001    0.000000       -1.002505        1.000000   13.248432    5.501619    0.004989    4.845896
    0.558824    0.997502    0.000000   -0.000001    0.000000       -1.002505        1.000000   13.546193    5.650127    0.004989    4.845896
    0.568627    0.997502    0.000000   -0.000002    0.000000       -1.002506        1.000000   13.843954    5.798636    0.004989    4.845896
    0.578431    0.997502    0.000000   -0.000007    0.000000       -1.002511        1.000000   14.141715    5.947144    0.004989    4.845896
    0.588235    0.997502    0.000001   -0.000024    0.000000       -1.002528        1.000000   14.439476    6.095653    0.004989    4.845896
    0.598039    0.997502    0.000003   -0.000080    0.000000       -1.002584        1.000000   14.737237    6.244162    0.004989    4.845896
    0.607843    0.997502    0.000010   -0.000262    0.000000       -1.002766        1.000000   15.034997    6.392670    0.004989    4.845896
    0.617647    0.997501    0.000034   -0.000861    0.000000       -1.003367        1.000000   15.332758    6.541178    0.004989    4.845896
    0.627451    0.997498    0.000113   -0.002829    0.000000       -1.005337        1.000000   15.630517    6.689686    0.004989    4.845896
    0.637255    0.997487    0.000371   -0.009244    0.000000       -1.011763        1.000000   15.928274    6.838192    0.004989    4.845896
    0.647059    0.997454    0.001206   -0.029734    0.000000       -1.032286        1.000000   16.226020    6.986692    0.004989    4.845896
    0.656863    0.997346    0.003826   -0.091085    0.000000       -1.093739        1.000000   16.523734    7.135173    0.004989    4.845896
    0.666667    0.997014    0.011326   -0.244315    0.000000       -1.247246        1.000000   16.821349    7.283590    0.004989    4.845896
    0.676471    0.996110    0.028783   -0.501308    0.000000       -1.504797        1.000000   17.118695    7.431811    0.004989    4.845896
    0.686275    0.994079    0.058691   -0.743231    0.000000       -1.747455        1.000000   17.415434    7.579498    0.004989    4.845896
    0.696078    0.990394    0.097695   -0.882109    0.000000       -1.886993        1.000000   17.711073    7.726037    0.004989    4.845896
    0.705882    0.984742    0.141321   -0.945888    0.000000       -1.951259        1.000000   18.005025    7.870608    0.004989    4.845896
    0.715686    0.976983    0.187029   -0.974658    0.000000       -1.980367        1.000000   18.296661    8.012317    0.004989    4.845896
    0.725490    0.967066    0.233699   -0.988462    0.000000       -1.994408        1.000000   18.585336    8.150271    0.004989    4.845896
    0.735294    0.954980    0.280847   -0.995614    0.000000       -2.001730        1.000000   18.870404    8.283623    0.004989    4.845896
    0.745098    0.940736    0.328251   -0.999594    0.000000       -2.005836        1.000000   19.151220    8.411591    0.004989    4.845896
    0.754902    0.924357    0.375801   -1.001948    0.000000       -2.008284        1.000000   19.427147    8.533473    0.004989    4.845896
    0.764706    0.905875    0.423439   -1.003412    0.000000       -2.009822        1.000000   19.697556    8.648660    0.004989    4.845896
    0.774510    0.885329    0.471134   -1.004363    0.000000       -2.010830        1.000000   19.961832    8.756644    0.004989    4.845896
    0.784314    0.862763    0.518867   -1.005003    0.000000       -2.011516        1.000000   20.219373    8.857026    0.004989    4.845896
    0.794118    0.838227    0.566624   -1.005446    0.000000       -2.011997        1.000000   20.469589    8.949518    0.004989    4.845896
    0.803922    0.811778    0.614400   -1.005762    0.000000       -2.012342        1.000000   20.711910    9.033947    0.004989    4.845896
    0.813725    0.783473    0.662188   -1.005991    0.000000       -2.012597        1.000000   20.945782    9.110254    0.004989    4.845896
    0.823529    0.753379    0.709986   -1.006161    0.000000       -2.012787        1.000000   21.170670    9.178489    0.004989    4.845896
    0.833333    0.721562    0.757790   -1.006288    0.000000       -2.012933        1.000000   21.386061    9.238811    0.004989    4.845896
    0.843137    0.688096    0.805600   -1.006386    0.000000       -2.013045        1.000000   21.591462    9.291479    0.004989    4.845896
    0.852941    0.653057    0.853414   -1.006461    0.000000       -2.013133        1.000000   21.786404    9.336842    0.004989    4.845896
    0.862745    0.616525    0.901231   -1.006520    0.000000       -2.013202        1.000000   21.970441    9.375329    0.004989    4.845896
    0.872549    0.578583    0.949051   -1.006566    0.000000       -2.013258        1.000000   22.143152    9.407439    0.004989    4.845896
    0.882353    0.539318    0.996873   -1.006603    0.000000       -2.013302        1.000000   22.304142    9.433725    0.004989    4.845896
    0.892157    0.498820    1.044696   -1.006632    0.000000       -2.013338        1.000000   22.453043    9.454783    0.004989    4.845896
    0.901961    0.457181    1.092520   -1.006655    0.000000       -2.013367        1.000000   22.589514    9.471233    0.004989    4.845896
    0.911765    0.414496    1.140346   -1.006674    0.000000       -2.013391        1.000000   22.713244    9.483710    0.004989    4.845896
    0.921569    0.370864    1.188172   -1.006689    0.000000       -2.013410        1.000000   22.823949    9.492841    0.004989    4.845896
    0.931373    0.326383    1.235999   -1.006701    0.000000       -2.013425        1.000000   22.921377    9.499237    0.004989    4.845896
    0.941176    0.281156    1.283826   -1.006711    0.000000       -2.013438        1.000000   23.005304    9.503475    0.004989    4.845896
    0.950980    0.235286    1.331654   -1.006718    0.000000       -2.013447        1.000000   23.075538    9.506084    0.004989    4.845896
    0.960784    0.188878    1.379482   -1.006724    0.000000       -2.013455        1.000000   23.131919    9.507535    0.004989    4.845896
    0.970588    0.142038    1.427311   -1.006728    0.000000       -2.013460        1.000000   23.174319    9.508230    0.004989    4.845896
    0.980392    0.094873    1.475139   -1.006731    0.000000       -2.013464        1.000000   23.202639    9.508490    0.004989    4.845896
    0.990196    0.047491    1.522968   -1.006733    0.000000       -2.013467        1.000000   23.216815    9.508550    0.004989    4.845896
    1.000000    0.000000    1.570796   -1.006734    0.000000       -2.013467        1.000000   23.216815    9.508554    0.004989    4.845896
