           t           r         psi          cs          qs               p             sig           A           V          Q2           S
    0.000000    0.000000   -1.570796   -0.996526    0.000000       -1.993051        1.000000    0.000000    0.000000    0.013134    4.864349
    0.009804    0.047672   -1.523272   -0.996528    0.000000       -1.993055        1.000000    0.000000    0.000004    0.013134    4.864349
    0.019608    0.095236   -1.475748   -0.996535    0.000000       -1.993064        1.000000    0.028537    0.000065    0.013134    4.864349
    0.029412    0.142585   -1.428223   -0.996548    0.000000       -1.993081        1.000000    0.071261    0.000326    0.013134    4.864349
    0.039216    0.189612   -1.380698   -0.996567    0.000000       -1.993106        1.000000    0.128077    0.001024    0.013134    4.864349
    0.049020    0.236211   -1.333171   -0.996592    0.000000       -1.993138        1.000000    0.198856    0.002483    0.013134    4.864349
    0.058824    0.282276   -1.285643   -0.996624    0.000000       -1.993181        1.000000    0.283438    0.005106    0.013134    4.864349
    0.068627    0.327704   -1.238114   -0.996666    0.000000       -1.993235        1.000000    0.381633    0.009368    0.013134    4.864349
    0.078431    0.372392   -1.190582   -0.996718    0.000000       -1.993302        1.000000    0.493218    0.015802    0.013134    4.864349
    0.088235    0.416239   -1.143047   -0.996784    0.000000       -1.993385        1.000000    0.617941    0.024990    0.013134    4.864349
    0.098039    0.459145   -1.095509   -0.996866    0.000000       -1.993488        1.000000    0.755520    0.037547    0.013134    4.864349
    0.107843    0.501014   -1.047966   -0.996968    0.000000       -1.993614        1.000000    0.905646    0.054109    0.013134    4.864349
    0.117647    0.541752   -1.000418   -0.997096    0.000000       -1.993771        1.000000    1.067978    0.075317    0.013134    4.864349
    0.127451    0.581265   -0.952863   -0.997256    0.000000       -1.993965        1.000000    1.242150    0.101802    0.013134    4.864349
    0.137255    0.619464   -0.905300   -0.997459    0.000000       -1.994208        1.000000    1.427768    0.134167    0.013134    4.864349
    0.147059    0.656263   -0.857725   -0.997717    0.000000       -1.994512        1.000000    1.624413    0.172978    0.013134    4.864349
    0.156863    0.691577   -0.810137   -0.998048    0.000000       -1.994899        1.000000    1.831640    0.218746    0.013134    4.864349
    0.166667    0.725327   -0.762531   -0.998478    0.000000       -1.995394        1.000000    2.048979    0.271913    0.013134    4.864349
    0.176471    0.757436   -0.714901   -0.999044    0.000000       -1.996037        1.000000    2.275940    0.332842    0.013134    4.864349
    0.186275    0.787829   -0.667239   -0.999799    0.000000       -1.996885        1.000000    2.512007    0.401806    0.013134    4.864349
    0.196078    0.816436   -0.619536   -1.000825    0.000000       -1.998023        1.000000    2.756646    0.478977    0.013134    4.864349
    0.205882    0.843190   -0.571775   -1.002248    0.000000       -1.999582        1.000000    3.009303    0.564421    0.013134    4.864349
    0.215686    0.868027   -0.523933   -1.004268    0.000000       -2.001769        1.000000    3.269401    0.658094    0.013134    4.864349
    0.225490    0.890887   -0.475974   -1.007218    0.000000       -2.004928        1.000000    3.536349    0.759836    0.013134    4.864349
    0.235294    0.911711   -0.427841   -1.011678    0.000000       -2.009652        1.000000    3.809537    0.869369    0.013134    4.864349
    0.245098    0.930442   -0.379440   -1.018701    0.000000       -2.017014        1.000000    4.088338    0.986305    0.013134    4.864349
    0.254902    0.947019   -0.330606   -1.030325    0.000000       -2.029085        1.000000    4.372106    1.110140    0.013134    4.864349
    0.264706    0.961380   -0.281031   -1.050759    0.000000       -2.050125        1.000000    4.660177    1.240265    0.013134    4.864349
    0.274510    0.973441   -0.230104   -1.089259    0.000000       -2.089466        1.000000    4.951862    1.375967    0.013134    4.864349
    0.284314    0.983084   -0.176535   -1.166314    0.000000       -2.167712        1.000000    5.246436    1.516430    0.013134    4.864349
    0.294118    0.990102   -0.117741   -1.311253    0.000000       -2.314258        1.000000    5.543114    1.660722    0.013134    4.864349
    0.303922    0.994164   -0.052214   -1.378196    0.000000       -2.382695        1.000000    5.841008    1.807711    0.013134    4.864349
    0.313725    0.995252    0.001445   -0.747281    0.000000       -1.752051        1.000000    6.139229    1.955958    0.013134    4.864349
    0.323529    0.994638    0.018870   -0.068900    0.000000       -1.074112        1.000000    6.437265    2.104275    0.013134    4.864349
    0.333333    0.993774    0.015672    0.148229    0.000000       -0.857912        1.000000    6.735043    2.252337    0.013134    4.864349
    0.343137    0.993210    0.007883    0.160340    0.000000       -0.846465        1.000000    7.032651    2.400195    0.013134    4.864349
    0.352941    0.993000    0.001343    0.109210    0.000000       -0.897838        1.000000    7.330197    2.547948    0.013134    4.864349
    0.362745    0.993037   -0.002384    0.047866    0.000000       -0.959143        1.000000    7.627754    2.695681    0.013134    4.864349
    0.372549    0.993185   -0.003442   -0.000082    0.000000       -1.006938        1.000000    7.925355    2.843443    0.013134    4.864349
    0.382353    0.993337   -0.002749   -0.024953    0.000000       -1.031657        1.000000    8.223001    2.991252    0.013134    4.864349
    0.392157    0.993437   -0.001407   -0.028366    0.000000       -1.034971        1.000000    8.520678    3.139100    0.013134    4.864349
    0.401961    0.993474   -0.000241   -0.019375    0.000000       -1.025943        1.000000    8.818366    3.286968    0.013134    4.864349
    0.411765    0.993468    0.000401   -0.007763    0.000000       -1.014338        1.000000    9.116052    3.434841    0.013134    4.864349
    0.421569    0.993444    0.000553    0.000626    0.000000       -1.005974        1.000000    9.413731    3.582708    0.013134    4.864349
    0.431373    0.993420    0.000417    0.004332    0.000000       -1.002292        1.000000    9.711402    3.730568    0.013134    4.864349
    0.441176    0.993405    0.000197    0.004465    0.000000       -1.002173        1.000000   10.009069    3.878422    0.013134    4.864349
    0.450980    0.993401    0.000019    0.002868    0.000000       -1.003775        1.000000   10.306735    4.026273    0.013134    4.864349
    0.460784    0.993402   -0.000073    0.001042    0.000000       -1.005600        1.000000   10.604401    4.174124    0.013134    4.864349
    0.470588    0.993406   -0.000090   -0.000218    0.000000       -1.006855        1.000000   10.902069    4.321976    0.013134    4.864349
    0.480392    0.993410   -0.000064   -0.000738    0.000000       -1.007372        1.000000   11.199737    4.469829    0.013134    4.864349
    0.490196    0.993412   -0.000028   -0.000712    0.000000       -1.007343        1.000000   11.497407    4.617682    0.013134    4.864349
    0.500000    0.993413   -0.000000   -0.000435    0.000000       -1.007066        1.000000   11.795076    4.765537    0.013134    4.864349
    0.509804    0.993413    0.000013   -0.000142    0.000000       -1.006774        1.000000   12.092745    4.913391    0.013134    4.864349
    0.519608    0.993412    0.000015    0.000046    0.000000       -1.006585        1.000000   12.390415    5.061245    0.013134    4.864349
    0.529412    0.993411    0.000011    0.000112    0.000000       -1.006520        1.000000   12.688084    5.209099    0.013134    4.864349
    0.539216    0.993411    0.000006    0.000087    0.000000       -1.006546        1.000000   12.985752    5.356953    0.013134    4.864349
    0.549020    0.993411    0.000003    0.000011    0.000000       -1.006622        1.000000   13.283421    5.504807    0.013134    4.864349
    0.558824    0.993410    0.000005   -0.000095    0.000000       -1.006728        1.000000   13.581090    5.652660    0.013134    4.864349
    0.568627    0.993410    0.000013   -0.000248    0.000000       -1.006881        1.000000   13.878758    5.800514    0.013134    4.864349
    0.578431    0.993409    0.000030   -0.000518    0.000000       -1.007152        1.000000   14.176427    5.948367    0.013134    4.864349
    0.588235    0.993407    0.000067   -0.001060    0.000000       -1.007697        1.000000   14.474094    6.096220    0.013134    4.864349
    0.598039    0.993402    0.000141   -0.002196    0.000000       -1.008838        1.000000   14.771761    6.244072    0.013134    4.864349
    0.607843    0.993392    0.000295   -0.004580    0.000000       -1.011232        1.000000   15.069424    6.391922    0.013134    4.864349
    0.617647    0.993371    0.000618   -0.009556    0.000000       -1.016228        1.000000   15.367081    6.539767    0.013134    4.864349
    0.627451    0.993328    0.001290   -0.019836    0.000000       -1.026552        1.000000   15.664725    6.687603    0.013134    4.864349
    0.637255    0.993237    0.002676   -0.040690    0.000000       -1.047495        1.000000   15.962342    6.835420    0.013134    4.864349
    0.647059    0.993050    0.005485   -0.081503    0.000000       -1.088486        1.000000   16.259902    6.983197    0.013134    4.864349
    0.656863    0.992672    0.010986   -0.156082    0.000000       -1.163404        1.000000   16.557350    7.130888    0.013134    4.864349
    0.666667    0.991929    0.021115   -0.276801    0.000000       -1.284713        1.000000   16.854574    7.278405    0.013134    4.864349
    0.676471    0.990549    0.038061   -0.438803    0.000000       -1.447613        1.000000   17.151386    7.425570    0.013134    4.864349
    0.686275    0.988170    0.063119   -0.610084    0.000000       -1.620041        1.000000   17.447484    7.572063    0.013134    4.864349
    0.696078    0.984412    0.095782   -0.752831    0.000000       -1.764009        1.000000   17.742457    7.717384    0.013134    4.864349
    0.705882    0.978959    0.134220   -0.852074    0.000000       -1.864380        1.000000   18.035795    7.860857    0.013134    4.864349
    0.715686    0.971593    0.176462   -0.914318    0.000000       -1.927572        1.000000   18.326926    8.001691    0.013134    4.864349
    0.725490    0.962184    0.221036   -0.951873    0.000000       -1.965889        1.000000   18.615238    8.139043    0.013134    4.864349
    0.735294    0.950667    0.267016   -0.974546    0.000000       -1.989162        1.000000   18.900099    8.272077    0.013134    4.864349
    0.745098    0.937014    0.313851   -0.988512    0.000000       -2.003599        1.000000   19.180869    8.399999    0.013134    4.864349
    0.754902    0.921224    0.361219   -0.997356    0.000000       -2.012817        1.000000   19.456908    8.522082    0.013134    4.864349
    0.764706    0.903313    0.408930   -1.003125    0.000000       -2.018882        1.000000   19.727579    8.637684    0.013134    4.864349
    0.774510    0.883310    0.456867   -1.006995    0.000000       -2.022991        1.000000   19.992257    8.746259    0.013134    4.864349
    0.784314    0.861252    0.504957   -1.009660    0.000000       -2.025850        1.000000   20.250326    8.847371    0.013134    4.864349
    0.794118    0.837185    0.553155   -1.011539    0.000000       -2.027888        1.000000   20.501182    8.940692    0.013134    4.864349
    0.803922    0.811160    0.601429   -1.012892    0.000000       -2.029372        1.000000   20.744241    9.026014    0.013134    4.864349
    0.813725    0.783237    0.649758   -1.013884    0.000000       -2.030473        1.000000   20.978933    9.103244    0.013134    4.864349
    0.823529    0.753478    0.698129   -1.014624    0.000000       -2.031304        1.000000   21.204707    9.172403    0.013134    4.864349
    0.833333    0.721952    0.746530   -1.015183    0.000000       -2.031940        1.000000   21.421035    9.233623    0.013134    4.864349
    0.843137    0.688732    0.794954   -1.015612    0.000000       -2.032434        1.000000   21.627409    9.287141    0.013134    4.864349
    0.852941    0.653894    0.843397   -1.015943    0.000000       -2.032821        1.000000   21.823344    9.333289    0.013134    4.864349
    0.862745    0.617520    0.891853   -1.016203    0.000000       -2.033127        1.000000   22.008379    9.372484    0.013134    4.864349
    0.872549    0.579695    0.940321   -1.016408    0.000000       -2.033372        1.000000   22.182081    9.405217    0.013134    4.864349
    0.882353    0.540507    0.988797   -1.016570    0.000000       -2.033569        1.000000   22.344041    9.432038    0.013134    4.864349
    0.892157    0.500049    1.037280   -1.016700    0.000000       -2.033728        1.000000   22.493877    9.453542    0.013134    4.864349
    0.901961    0.458416    1.085769   -1.016804    0.000000       -2.033856        1.000000   22.631238    9.470354    0.013134    4.864349
    0.911765    0.415704    1.134262   -1.016887    0.000000       -2.033961        1.000000   22.755801    9.483114    0.013134    4.864349
    0.921569    0.372015    1.182758   -1.016954    0.000000       -2.034046        1.000000   22.867273    9.492458    0.013134    4.864349
    0.931373    0.327450    1.231258   -1.017007    0.000000       -2.034114        1.000000   22.965391    9.499007    0.013134    4.864349
    0.941176    0.282116    1.279760   -1.017050    0.000000       -2.034169        1.000000   23.049925    9.503348    0.013134    4.864349
    0.950980    0.236118    1.328263   -1.017083    0.000000       -2.034212        1.000000   23.120676    9.506021    0.013134    4.864349
    0.960784    0.189564    1.376769   -1.017109    0.000000       -2.034246        1.000000   23.177478    9.507509    0.013134    4.864349
    0.970588    0.142565    1.425275   -1.017128    0.000000       -2.034270        1.000000   23.220196    9.508221    0.013134    4.864349
    0.980392    0.095230    1.473781   -1.017140    0.000000       -2.034288        1.000000   23.248731    9.508488    0.013134    4.864349
    0.990196    0.047671    1.522289   -1.017148    0.000000       -2.034298        1.000000   23.263015    9.508550    0.013134    4.864349
    1.000000    0.000000    1.570796   -1.017150    0.000000       -2.034301        1.000000   23.263015    9.508554    0.013134    4.864349
