           t           r         psi          cs          qs               p             sig           A           V          Q2           S
    0.000000   -0.000000   -1.570796   -2.181159    0.000000       -4.362318        1.000000    0.000000    0.000000    0.904420   17.713313
    0.009804    0.169057   -1.156559   -2.771434    0.000000       -5.152246        1.000000    0.000000    0.001570    0.904420   17.713313
    0.019608    0.301729   -0.589844   -3.579091    0.000000       -6.333308        1.000000    0.329228    0.023054    0.904420   17.713313
    0.029412    0.352279   -0.047361   -2.288668    0.000000       -5.124144        1.000000    0.713613    0.081039    0.904420   17.713313
    0.039216    0.336945    0.165525   -0.281600    0.000000       -3.208880        1.000000    1.081266    0.146612    0.904420   17.713313
    0.049020    0.310127    0.118940    0.609716    0.000000       -2.591992        1.000000    1.419657    0.202805    0.904420   17.713313
    0.058824    0.299014    0.012758    0.499482    0.000000       -2.844566        1.000000    1.745923    0.252772    0.904420   17.713313
    0.068627    0.302216   -0.037336    0.083294    0.000000       -3.223289        1.000000    2.075682    0.301825    0.904420   17.713313
    0.078431    0.308493   -0.028622   -0.135751    0.000000       -3.375992        1.000000    2.412290    0.352709    0.904420   17.713313
    0.088235    0.311298   -0.004330   -0.116903    0.000000       -3.329226        1.000000    2.751959    0.405216    0.904420   17.713313
    0.098039    0.310755    0.007838   -0.023906    0.000000       -3.241777        1.000000    3.091036    0.458052    0.904420   17.713313
    0.107843    0.309373    0.006564    0.028159    0.000000       -3.204112        1.000000    3.428605    0.510494    0.904420   17.713313
    0.117647    0.308701    0.001242    0.026739    0.000000       -3.212640        1.000000    3.765440    0.562572    0.904420   17.713313
    0.127451    0.308789   -0.001657    0.006459    0.000000       -3.231993        1.000000    4.102371    0.614563    0.904420   17.713313
    0.137255    0.309095   -0.001513   -0.005859    0.000000       -3.241103        1.000000    4.439637    0.666636    0.904420   17.713313
    0.147059    0.309257   -0.000342   -0.006114    0.000000       -3.239674        1.000000    4.777078    0.718792    0.904420   17.713313
    0.156863    0.309245    0.000345   -0.001696    0.000000       -3.235378        1.000000    5.114507    0.770972    0.904420   17.713313
    0.166667    0.309178    0.000346    0.001198    0.000000       -3.233188        1.000000    5.451862    0.823134    0.904420   17.713313
    0.176471    0.309139    0.000091    0.001390    0.000000       -3.233397        1.000000    5.789176    0.875278    0.904420   17.713313
    0.186275    0.309140   -0.000071    0.000435    0.000000       -3.234344        1.000000    6.126490    0.927416    0.904420   17.713313
    0.196078    0.309155   -0.000079   -0.000241    0.000000       -3.234866        1.000000    6.463821    0.979557    0.904420   17.713313
    0.205882    0.309164   -0.000024   -0.000315    0.000000       -3.234845        1.000000    6.801161    1.031702    0.904420   17.713313
    0.215686    0.309164    0.000014   -0.000110    0.000000       -3.234637        1.000000    7.138502    1.083849    0.904420   17.713313
    0.225490    0.309161    0.000018    0.000047    0.000000       -3.234514        1.000000    7.475839    1.135996    0.904420   17.713313
    0.235294    0.309159    0.000006    0.000071    0.000000       -3.234513        1.000000    7.813174    1.188141    0.904420   17.713313
    0.245098    0.309159   -0.000003    0.000027    0.000000       -3.234558        1.000000    8.150508    1.240286    0.904420   17.713313
    0.254902    0.309159   -0.000004   -0.000009    0.000000       -3.234587        1.000000    8.487844    1.292431    0.904420   17.713313
    0.264706    0.309160   -0.000001   -0.000016    0.000000       -3.234589        1.000000    8.825179    1.344576    0.904420   17.713313
    0.274510    0.309160    0.000001   -0.000007    0.000000       -3.234579        1.000000    9.162515    1.396722    0.904420   17.713313
    0.284314    0.309160    0.000001    0.000002    0.000000       -3.234572        1.000000    9.499851    1.448867    0.904420   17.713313
    0.294118    0.309160    0.000000    0.000004    0.000000       -3.234571        1.000000    9.837187    1.501012    0.904420   17.713313
    0.303922    0.309160   -0.000000    0.000002    0.000000       -3.234573        1.000000   10.174523    1.553158    0.904420   17.713313
    0.313725    0.309160   -0.000000   -0.000000    0.000000       -3.234575        1.000000   10.511858    1.605303    0.904420   17.713313
    0.323529    0.309160   -0.000000   -0.000001    0.000000       -3.234575        1.000000   10.849194    1.657448    0.904420   17.713313
    0.333333    0.309160    0.000000   -0.000000    0.000000       -3.234575        1.000000   11.186530    1.709594    0.904420   17.713313
    0.343137    0.309160    0.000000    0.000000    0.000000       -3.234574        1.000000   11.523865    1.761739    0.904420   17.713313
    0.352941    0.309160    0.000000    0.000000    0.000000       -3.234574        1.000000   11.861201    1.813884    0.904420   17.713313
    0.362745    0.309160   -0.000000    0.000000    0.000000       -3.234574        1.000000   12.198537    1.866029    0.904420   17.713313
    0.372549    0.309160   -0.000000   -0.000000    0.000000       -3.234574        1.000000   12.535873    1.918175    0.904420   17.713313
    0.382353    0.309160   -0.000000   -0.000000    0.000000       -3.234574        1.000000   12.873208    1.970320    0.904420   17.713313
    0.392157    0.309160    0.000000   -0.000000    0.000000       -3.234574        1.000000   13.210544    2.022465    0.904420   17.713313
    0.401961    0.309160    0.000000    0.000000    0.000000       -3.234574        1.000000   13.547880    2.074611    0.904420   17.713313
    0.411765    0.309160    0.000000    0.000000    0.000000       -3.234574        1.000000   13.885216    2.126756    0.904420   17.713313
    0.421569    0.309160   -0.000000    0.000000    0.000000       -3.234574        1.000000   14.222551    2.178901    0.904420   17.713313
    0.431373    0.309160   -0.000000    0.000000    0.000000       -3.234574        1.000000   14.559887    2.231047    0.904420   17.713313
    0.441176    0.309160   -0.000000   -0.000000    0.000000       -3.234574        1.000000   14.897223    2.283192    0.904420   17.713313
    0.450980    0.309160   -0.000000   -0.000000    0.000000       -3.234574        1.000000   15.234558    2.335337    0.904420   17.713313
    0.460784    0.309160    0.000000   -0.000000    0.000000       -3.234574        1.000000   15.571894    2.387482    0.904420   17.713313
    0.470588    0.309160    0.000000    0.000000    0.000000       -3.234574        1.000000   15.909230    2.439628    0.904420   17.713313
    0.480392    0.309160    0.000000    0.000000    0.000000       -3.234574        1.000000   16.246566    2.491773    0.904420   17.713313
    0.490196    0.309160   -0.000000    0.000000    0.000000       -3.234574        1.000000   16.583901    2.543918    0.904420   17.713313
    0.500000    0.309160   -0.000000   -0.000000    0.000000       -3.234574        1.000000   16.921237    2.596064    0.904420   17.713313
    0.509804    0.309160   -0.000000   -0.000000    0.000000       -3.234574        1.000000   17.258573    2.648209    0.904420   17.713313
    0.519608    0.309160    0.000000   -0.000000    0.000000       -3.234574        1.000000   17.595909    2.700354    0.904420   17.713313
    0.529412    0.309160    0.000000    0.000000    0.000000       -3.234574        1.000000   17.933244    2.752500    0.904420   17.713313
    0.539216    0.309160    0.000000    0.000000    0.000000       -3.234574        1.000000   18.270580    2.804645    0.904420   17.713313
    0.549020    0.309160   -0.000000    0.000000    0.000000       -3.234574        1.000000   18.607916    2.856790    0.904420   17.713313
    0.558824    0.309160   -0.000000   -0.000000    0.000000       -3.234574        1.000000   18.945251    2.908935    0.904420   17.713313
    0.568627    0.309160   -0.000000   -0.000000    0.000000       -3.234574        1.000000   19.282587    2.961081    0.904420   17.713313
    0.578431    0.309160    0.000000   -0.000000    0.000000       -3.234574        1.000000   19.619923    3.013226    0.904420   17.713313
    0.588235    0.309160    0.000000    0.000000    0.000000       -3.234574        1.000000   19.957259    3.065371    0.904420   17.713313
    0.598039    0.309160    0.000000    0.000000    0.000000       -3.234574        1.000000   20.294594    3.117517    0.904420   17.713313
    0.607843    0.309160   -0.000000    0.000000    0.000000       -3.234574        1.000000   20.631930    3.169662    0.904420   17.713313
    0.617647    0.309160   -0.000000   -0.000000    0.000000       -3.234574        1.000000   20.969266    3.221807    0.904420   17.713313
    0.627451    0.309160   -0.000000   -0.000000    0.000000       -3.234574        1.000000   21.306602    3.273953    0.904420   17.713313
    0.637255    0.309160    0.000000   -0.000000    0.000000       -3.234574        1.000000   21.643937    3.326098    0.904420   17.713313
    0.647059    0.309160    0.000000   -0.000000    0.000000       -3.234574        1.000000   21.981273    3.378243    0.904420   17.713313
    0.656863    0.309160    0.000000    0.000000    0.000000       -3.234574        1.000000   22.318609    3.430389    0.904420   17.713313
    0.666667    0.309160    0.000000    0.000000    0.000000       -3.234574        1.000000   22.655944    3.482534    0.904420   17.713313
    0.676471    0.309160    0.000000   -0.000000    0.000000       -3.234574        1.000000   22.993280    3.534679    0.904420   17.713313
    0.686275    0.309160    0.000000   -0.000000    0.000000       -3.234574        1.000000   23.330616    3.586824    0.904420   17.713313
    0.696078    0.309160    0.000000   -0.000000    0.000000       -3.234574        1.000000   23.667952    3.638970    0.904420   17.713313
    0.705882    0.309160    0.000000   -0.000000    0.000000       -3.234574        1.000000   24.005287    3.691115    0.904420   17.713313
    0.715686    0.309160    0.000000   -0.000000    0.000000       -3.234574        1.000000   24.342623    3.743260    0.904420   17.713313
    0.725490    0.309160    0.000000   -0.000000    0.000000       -3.234574        1.000000   24.679959    3.795406    0.904420   17.713313
    0.735294    0.309160    0.000000   -0.000000    0.000000       -3.234574        1.000000   25.017295    3.847551    0.904420   17.713313
    0.745098    0.309160    0.000000   -0.000000    0.000000       -3.234574        1.000000   25.354630    3.899696    0.904420   17.713313
    0.754902    0.309160    0.000000   -0.000000    0.000000       -3.234574        1.000000   25.691966    3.951842    0.904420   17.713313
    0.764706    0.309160    0.000000   -0.000000    0.000000       -3.234574        1.000000   26.029302    4.003987    0.904420   17.713313
    0.774510    0.309160    0.000000   -0.000000    0.000000       -3.234574        1.000000   26.366637    4.056132    0.904420   17.713313
    0.784314    0.309160    0.000000   -0.000000    0.000000       -3.234574        1.000000   26.703973    4.108277    0.904420   17.713313
    0.794118    0.309160    0.000000   -0.000000    0.000000       -3.234574        1.000000   27.041309    4.160423    0.904420   17.713313
    0.803922    0.309160    0.000000   -0.000000    0.000000       -3.234574        1.000000   27.378645    4.212568    0.904420   17.713313
    0.813725    0.309160    0.000000   -0.000000    0.000000       -3.234575        1.000000   27.715980    4.264713    0.904420   17.713313
    0.823529    0.309160    0.000000   -0.000000    0.000000       -3.234575        1.000000   28.053316    4.316859    0.904420   17.713313
    0.833333    0.309160    0.000000   -0.000001    0.000000       -3.234575        1.000000   28.390652    4.369004    0.904420   17.713313
    0.843137    0.309160    0.000000   -0.000002    0.000000       -3.234577        1.000000   28.727987    4.421149    0.904420   17.713313
    0.852941    0.309160    0.000001   -0.000006    0.000000       -3.234582        1.000000   29.065323    4.473295    0.904420   17.713313
    0.862745    0.309159    0.000003   -0.000015    0.000000       -3.234594        1.000000   29.402658    4.525440    0.904420   17.713313
    0.872549    0.309158    0.000007   -0.000040    0.000000       -3.234627        1.000000   29.739993    4.577585    0.904420   17.713313
    0.882353    0.309156    0.000019   -0.000108    0.000000       -3.234717        1.000000   30.077325    4.629729    0.904420   17.713313
    0.892157    0.309151    0.000051   -0.000290    0.000000       -3.234957        1.000000   30.414651    4.681873    0.904420   17.713313
    0.901961    0.309136    0.000137   -0.000779    0.000000       -3.235605        1.000000   30.751960    4.734013    0.904420   17.713313
    0.911765    0.309095    0.000368   -0.002095    0.000000       -3.237344        1.000000   31.089226    4.786144    0.904420   17.713313
    0.921569    0.308986    0.000989   -0.005632    0.000000       -3.242022        1.000000   31.426372    4.838252    0.904420   17.713313
    0.931373    0.308693    0.002658   -0.015134    0.000000       -3.254588        1.000000   31.763198    4.890298    0.904420   17.713313
    0.941176    0.307905    0.007142   -0.040626    0.000000       -3.288298        1.000000   32.099165    4.942174    0.904420   17.713313
    0.950980    0.305790    0.019160   -0.108716    0.000000       -3.378336        1.000000   32.432824    4.993596    0.904420   17.713313
    0.960784    0.300128    0.051184   -0.288472    0.000000       -3.616017        1.000000   32.760305    5.043794    0.904420   17.713313
    0.970588    0.285110    0.135171   -0.747561    0.000000       -4.222986        1.000000   33.071399    5.090713    0.904420   17.713313
    0.980392    0.246412    0.345736   -1.810312    0.000000       -5.628415        1.000000   33.340268    5.129147    0.904420   17.713313
    0.990196    0.156225    0.810931   -3.628079    0.000000       -8.037247        1.000000   33.510732    5.149597    0.904420   17.713313
    1.000000    0.000000    1.570796   -4.794693    0.000000       -9.589386        1.000000   33.510732    5.152212    0.904420   17.713313
