           t           r         psi          cs          qs               p             sig           A           V          Q2           S
    0.000000   -0.000000   -1.570796   -1.026150    0.000000       -2.052299        1.000000    0.000000   -0.000000    0.303590    3.893765
    0.009804    0.038164   -1.531620   -1.026453    0.000000       -2.052704        1.000000    0.000000    0.000002    0.303590    3.893765
    0.019608    0.076270   -1.492421   -1.027372    0.000000       -2.053927        1.000000    0.018294    0.000027    0.303590    3.893765
    0.029412    0.114259   -1.453174   -1.028927    0.000000       -2.055994        1.000000    0.045699    0.000138    0.303590    3.893765
    0.039216    0.152071   -1.413855   -1.031155    0.000000       -2.058946        1.000000    0.082175    0.000435    0.303590    3.893765
    0.049020    0.189649   -1.374438   -1.034106    0.000000       -2.062844        1.000000    0.127663    0.001058    0.303590    3.893765
    0.058824    0.226933   -1.334893   -1.037848    0.000000       -2.067763        1.000000    0.182094    0.002183    0.303590    3.893765
    0.068627    0.263863   -1.295189   -1.042463    0.000000       -2.073800        1.000000    0.245383    0.004020    0.303590    3.893765
    0.078431    0.300380   -1.255290   -1.048051    0.000000       -2.081070        1.000000    0.317431    0.006813    0.303590    3.893765
    0.088235    0.336422   -1.215158   -1.054734    0.000000       -2.089709        1.000000    0.398123    0.010830    0.303590    3.893765
    0.098039    0.371930   -1.174747   -1.062654    0.000000       -2.099882        1.000000    0.487333    0.016367    0.303590    3.893765
    0.107843    0.406840   -1.134008   -1.071979    0.000000       -2.111778        1.000000    0.584915    0.023738    0.303590    3.893765
    0.117647    0.441089   -1.092883   -1.082905    0.000000       -2.125614        1.000000    0.690713    0.033274    0.303590    3.893765
    0.127451    0.474612   -1.051307   -1.095658    0.000000       -2.141643        1.000000    0.804551    0.045316    0.303590    3.893765
    0.137255    0.507342   -1.009205   -1.110492    0.000000       -2.160147        1.000000    0.926240    0.060212    0.303590    3.893765
    0.147059    0.539210   -0.966492   -1.127697    0.000000       -2.181441        1.000000    1.055572    0.078309    0.303590    3.893765
    0.156863    0.570144   -0.923073   -1.147585    0.000000       -2.205865        1.000000    1.192324    0.099948    0.303590    3.893765
    0.166667    0.600069   -0.878838   -1.170488    0.000000       -2.233776        1.000000    1.336254    0.125460    0.303590    3.893765
    0.176471    0.628905   -0.833666   -1.196732    0.000000       -2.265519        1.000000    1.487101    0.155155    0.303590    3.893765
    0.186275    0.656569   -0.787423   -1.226604    0.000000       -2.301394        1.000000    1.644582    0.189317    0.303590    3.893765
    0.196078    0.682970   -0.739968   -1.260288    0.000000       -2.341580        1.000000    1.808396    0.228196    0.303590    3.893765
    0.205882    0.708015   -0.691154   -1.297770    0.000000       -2.386039        1.000000    1.978217    0.272000    0.303590    3.893765
    0.215686    0.731602   -0.640842   -1.338680    0.000000       -2.434348        1.000000    2.153696    0.320880    0.303590    3.893765
    0.225490    0.753625   -0.588916   -1.382086    0.000000       -2.485477        1.000000    2.334457    0.374926    0.303590    3.893765
    0.235294    0.773973   -0.535312   -1.426202    0.000000       -2.537493        1.000000    2.520099    0.434148    0.303590    3.893765
    0.245098    0.792534   -0.480056   -1.468063    0.000000       -2.587219        1.000000    2.710192    0.498465    0.303590    3.893765
    0.254902    0.809198   -0.423312   -1.503225    0.000000       -2.629938        1.000000    2.904282    0.567695    0.303590    3.893765
    0.264706    0.823866   -0.365448   -1.525671    0.000000       -2.659307        1.000000    3.101891    0.641541    0.303590    3.893765
    0.274510    0.836461   -0.307084   -1.528150    0.000000       -2.667737        1.000000    3.302521    0.719590    0.303590    3.893765
    0.284314    0.846936   -0.249126   -1.503208    0.000000       -2.647483        1.000000    3.505663    0.801318    0.303590    3.893765
    0.294118    0.855294   -0.192742   -1.444923    0.000000       -2.592462        1.000000    3.710810    0.886111    0.303590    3.893765
    0.303922    0.861590   -0.139265   -1.350920    0.000000       -2.500328        1.000000    3.917467    0.973303    0.303590    3.893765
    0.313725    0.865941   -0.090026   -1.223785    0.000000       -2.373921        1.000000    4.125167    1.062220    0.303590    3.893765
    0.323529    0.868520   -0.046159   -1.071027    0.000000       -2.221185        1.000000    4.333486    1.152232    0.303590    3.893765
    0.333333    0.869541   -0.008444   -0.903426    0.000000       -2.053416        1.000000    4.542050    1.242791    0.303590    3.893765
    0.343137    0.869247    0.022775   -0.732509    0.000000       -1.882632        1.000000    4.750544    1.333452    0.303590    3.893765
    0.352941    0.867885    0.047568   -0.568279    0.000000       -1.719202        1.000000    4.958711    1.423882    0.303590    3.893765
    0.362745    0.865694    0.066340   -0.417924    0.000000       -1.570526        1.000000    5.166352    1.513849    0.303590    3.893765
    0.372549    0.862892    0.079707   -0.285604    0.000000       -1.440818        1.000000    5.373321    1.603202    0.303590    3.893765
    0.382353    0.859674    0.088396   -0.172930    0.000000       -1.331620        1.000000    5.579519    1.691855    0.303590    3.893765
    0.392157    0.856202    0.093158   -0.079711    0.000000       -1.242596        1.000000    5.784883    1.779766    0.303590    3.893765
    0.401961    0.852612    0.094713   -0.004668    0.000000       -1.172277        1.000000    5.989387    1.866927    0.303590    3.893765
    0.411765    0.849014    0.093722    0.054020    0.000000       -1.118648        1.000000    6.193028    1.953354    0.303590    3.893765
    0.421569    0.845492    0.090772    0.098342    0.000000       -1.079532        1.000000    6.395823    2.039074    0.303590    3.893765
    0.431373    0.842112    0.086372    0.130248    0.000000       -1.052816        1.000000    6.597808    2.124124    0.303590    3.893765
    0.441176    0.838919    0.080963    0.151530    0.000000       -1.036576        1.000000    6.799027    2.208548    0.303590    3.893765
    0.450980    0.835945    0.074918    0.163779    0.000000       -1.029116        1.000000    6.999533    2.292393    0.303590    3.893765
    0.460784    0.833208    0.068555    0.168379    0.000000       -1.028981        1.000000    7.199383    2.375706    0.303590    3.893765
    0.470588    0.830716    0.062144    0.166515    0.000000       -1.034942        1.000000    7.398634    2.458534    0.303590    3.893765
    0.480392    0.828465    0.055912    0.159196    0.000000       -1.045971        1.000000    7.597346    2.540923    0.303590    3.893765
    0.490196    0.826444    0.050049    0.147272    0.000000       -1.061216        1.000000    7.795573    2.622916    0.303590    3.893765
    0.500000    0.824638    0.044717    0.131462    0.000000       -1.079979        1.000000    7.993367    2.704554    0.303590    3.893765
    0.509804    0.823023    0.040054    0.112364    0.000000       -1.101694        1.000000    8.190773    2.785873    0.303590    3.893765
    0.519608    0.821571    0.036174    0.090476    0.000000       -1.125908        1.000000    8.387832    2.866904    0.303590    3.893765
    0.529412    0.820251    0.033176    0.066203    0.000000       -1.152266        1.000000    8.584573    2.947672    0.303590    3.893765
    0.539216    0.819026    0.031146    0.039869    0.000000       -1.180501        1.000000    8.781021    3.028197    0.303590    3.893765
    0.549020    0.817860    0.030155    0.011726    0.000000       -1.210422        1.000000    8.977189    3.108493    0.303590    3.893765
    0.558824    0.816710    0.030271   -0.018045    0.000000       -1.241909        1.000000    9.173081    3.188563    0.303590    3.893765
    0.568627    0.815534    0.031552   -0.049323    0.000000       -1.274902        1.000000    9.368692    3.268404    0.303590    3.893765
    0.578431    0.814286    0.034055   -0.082043    0.000000       -1.309401        1.000000    9.564002    3.348005    0.303590    3.893765
    0.588235    0.812918    0.037834   -0.116194    0.000000       -1.345449        1.000000    9.758985    3.427342    0.303590    3.893765
    0.598039    0.811381    0.042945   -0.151804    0.000000       -1.383133        1.000000    9.953599    3.506384    0.303590    3.893765
    0.607843    0.809623    0.049444   -0.188937    0.000000       -1.422570        1.000000   10.147792    3.585086    0.303590    3.893765
    0.617647    0.807590    0.057390   -0.227679    0.000000       -1.463894        1.000000   10.341497    3.663393    0.303590    3.893765
    0.627451    0.805225    0.066848   -0.268127    0.000000       -1.507242        1.000000   10.534634    3.741237    0.303590    3.893765
    0.637255    0.802470    0.077884   -0.310367    0.000000       -1.552742        1.000000   10.727111    3.818535    0.303590    3.893765
    0.647059    0.799264    0.090568   -0.354465    0.000000       -1.600489        1.000000   10.918818    3.895191    0.303590    3.893765
    0.656863    0.795543    0.104971   -0.400445    0.000000       -1.650529        1.000000   11.109633    3.971093    0.303590    3.893765
    0.666667    0.791242    0.121165   -0.448272    0.000000       -1.702843        1.000000   11.299417    4.046112    0.303590    3.893765
    0.676471    0.786292    0.139218   -0.497841    0.000000       -1.757329        1.000000   11.488013    4.120105    0.303590    3.893765
    0.686275    0.780623    0.159194   -0.548964    0.000000       -1.813793        1.000000   11.675250    4.192913    0.303590    3.893765
    0.696078    0.774165    0.181147   -0.601367    0.000000       -1.871946        1.000000   11.860938    4.264357    0.303590    3.893765
    0.705882    0.766845    0.205119   -0.654696    0.000000       -1.931404        1.000000   12.044869    4.334247    0.303590    3.893765
    0.715686    0.758590    0.231138   -0.708523    0.000000       -1.991701        1.000000   12.226821    4.402377    0.303590    3.893765
    0.725490    0.749331    0.259214   -0.762368    0.000000       -2.052308        1.000000   12.406552    4.468529    0.303590    3.893765
    0.735294    0.738998    0.289337   -0.815719    0.000000       -2.112655        1.000000   12.583805    4.532479    0.303590    3.893765
    0.745098    0.727526    0.321480   -0.868058    0.000000       -2.172160        1.000000   12.758306    4.593997    0.303590    3.893765
    0.754902    0.714855    0.355593   -0.918888    0.000000       -2.230259        1.000000   12.929768    4.652854    0.303590    3.893765
    0.764706    0.700929    0.391610   -0.967758    0.000000       -2.286431        1.000000   13.097889    4.708827    0.303590    3.893765
    0.774510    0.685700    0.429450   -1.014280    0.000000       -2.340218        1.000000   13.262358    4.761707    0.303590    3.893765
    0.784314    0.669127    0.469015   -1.058145    0.000000       -2.391245        1.000000   13.422852    4.811303    0.303590    3.893765
    0.794118    0.651181    0.510200   -1.099126    0.000000       -2.439225        1.000000   13.579041    4.857451    0.303590    3.893765
    0.803922    0.631837    0.552893   -1.137081    0.000000       -2.483962        1.000000   13.730590    4.900020    0.303590    3.893765
    0.813725    0.611084    0.596975   -1.171947    0.000000       -2.525346        1.000000   13.877162    4.938915    0.303590    3.893765
    0.823529    0.588919    0.642330   -1.203734    0.000000       -2.563348        1.000000   14.018417    4.974086    0.303590    3.893765
    0.833333    0.565351    0.688840   -1.232508    0.000000       -2.598004        1.000000   14.154020    5.005530    0.303590    3.893765
    0.843137    0.540396    0.736393   -1.258382    0.000000       -2.629405        1.000000   14.283637    5.033292    0.303590    3.893765
    0.852941    0.514084    0.784880   -1.281504    0.000000       -2.657684        1.000000   14.406942    5.057466    0.303590    3.893765
    0.862745    0.486452    0.834201   -1.302045    0.000000       -2.683004        1.000000   14.523621    5.078194    0.303590    3.893765
    0.872549    0.457546    0.884259   -1.320188    0.000000       -2.705543        1.000000   14.633365    5.095664    0.303590    3.893765
    0.882353    0.427421    0.934967   -1.336121    0.000000       -2.725491        1.000000   14.735884    5.110104    0.303590    3.893765
    0.892157    0.396140    0.986244   -1.350029    0.000000       -2.743039        1.000000   14.830901    5.121778    0.303590    3.893765
    0.901961    0.363774    1.038016   -1.362092    0.000000       -2.758373        1.000000   14.918154    5.130975    0.303590    3.893765
    0.911765    0.330400    1.090216   -1.372478    0.000000       -2.771672        1.000000   14.997402    5.138005    0.303590    3.893765
    0.921569    0.296103    1.142783   -1.381341    0.000000       -2.783100        1.000000   15.068424    5.143187    0.303590    3.893765
    0.931373    0.260970    1.195661   -1.388823    0.000000       -2.792810        1.000000   15.131019    5.146840    0.303590    3.893765
    0.941176    0.225096    1.248801   -1.395048    0.000000       -2.800939        1.000000   15.185009    5.149273    0.303590    3.893765
    0.950980    0.188579    1.302156   -1.400126    0.000000       -2.807606        1.000000   15.230241    5.150779    0.303590    3.893765
    0.960784    0.151520    1.355685   -1.404151    0.000000       -2.812915        1.000000   15.266584    5.151619    0.303590    3.893765
    0.970588    0.114025    1.409348   -1.407199    0.000000       -2.816952        1.000000   15.293933    5.152023    0.303590    3.893765
    0.980392    0.076201    1.463111   -1.409332    0.000000       -2.819786        1.000000   15.312210    5.152174    0.303590    3.893765
    0.990196    0.038156    1.516937   -1.410594    0.000000       -2.821466        1.000000   15.321362    5.152210    0.303590    3.893765
    1.000000    0.000000    1.570796   -1.411011    0.000000       -2.822022        1.000000   15.321362    5.152212    0.303590    3.893765
