           t           r         psi          cs          qs               p             sig           A           V          Q2           S
    0.000000    0.000000   -1.570796   -0.987903    0.000000       -1.975806        1.000000    0.000000    0.000000    0.068791    3.529842
    0.009804    0.034600   -1.536608   -0.987922    0.000000       -1.975831        1.000000    0.000000    0.000001    0.068791    3.529842
    0.019608    0.069159   -1.502419   -0.987979    0.000000       -1.975907        1.000000    0.015038    0.000018    0.068791    3.529842
    0.029412    0.103637   -1.468227   -0.988075    0.000000       -1.976035        1.000000    0.037572    0.000090    0.068791    3.529842
    0.039216    0.137994   -1.434032   -0.988213    0.000000       -1.976218        1.000000    0.067577    0.000283    0.068791    3.529842
    0.049020    0.172190   -1.399830   -0.988396    0.000000       -1.976460        1.000000    0.105018    0.000689    0.068791    3.529842
    0.058824    0.206184   -1.365622   -0.988627    0.000000       -1.976764        1.000000    0.149850    0.001422    0.068791    3.529842
    0.068627    0.239938   -1.331404   -0.988911    0.000000       -1.977136        1.000000    0.202022    0.002622    0.068791    3.529842
    0.078431    0.273410   -1.297176   -0.989256    0.000000       -1.977585        1.000000    0.261471    0.004447    0.068791    3.529842
    0.088235    0.306562   -1.262934   -0.989667    0.000000       -1.978118        1.000000    0.328130    0.007077    0.068791    3.529842
    0.098039    0.339355   -1.228677   -0.990154    0.000000       -1.978745        1.000000    0.401918    0.010707    0.068791    3.529842
    0.107843    0.371751   -1.194402   -0.990728    0.000000       -1.979480        1.000000    0.482751    0.015550    0.068791    3.529842
    0.117647    0.403710   -1.160105   -0.991402    0.000000       -1.980337        1.000000    0.570533    0.021829    0.068791    3.529842
    0.127451    0.435196   -1.125783   -0.992193    0.000000       -1.981333        1.000000    0.665161    0.029778    0.068791    3.529842
    0.137255    0.466169   -1.091432   -0.993118    0.000000       -1.982491        1.000000    0.766523    0.039638    0.068791    3.529842
    0.147059    0.496595   -1.057045   -0.994202    0.000000       -1.983837        1.000000    0.874502    0.051654    0.068791    3.529842
    0.156863    0.526435   -1.022618   -0.995473    0.000000       -1.985402        1.000000    0.988969    0.066072    0.068791    3.529842
    0.166667    0.555654   -0.988143   -0.996965    0.000000       -1.987224        1.000000    1.109789    0.083138    0.068791    3.529842
    0.176471    0.584216   -0.953613   -0.998721    0.000000       -1.989349        1.000000    1.236820    0.103091    0.068791    3.529842
    0.186275    0.612086   -0.919016   -1.000794    0.000000       -1.991836        1.000000    1.369910    0.126164    0.068791    3.529842
    0.196078    0.639229   -0.884341   -1.003248    0.000000       -1.994754        1.000000    1.508903    0.152578    0.068791    3.529842
    0.205882    0.665610   -0.849573   -1.006165    0.000000       -1.998192        1.000000    1.653631    0.182543    0.068791    3.529842
    0.215686    0.691196   -0.814695   -1.009647    0.000000       -2.002260        1.000000    1.803924    0.216248    0.068791    3.529842
    0.225490    0.715952   -0.779685   -1.013824    0.000000       -2.007096        1.000000    1.959599    0.253869    0.068791    3.529842
    0.235294    0.739845   -0.744516   -1.018861    0.000000       -2.012875        1.000000    2.120469    0.295555    0.068791    3.529842
    0.245098    0.762840   -0.709154   -1.024970    0.000000       -2.019821        1.000000    2.286339    0.341436    0.068791    3.529842
    0.254902    0.784904   -0.673559   -1.032425    0.000000       -2.028223        1.000000    2.457007    0.391612    0.068791    3.529842
    0.264706    0.806002   -0.637678   -1.041581    0.000000       -2.038453        1.000000    2.632262    0.446158    0.068791    3.529842
    0.274510    0.826097   -0.601444   -1.052902    0.000000       -2.050993        1.000000    2.811887    0.505118    0.068791    3.529842
    0.284314    0.845152   -0.564772   -1.066993    0.000000       -2.066471        1.000000    2.995655    0.568505    0.068791    3.529842
    0.294118    0.863127   -0.527554   -1.084646    0.000000       -2.085705        1.000000    3.183331    0.636299    0.068791    3.529842
    0.303922    0.879980   -0.489648   -1.106880    0.000000       -2.109742        1.000000    3.374672    0.708446    0.068791    3.529842
    0.313725    0.895662   -0.450876   -1.134974    0.000000       -2.139891        1.000000    3.569422    0.784854    0.068791    3.529842
    0.323529    0.910120   -0.411009   -1.170446    0.000000       -2.177695        1.000000    3.767317    0.865395    0.068791    3.529842
    0.333333    0.923293   -0.369763   -1.214851    0.000000       -2.224729        1.000000    3.968076    0.949898    0.068791    3.529842
    0.343137    0.935108   -0.326811   -1.269163    0.000000       -2.281957        1.000000    4.171403    1.038146    0.068791    3.529842
    0.352941    0.945482   -0.281819   -1.332205    0.000000       -2.348143        1.000000    4.376987    1.129868    0.068791    3.529842
    0.362745    0.954324   -0.234577   -1.397346    0.000000       -2.416510        1.000000    4.584493    1.224730    0.068791    3.529842
    0.372549    0.961540   -0.185275   -1.447152    0.000000       -2.469352        1.000000    4.793568    1.322321    0.068791    3.529842
    0.382353    0.967057   -0.134964   -1.449100    0.000000       -2.473762        1.000000    5.003842    1.422142    0.068791    3.529842
    0.392157    0.970864   -0.086004   -1.362846    0.000000       -2.389050        1.000000    5.214945    1.523617    0.068791    3.529842
    0.401961    0.973056   -0.041905   -1.168570    0.000000       -2.195358        1.000000    5.426524    1.626137    0.068791    3.529842
    0.411765    0.973858   -0.006052   -0.895184    0.000000       -1.922009        1.000000    5.638277    1.729149    0.068791    3.529842
    0.421569    0.973590    0.019883   -0.606653    0.000000       -1.633576        1.000000    5.849972    1.832240    0.068791    3.529842
    0.431373    0.972591    0.036410   -0.358077    0.000000       -1.385577        1.000000    6.061450    1.935152    0.068791    3.529842
    0.441176    0.971157    0.045407   -0.172797    0.000000       -1.201435        1.000000    6.272617    2.037758    0.068791    3.529842
    0.450980    0.969511    0.049089   -0.049558    0.000000       -1.079764        1.000000    6.483425    2.140009    0.068791    3.529842
    0.460784    0.967799    0.049422    0.022985    0.000000       -1.009025        1.000000    6.693861    2.241894    0.068791    3.529842
    0.470588    0.966112    0.047938    0.057311    0.000000       -0.976577        1.000000    6.903930    2.343425    0.068791    3.529842
    0.480392    0.964490    0.045776    0.063716    0.000000       -0.972014        1.000000    7.113647    2.444617    0.068791    3.529842
    0.490196    0.962943    0.043762    0.049815    0.000000       -0.987673        1.000000    7.323027    2.545488    0.068791    3.529842
    0.500000    0.961454    0.042500    0.020977    0.000000       -1.018176        1.000000    7.532083    2.646048    0.068791    3.529842
    0.509804    0.959989    0.042439   -0.019076    0.000000       -1.059817        1.000000    7.740821    2.746304    0.068791    3.529842
    0.519608    0.958500    0.043919   -0.067750    0.000000       -1.110041        1.000000    7.949235    2.846250    0.068791    3.529842
    0.529412    0.956929    0.047206   -0.123181    0.000000       -1.167026        1.000000    8.157308    2.945868    0.068791    3.529842
    0.539216    0.955210    0.052506   -0.183936    0.000000       -1.229383        1.000000    8.365006    3.045125    0.068791    3.529842
    0.549020    0.953271    0.059984   -0.248787    0.000000       -1.295919        1.000000    8.572284    3.143971    0.068791    3.529842
    0.558824    0.951035    0.069759   -0.316548    0.000000       -1.365477        1.000000    8.779075    3.242334    0.068791    3.529842
    0.568627    0.948420    0.081912   -0.385979    0.000000       -1.436829        1.000000    8.985297    3.340123    0.068791    3.529842
    0.578431    0.945344    0.096478   -0.455747    0.000000       -1.508644        1.000000    9.190850    3.437221    0.068791    3.529842
    0.588235    0.941725    0.113443   -0.524466    0.000000       -1.579521        1.000000    9.395617    3.533487    0.068791    3.529842
    0.598039    0.937483    0.132749   -0.590777    0.000000       -1.648078        1.000000    9.599461    3.628756    0.068791    3.529842
    0.607843    0.932540    0.154291   -0.653462    0.000000       -1.713064        1.000000    9.802230    3.722840    0.068791    3.529842
    0.617647    0.926823    0.177924   -0.711545    0.000000       -1.773466        1.000000   10.003757    3.815527    0.068791    3.529842
    0.627451    0.920269    0.203478   -0.764363    0.000000       -1.828584        1.000000   10.203858    3.906592    0.068791    3.529842
    0.637255    0.912819    0.230763   -0.811581    0.000000       -1.878049        1.000000   10.402340    3.995794    0.068791    3.529842
    0.647059    0.904424    0.259584   -0.853169    0.000000       -1.921802        1.000000   10.598995    4.082884    0.068791    3.529842
    0.656863    0.895042    0.289750   -0.889339    0.000000       -1.960033        1.000000   10.793611    4.167612    0.068791    3.529842
    0.666667    0.884639    0.321080   -0.920475    0.000000       -1.993110        1.000000   10.985965    4.249730    0.068791    3.529842
    0.676471    0.873191    0.353406   -0.947062    0.000000       -2.021510        1.000000   11.175830    4.329002    0.068791    3.529842
    0.686275    0.860680    0.386582   -0.969627    0.000000       -2.045756        1.000000   11.362974    4.405201    0.068791    3.529842
    0.696078    0.847094    0.420476   -0.988697    0.000000       -2.066375        1.000000   11.547164    4.478121    0.068791    3.529842
    0.705882    0.832427    0.454978   -1.004767    0.000000       -2.083866        1.000000   11.728165    4.547579    0.068791    3.529842
    0.715686    0.816680    0.489990   -1.018290    0.000000       -2.098687        1.000000   11.905742    4.613416    0.068791    3.529842
    0.725490    0.799857    0.525431   -1.029663    0.000000       -2.111241        1.000000   12.079662    4.675500    0.068791    3.529842
    0.735294    0.781967    0.561234   -1.039230    0.000000       -2.121882        1.000000   12.249691    4.733733    0.068791    3.529842
    0.745098    0.763025    0.597342   -1.047285    0.000000       -2.130912        1.000000   12.415601    4.788044    0.068791    3.529842
    0.754902    0.743045    0.633705   -1.054077    0.000000       -2.138586        1.000000   12.577167    4.838398    0.068791    3.529842
    0.764706    0.722048    0.670285   -1.059813    0.000000       -2.145121        1.000000   12.734168    4.884790    0.068791    3.529842
    0.774510    0.700058    0.707047   -1.064667    0.000000       -2.150696        1.000000   12.886387    4.927248    0.068791    3.529842
    0.784314    0.677097    0.743965   -1.068781    0.000000       -2.155463        1.000000   13.033613    4.965832    0.068791    3.529842
    0.794118    0.653196    0.781013   -1.072277    0.000000       -2.159548        1.000000   13.175643    5.000631    0.068791    3.529842
    0.803922    0.628382    0.818174   -1.075254    0.000000       -2.163056        1.000000   13.312277    5.031763    0.068791    3.529842
    0.813725    0.602688    0.855429   -1.077792    0.000000       -2.166073        1.000000   13.443324    5.059372    0.068791    3.529842
    0.823529    0.576148    0.892766   -1.079961    0.000000       -2.168674        1.000000   13.568600    5.083626    0.068791    3.529842
    0.833333    0.548797    0.930173   -1.081817    0.000000       -2.170918        1.000000   13.687929    5.104712    0.068791    3.529842
    0.843137    0.520671    0.967639   -1.083407    0.000000       -2.172857        1.000000   13.801143    5.122839    0.068791    3.529842
    0.852941    0.491810    1.005155   -1.084770    0.000000       -2.174535        1.000000   13.908081    5.138226    0.068791    3.529842
    0.862745    0.462252    1.042716   -1.085940    0.000000       -2.175985        1.000000   14.008592    5.151105    0.068791    3.529842
    0.872549    0.432040    1.080314   -1.086944    0.000000       -2.177240        1.000000   14.102534    5.161717    0.068791    3.529842
    0.882353    0.401214    1.117945   -1.087805    0.000000       -2.178324        1.000000   14.189773    5.170305    0.068791    3.529842
    0.892157    0.369818    1.155603   -1.088542    0.000000       -2.179259        1.000000   14.270185    5.177112    0.068791    3.529842
    0.901961    0.337897    1.193284   -1.089171    0.000000       -2.180063        1.000000   14.343657    5.182380    0.068791    3.529842
    0.911765    0.305494    1.230986   -1.089705    0.000000       -2.180751        1.000000   14.410083    5.186340    0.068791    3.529842
    0.921569    0.272657    1.268705   -1.090157    0.000000       -2.181337        1.000000   14.469369    5.189215    0.068791    3.529842
    0.931373    0.239432    1.306438   -1.090536    0.000000       -2.181831        1.000000   14.521430    5.191216    0.068791    3.529842
    0.941176    0.205865    1.344183   -1.090850    0.000000       -2.182241        1.000000   14.566193    5.192533    0.068791    3.529842
    0.950980    0.172005    1.381938   -1.091105    0.000000       -2.182577        1.000000   14.603593    5.193340    0.068791    3.529842
    0.960784    0.137899    1.419700   -1.091306    0.000000       -2.182843        1.000000   14.633578    5.193787    0.068791    3.529842
    0.970588    0.103597    1.457469   -1.091459    0.000000       -2.183045        1.000000   14.656104    5.194001    0.068791    3.529842
    0.980392    0.069147    1.495242   -1.091565    0.000000       -2.183187        1.000000   14.671139    5.194080    0.068791    3.529842
    0.990196    0.034598    1.533019   -1.091628    0.000000       -2.183271        1.000000   14.678662    5.194099    0.068791    3.529842
    1.000000    0.000000    1.570796   -1.091649    0.000000       -2.183299        1.000000   14.678662    5.194100    0.068791    3.529842
