           t           r         psi          cs          qs               p             sig           A           V          Q2           S
    0.000000    0.000000   -1.570796   -0.988289    0.000000       -1.976579        1.000000    0.000000    0.000000    0.179916    3.461118
    0.009804    0.033926   -1.537260   -0.988387    0.000000       -1.976709        1.000000    0.000000    0.000001    0.179916    3.461118
    0.019608    0.067814   -1.503717   -0.988684    0.000000       -1.977104        1.000000    0.014458    0.000016    0.179916    3.461118
    0.029412    0.101626   -1.470161   -0.989185    0.000000       -1.977770        1.000000    0.036125    0.000083    0.179916    3.461118
    0.039216    0.135323   -1.436584   -0.989900    0.000000       -1.978719        1.000000    0.064977    0.000262    0.179916    3.461118
    0.049020    0.168868   -1.402978   -0.990844    0.000000       -1.979968        1.000000    0.100980    0.000638    0.179916    3.461118
    0.058824    0.202222   -1.369337   -0.992035    0.000000       -1.981537        1.000000    0.144095    0.001317    0.179916    3.461118
    0.068627    0.235348   -1.335651   -0.993497    0.000000       -1.983455        1.000000    0.194272    0.002428    0.179916    3.461118
    0.078431    0.268207   -1.301910   -0.995257    0.000000       -1.985753        1.000000    0.251455    0.004121    0.179916    3.461118
    0.088235    0.300762   -1.268104   -0.997350    0.000000       -1.988471        1.000000    0.315579    0.006561    0.179916    3.461118
    0.098039    0.332974   -1.234221   -0.999817    0.000000       -1.991657        1.000000    0.386570    0.009934    0.179916    3.461118
    0.107843    0.364806   -1.200246   -1.002707    0.000000       -1.995365        1.000000    0.464349    0.014437    0.179916    3.461118
    0.117647    0.396220   -1.166166   -1.006078    0.000000       -1.999663        1.000000    0.548824    0.020281    0.179916    3.461118
    0.127451    0.427178   -1.131963   -1.009998    0.000000       -2.004627        1.000000    0.639901    0.027689    0.179916    3.461118
    0.137255    0.457642   -1.097616   -1.014549    0.000000       -2.010348        1.000000    0.737472    0.036889    0.179916    3.461118
    0.147059    0.487574   -1.063102   -1.019827    0.000000       -2.016935        1.000000    0.841425    0.048117    0.179916    3.461118
    0.156863    0.516935   -1.028395   -1.025947    0.000000       -2.024514        1.000000    0.951638    0.061609    0.179916    3.461118
    0.166667    0.545685   -0.993465   -1.033043    0.000000       -2.033235        1.000000    1.067980    0.077605    0.179916    3.461118
    0.176471    0.573787   -0.958275   -1.041277    0.000000       -2.043273        1.000000    1.190314    0.096337    0.179916    3.461118
    0.186275    0.601199   -0.922784   -1.050838    0.000000       -2.054837        1.000000    1.318493    0.118036    0.179916    3.461118
    0.196078    0.627881   -0.886942   -1.061951    0.000000       -2.068169        1.000000    1.452359    0.142923    0.179916    3.461118
    0.205882    0.653790   -0.850694   -1.074880    0.000000       -2.083555        1.000000    1.591750    0.171207    0.179916    3.461118
    0.215686    0.678883   -0.813972   -1.089933    0.000000       -2.101325        1.000000    1.736491    0.203084    0.179916    3.461118
    0.225490    0.703114   -0.776697   -1.107468    0.000000       -2.121859        1.000000    1.886398    0.238732    0.179916    3.461118
    0.235294    0.726435   -0.738780   -1.127891    0.000000       -2.145587        1.000000    2.041277    0.278309    0.179916    3.461118
    0.245098    0.748796   -0.700115   -1.151647    0.000000       -2.172977        1.000000    2.200924    0.321950    0.179916    3.461118
    0.254902    0.770142   -0.660581   -1.179205    0.000000       -2.204517        1.000000    2.365121    0.369762    0.179916    3.461118
    0.264706    0.790416   -0.620040   -1.211013    0.000000       -2.240667        1.000000    2.533642    0.421824    0.179916    3.461118
    0.274510    0.809555   -0.578343   -1.247410    0.000000       -2.281769        1.000000    2.706242    0.478177    0.179916    3.461118
    0.284314    0.827490   -0.535332   -1.288486    0.000000       -2.327894        1.000000    2.882667    0.538823    0.179916    3.461118
    0.294118    0.844149   -0.490852   -1.333827    0.000000       -2.378586        1.000000    3.062643    0.603719    0.179916    3.461118
    0.303922    0.859453   -0.444777   -1.382141    0.000000       -2.432468        1.000000    3.245882    0.672770    0.179916    3.461118
    0.313725    0.873321   -0.397049   -1.430721    0.000000       -2.486698        1.000000    3.432078    0.745820    0.179916    3.461118
    0.323529    0.885670   -0.347731   -1.474816    0.000000       -2.536328        1.000000    3.620907    0.822642    0.179916    3.461118
    0.333333    0.896423   -0.297093   -1.507115    0.000000       -2.573789        1.000000    3.812028    0.902936    0.179916    3.461118
    0.343137    0.905520   -0.245694   -1.517805    0.000000       -2.588979        1.000000    4.005089    0.986322    0.179916    3.461118
    0.352941    0.912924   -0.194456   -1.495872    0.000000       -2.570608        1.000000    4.199728    1.072343    0.179916    3.461118
    0.362745    0.918644   -0.144653   -1.432017    0.000000       -2.509210        1.000000    4.395587    1.160486    0.179916    3.461118
    0.372549    0.922736   -0.097791   -1.322577    0.000000       -2.401133        1.000000    4.592319    1.250207    0.179916    3.461118
    0.382353    0.925317   -0.055361   -1.172388    0.000000       -2.251443        1.000000    4.789600    1.340980    0.179916    3.461118
    0.392157    0.926554   -0.018543   -0.994426    0.000000       -2.073508        1.000000    4.987146    1.432331    0.179916    3.461118
    0.401961    0.926647    0.012008   -0.805971    0.000000       -1.885053        1.000000    5.184711    1.523871    0.179916    3.461118
    0.411765    0.925811    0.036224   -0.623551    0.000000       -1.702976        1.000000    5.382098    1.615309    0.179916    3.461118
    0.421569    0.924256    0.054533   -0.459345    0.000000       -1.539688        1.000000    5.579153    1.706440    0.179916    3.461118
    0.431373    0.922170    0.067682   -0.320119    0.000000       -1.402035        1.000000    5.775764    1.797134    0.179916    3.461118
    0.441176    0.919714    0.076566   -0.208044    0.000000       -1.292152        1.000000    5.971851    1.887315    0.179916    3.461118
    0.450980    0.917017    0.082099   -0.122229    0.000000       -1.209048        1.000000    6.167363    1.976941    0.179916    3.461118
    0.460784    0.914177    0.085130   -0.060162    0.000000       -1.150081        1.000000    6.362270    2.065996    0.179916    3.461118
    0.470588    0.911266    0.086415   -0.018720    0.000000       -1.111999        1.000000    6.556556    2.154476    0.179916    3.461118
    0.480392    0.908332    0.086598    0.005231    0.000000       -1.091563        1.000000    6.750216    2.242384    0.179916    3.461118
    0.490196    0.905403    0.086225    0.014537    0.000000       -1.085840        1.000000    6.943252    2.329727    0.179916    3.461118
    0.500000    0.902489    0.085750    0.011655    0.000000       -1.092321        1.000000    7.135666    2.416511    0.179916    3.461118
    0.509804    0.899587    0.085549   -0.001365    0.000000       -1.108920        1.000000    7.327462    2.502742    0.179916    3.461118
    0.519608    0.896684    0.085938   -0.022831    0.000000       -1.133936        1.000000    7.518639    2.588417    0.179916    3.461118
    0.529412    0.893753    0.087178   -0.051360    0.000000       -1.165988        1.000000    7.709191    2.673531    0.179916    3.461118
    0.539216    0.890763    0.089490   -0.085815    0.000000       -1.203956        1.000000    7.899106    2.758071    0.179916    3.461118
    0.549020    0.887674    0.093058   -0.125250    0.000000       -1.246916        1.000000    8.088362    2.842014    0.179916    3.461118
    0.558824    0.884440    0.098037   -0.168862    0.000000       -1.294091        1.000000    8.276928    2.925329    0.179916    3.461118
    0.568627    0.881014    0.104557   -0.215947    0.000000       -1.344805        1.000000    8.464764    3.007973    0.179916    3.461118
    0.578431    0.877339    0.112725   -0.265871    0.000000       -1.398447        1.000000    8.651817    3.089891    0.179916    3.461118
    0.588235    0.873360    0.122626   -0.318035    0.000000       -1.454440        1.000000    8.838021    3.171015    0.179916    3.461118
    0.598039    0.869018    0.134327   -0.371862    0.000000       -1.512220        1.000000    9.023300    3.251263    0.179916    3.461118
    0.607843    0.864251    0.147875   -0.426781    0.000000       -1.571224        1.000000    9.207562    3.330540    0.179916    3.461118
    0.617647    0.858998    0.163296   -0.482222    0.000000       -1.630882        1.000000    9.390704    3.408735    0.179916    3.461118
    0.627451    0.853198    0.180600   -0.537621    0.000000       -1.690620        1.000000    9.572609    3.485722    0.179916    3.461118
    0.637255    0.846788    0.199775   -0.592424    0.000000       -1.749870        1.000000    9.753148    3.561364    0.179916    3.461118
    0.647059    0.839710    0.220792   -0.646104    0.000000       -1.808081        1.000000    9.932178    3.635507    0.179916    3.461118
    0.656863    0.831907    0.243605   -0.698173    0.000000       -1.864739        1.000000   10.109545    3.707992    0.179916    3.461118
    0.666667    0.823324    0.268151   -0.748197    0.000000       -1.919380        1.000000   10.285081    3.778645    0.179916    3.461118
    0.676471    0.813910    0.294354   -0.795811    0.000000       -1.971604        1.000000   10.458610    3.847290    0.179916    3.461118
    0.686275    0.803620    0.322128   -0.840726    0.000000       -2.021090        1.000000   10.629945    3.913747    0.179916    3.461118
    0.696078    0.792412    0.351377   -0.882737    0.000000       -2.067600        1.000000   10.798891    3.977837    0.179916    3.461118
    0.705882    0.780250    0.382001   -0.921718    0.000000       -2.110978        1.000000   10.965244    4.039385    0.179916    3.461118
    0.715686    0.767104    0.413895   -0.957621    0.000000       -2.151150        1.000000   11.128794    4.098225    0.179916    3.461118
    0.725490    0.752949    0.446955   -0.990464    0.000000       -2.188111        1.000000   11.289326    4.154203    0.179916    3.461118
    0.735294    0.737766    0.481079   -1.020325    0.000000       -2.221920        1.000000   11.446621    4.207181    0.179916    3.461118
    0.745098    0.721542    0.516167   -1.047324    0.000000       -2.252683        1.000000   11.600457    4.257042    0.179916    3.461118
    0.754902    0.704270    0.552125   -1.071617    0.000000       -2.280545        1.000000   11.750610    4.303691    0.179916    3.461118
    0.764706    0.685947    0.588864   -1.093380    0.000000       -2.305678        1.000000   11.896857    4.347059    0.179916    3.461118
    0.774510    0.666579    0.626301   -1.112805    0.000000       -2.328267        1.000000   12.038975    4.387103    0.179916    3.461118
    0.784314    0.646172    0.664360   -1.130084    0.000000       -2.348508        1.000000   12.176741    4.423812    0.179916    3.461118
    0.794118    0.624741    0.702972   -1.145412    0.000000       -2.366596        1.000000   12.309939    4.457201    0.179916    3.461118
    0.803922    0.602305    0.742074   -1.158975    0.000000       -2.382722        1.000000   12.438353    4.487318    0.179916    3.461118
    0.813725    0.578885    0.781608   -1.170949    0.000000       -2.397067        1.000000   12.561774    4.514240    0.179916    3.461118
    0.823529    0.554509    0.821524   -1.181500    0.000000       -2.409805        1.000000   12.679997    4.538069    0.179916    3.461118
    0.833333    0.529206    0.861776   -1.190779    0.000000       -2.421094        1.000000   12.792827    4.558938    0.179916    3.461118
    0.843137    0.503011    0.902324   -1.198925    0.000000       -2.431081        1.000000   12.900071    4.577001    0.179916    3.461118
    0.852941    0.475961    0.943130   -1.206063    0.000000       -2.439899        1.000000   13.001548    4.592435    0.179916    3.461118
    0.862745    0.448095    0.984163   -1.212305    0.000000       -2.447669        1.000000   13.097083    4.605432    0.179916    3.461118
    0.872549    0.419457    1.025394   -1.217751    0.000000       -2.454499        1.000000   13.186513    4.616203    0.179916    3.461118
    0.882353    0.390091    1.066798   -1.222489    0.000000       -2.460484        1.000000   13.269682    4.624967    0.179916    3.461118
    0.892157    0.360046    1.108351   -1.226598    0.000000       -2.465711        1.000000   13.346446    4.631947    0.179916    3.461118
    0.901961    0.329371    1.150035   -1.230146    0.000000       -2.470254        1.000000   13.416669    4.637373    0.179916    3.461118
    0.911765    0.298118    1.191830   -1.233193    0.000000       -2.474181        1.000000   13.480229    4.641469    0.179916    3.461118
    0.921569    0.266339    1.233720   -1.235790    0.000000       -2.477549        1.000000   13.537014    4.644455    0.179916    3.461118
    0.931373    0.234090    1.275692   -1.237983    0.000000       -2.480408        1.000000   13.586923    4.646538    0.179916    3.461118
    0.941176    0.201427    1.317732   -1.239809    0.000000       -2.482801        1.000000   13.629868    4.647915    0.179916    3.461118
    0.950980    0.168406    1.359828   -1.241301    0.000000       -2.484766        1.000000   13.665773    4.648760    0.179916    3.461118
    0.960784    0.135086    1.401969   -1.242486    0.000000       -2.486332        1.000000   13.694574    4.649229    0.179916    3.461118
    0.970588    0.101526    1.444146   -1.243385    0.000000       -2.487524        1.000000   13.716220    4.649453    0.179916    3.461118
    0.980392    0.067784    1.486349   -1.244015    0.000000       -2.488362        1.000000   13.730672    4.649536    0.179916    3.461118
    0.990196    0.033922    1.528568   -1.244388    0.000000       -2.488859        1.000000   13.737904    4.649556    0.179916    3.461118
    1.000000    0.000000    1.570796   -1.244512    0.000000       -2.489024        1.000000   13.737904    4.649557    0.179916    3.461118
