           t           r         psi          cs          qs               p             sig           A           V          Q2           S
    0.000000    0.000000   -1.570796   -0.984714    0.000000       -1.969428        1.000000    0.000000    0.000000    0.081582    3.352059
    0.009804    0.032858   -1.538435   -0.984738    0.000000       -1.969460        1.000000    0.000000    0.000001    0.081582    3.352059
    0.019608    0.065681   -1.506072   -0.984811    0.000000       -1.969557        1.000000    0.013562    0.000014    0.081582    3.352059
    0.029412    0.098435   -1.473706   -0.984933    0.000000       -1.969720        1.000000    0.033888    0.000073    0.081582    3.352059
    0.039216    0.131086   -1.441335   -0.985109    0.000000       -1.969952        1.000000    0.060955    0.000230    0.081582    3.352059
    0.049020    0.163600   -1.408958   -0.985340    0.000000       -1.970258        1.000000    0.094737    0.000559    0.081582    3.352059
    0.058824    0.195943   -1.376572   -0.985631    0.000000       -1.970642        1.000000    0.135196    0.001155    0.081582    3.352059
    0.068627    0.228080   -1.344175   -0.985989    0.000000       -1.971112        1.000000    0.182291    0.002130    0.081582    3.352059
    0.078431    0.259978   -1.311765   -0.986419    0.000000       -1.971674        1.000000    0.235973    0.003615    0.081582    3.352059
    0.088235    0.291603   -1.279340   -0.986931    0.000000       -1.972339        1.000000    0.296185    0.005756    0.081582    3.352059
    0.098039    0.322921   -1.246896   -0.987534    0.000000       -1.973118        1.000000    0.362864    0.008716    0.081582    3.352059
    0.107843    0.353901   -1.214431   -0.988240    0.000000       -1.974025        1.000000    0.435940    0.012669    0.081582    3.352059
    0.117647    0.384508   -1.181941   -0.989064    0.000000       -1.975076        1.000000    0.515335    0.017802    0.081582    3.352059
    0.127451    0.414710   -1.149422   -0.990022    0.000000       -1.976290        1.000000    0.600967    0.024310    0.081582    3.352059
    0.137255    0.444474   -1.116869   -0.991135    0.000000       -1.977691        1.000000    0.692745    0.032396    0.081582    3.352059
    0.147059    0.473769   -1.084276   -0.992428    0.000000       -1.979306        1.000000    0.790572    0.042268    0.081582    3.352059
    0.156863    0.502564   -1.051638   -0.993929    0.000000       -1.981167        1.000000    0.894344    0.054136    0.081582    3.352059
    0.166667    0.530825   -1.018946   -0.995675    0.000000       -1.983314        1.000000    1.003953    0.068213    0.081582    3.352059
    0.176471    0.558523   -0.986192   -0.997707    0.000000       -1.985793        1.000000    1.119280    0.084709    0.081582    3.352059
    0.186275    0.585627   -0.953366   -1.000077    0.000000       -1.988662        1.000000    1.240204    0.103829    0.081582    3.352059
    0.196078    0.612105   -0.920456   -1.002849    0.000000       -1.991990        1.000000    1.366595    0.125773    0.081582    3.352059
    0.205882    0.637927   -0.887447   -1.006101    0.000000       -1.995859        1.000000    1.498318    0.150732    0.081582    3.352059
    0.215686    0.663063   -0.854322   -1.009926    0.000000       -2.000375        1.000000    1.635232    0.178887    0.081582    3.352059
    0.225490    0.687483   -0.821060   -1.014444    0.000000       -2.005662        1.000000    1.777188    0.210405    0.081582    3.352059
    0.235294    0.711156   -0.787637   -1.019801    0.000000       -2.011879        1.000000    1.924032    0.245438    0.081582    3.352059
    0.245098    0.734052   -0.754021   -1.026181    0.000000       -2.019219        1.000000    2.075603    0.284124    0.081582    3.352059
    0.254902    0.756141   -0.720176   -1.033815    0.000000       -2.027928        1.000000    2.231736    0.326577    0.081582    3.352059
    0.264706    0.777390   -0.686055   -1.042992    0.000000       -2.038312        1.000000    2.392257    0.372895    0.081582    3.352059
    0.274510    0.797767   -0.651603   -1.054083    0.000000       -2.050756        1.000000    2.556985    0.423152    0.081582    3.352059
    0.284314    0.817239   -0.616748   -1.067551    0.000000       -2.065747        1.000000    2.725733    0.477397    0.081582    3.352059
    0.294118    0.835770   -0.581404   -1.083987    0.000000       -2.083894        1.000000    2.898308    0.535656    0.081582    3.352059
    0.303922    0.853323   -0.545460   -1.104126    0.000000       -2.105961        1.000000    3.074508    0.597927    0.081582    3.352059
    0.313725    0.869855   -0.508783   -1.128873    0.000000       -2.132876        1.000000    3.254121    0.664178    0.081582    3.352059
    0.323529    0.885323   -0.471201   -1.159300    0.000000       -2.165739        1.000000    3.436928    0.734349    0.081582    3.352059
    0.333333    0.899674   -0.432511   -1.196580    0.000000       -2.205741        1.000000    3.622699    0.808347    0.081582    3.352059
    0.343137    0.912852   -0.392467   -1.241775    0.000000       -2.253953        1.000000    3.811190    0.886043    0.081582    3.352059
    0.352941    0.924789   -0.350801   -1.295308    0.000000       -2.310780        1.000000    4.002146    0.967266    0.081582    3.352059
    0.362745    0.935413   -0.307253   -1.355835    0.000000       -2.374816        1.000000    4.195296    1.051802    0.081582    3.352059
    0.372549    0.944640   -0.261664   -1.418161    0.000000       -2.440731        1.000000    4.390352    1.139379    0.081582    3.352059
    0.382353    0.952389   -0.214151   -1.470157    0.000000       -2.496164        1.000000    4.587007    1.229663    0.081582    3.352059
    0.392157    0.958589   -0.165383   -1.490179    0.000000       -2.519145        1.000000    4.784942    1.322244    0.081582    3.352059
    0.401961    0.963207   -0.116873   -1.449598    0.000000       -2.480714        1.000000    4.983832    1.416642    0.081582    3.352059
    0.411765    0.966279   -0.071025   -1.325985    0.000000       -2.358273        1.000000    5.183355    1.512330    0.081582    3.352059
    0.421569    0.967930   -0.030608   -1.122542    0.000000       -2.155191        1.000000    5.383219    1.608786    0.081582    3.352059
    0.431373    0.968373    0.002256   -0.873941    0.000000       -1.906598        1.000000    5.583175    1.705562    0.081582    3.352059
    0.441176    0.967873    0.026864   -0.627646    0.000000       -1.660467        1.000000    5.783028    1.802328    0.081582    3.352059
    0.450980    0.966691    0.043934   -0.419433    0.000000       -1.452892        1.000000    5.982636    1.898872    0.081582    3.352059
    0.460784    0.965051    0.055020   -0.264333    0.000000       -1.298979        1.000000    6.181906    1.995073    0.081582    3.352059
    0.470588    0.963122    0.061887   -0.161808    0.000000       -1.198110        1.000000    6.380778    2.090872    0.081582    3.352059
    0.480392    0.961015    0.066146   -0.104098    0.000000       -1.142389        1.000000    6.579214    2.186237    0.081582    3.352059
    0.490196    0.958792    0.069117   -0.081847    0.000000       -1.122336        1.000000    6.777192    2.281151    0.081582    3.352059
    0.500000    0.956479    0.071821   -0.086620    0.000000       -1.129427        1.000000    6.974691    2.375598    0.081582    3.352059
    0.509804    0.954070    0.075031   -0.111594    0.000000       -1.156786        1.000000    7.171694    2.469561    0.081582    3.352059
    0.519608    0.951540    0.079318   -0.151463    0.000000       -1.199087        1.000000    7.368174    2.563013    0.081582    3.352059
    0.529412    0.948846    0.085104   -0.202117    0.000000       -1.252215        1.000000    7.564097    2.655917    0.081582    3.352059
    0.539216    0.945933    0.092685   -0.260306    0.000000       -1.312925        1.000000    7.759420    2.748222    0.081582    3.352059
    0.549020    0.942741    0.102266   -0.323378    0.000000       -1.378573        1.000000    7.954083    2.839861    0.081582    3.352059
    0.558824    0.939200    0.113969   -0.389107    0.000000       -1.446935        1.000000    8.148015    2.930749    0.081582    3.352059
    0.568627    0.935243    0.127849   -0.455586    0.000000       -1.516101        1.000000    8.341130    3.020783    0.081582    3.352059
    0.578431    0.930797    0.143903   -0.521185    0.000000       -1.584428        1.000000    8.533327    3.109840    0.081582    3.352059
    0.588235    0.925794    0.162080   -0.584541    0.000000       -1.650538        1.000000    8.724490    3.197780    0.081582    3.352059
    0.598039    0.920169    0.182287   -0.644572    0.000000       -1.713323        1.000000    8.914493    3.284443    0.081582    3.352059
    0.607843    0.913860    0.204400   -0.700481    0.000000       -1.771961        1.000000    9.103192    3.369657    0.081582    3.352059
    0.617647    0.906810    0.228276   -0.751751    0.000000       -1.825910        1.000000    9.290436    3.453235    0.081582    3.352059
    0.627451    0.898970    0.253757   -0.798129    0.000000       -1.874890        1.000000    9.476062    3.534981    0.081582    3.352059
    0.637255    0.890297    0.280680   -0.839583    0.000000       -1.918850        1.000000    9.659896    3.614695    0.081582    3.352059
    0.647059    0.880752    0.308887   -0.876261    0.000000       -1.957918        1.000000    9.841759    3.692176    0.081582    3.352059
    0.656863    0.870307    0.338225   -0.908436    0.000000       -1.992358        1.000000   10.021465    3.767226    0.081582    3.352059
    0.666667    0.858936    0.368550   -0.936467    0.000000       -2.022520        1.000000   10.198824    3.839653    0.081582    3.352059
    0.676471    0.846623    0.399734   -0.960753    0.000000       -2.048799        1.000000   10.373640    3.909278    0.081582    3.352059
    0.686275    0.833354    0.431661   -0.981707    0.000000       -2.071607        1.000000   10.545716    3.975936    0.081582    3.352059
    0.696078    0.819123    0.464227   -0.999732    0.000000       -2.091348        1.000000   10.714854    4.039479    0.081582    3.352059
    0.705882    0.803926    0.497342   -1.015203    0.000000       -2.108406        1.000000   10.880854    4.099779    0.081582    3.352059
    0.715686    0.787766    0.530928   -1.028467    0.000000       -2.123129        1.000000   11.043517    4.156732    0.081582    3.352059
    0.725490    0.770649    0.564919   -1.039832    0.000000       -2.135833        1.000000   11.202645    4.210257    0.081582    3.352059
    0.735294    0.752583    0.599255   -1.049570    0.000000       -2.146798        1.000000   11.358044    4.260297    0.081582    3.352059
    0.745098    0.733582    0.633888   -1.057917    0.000000       -2.156268        1.000000   11.509518    4.306824    0.081582    3.352059
    0.754902    0.713660    0.668776   -1.065076    0.000000       -2.164453        1.000000   11.656879    4.349832    0.081582    3.352059
    0.764706    0.692836    0.703881   -1.071223    0.000000       -2.171536        1.000000   11.799941    4.389346    0.081582    3.352059
    0.774510    0.671131    0.739174   -1.076508    0.000000       -2.177672        1.000000   11.938520    4.425414    0.081582    3.352059
    0.784314    0.648566    0.774628   -1.081056    0.000000       -2.182997        1.000000   12.072440    4.458108    0.081582    3.352059
    0.794118    0.625167    0.810221   -1.084975    0.000000       -2.187622        1.000000   12.201528    4.487524    0.081582    3.352059
    0.803922    0.600960    0.845934   -1.088357    0.000000       -2.191646        1.000000   12.325618    4.513781    0.081582    3.352059
    0.813725    0.575974    0.881750   -1.091278    0.000000       -2.195150        1.000000   12.444549    4.537018    0.081582    3.352059
    0.823529    0.550239    0.917656   -1.093804    0.000000       -2.198204        1.000000   12.558166    4.557389    0.081582    3.352059
    0.833333    0.523786    0.953639   -1.095990    0.000000       -2.200868        1.000000   12.666320    4.575067    0.081582    3.352059
    0.843137    0.496648    0.989688   -1.097883    0.000000       -2.203193        1.000000   12.768871    4.590237    0.081582    3.352059
    0.852941    0.468860    1.025796   -1.099523    0.000000       -2.205223        1.000000   12.865685    4.603093    0.081582    3.352059
    0.862745    0.440455    1.061954   -1.100942    0.000000       -2.206994        1.000000   12.956633    4.613837    0.081582    3.352059
    0.872549    0.411472    1.098155   -1.102171    0.000000       -2.208538        1.000000   13.041596    4.622677    0.081582    3.352059
    0.882353    0.381947    1.134394   -1.103233    0.000000       -2.209882        1.000000   13.120463    4.629822    0.081582    3.352059
    0.892157    0.351918    1.170665   -1.104148    0.000000       -2.211049        1.000000   13.193129    4.635479    0.081582    3.352059
    0.901961    0.321425    1.206965   -1.104936    0.000000       -2.212059        1.000000   13.259499    4.639850    0.081582    3.352059
    0.911765    0.290508    1.243288   -1.105609    0.000000       -2.212929        1.000000   13.319485    4.643134    0.081582    3.352059
    0.921569    0.259206    1.279632   -1.106182    0.000000       -2.213673        1.000000   13.373007    4.645517    0.081582    3.352059
    0.931373    0.227561    1.315993   -1.106664    0.000000       -2.214303        1.000000   13.419996    4.647173    0.081582    3.352059
    0.941176    0.195615    1.352368   -1.107066    0.000000       -2.214829        1.000000   13.460388    4.648263    0.081582    3.352059
    0.950980    0.163410    1.388756   -1.107393    0.000000       -2.215260        1.000000   13.494130    4.648930    0.081582    3.352059
    0.960784    0.130989    1.425153   -1.107653    0.000000       -2.215604        1.000000   13.521177    4.649299    0.081582    3.352059
    0.970588    0.098394    1.461557   -1.107850    0.000000       -2.215865        1.000000   13.541494    4.649475    0.081582    3.352059
    0.980392    0.065669    1.497967   -1.107988    0.000000       -2.216049        1.000000   13.555054    4.649541    0.081582    3.352059
    0.990196    0.032856    1.534381   -1.108070    0.000000       -2.216158        1.000000   13.561838    4.649556    0.081582    3.352059
    1.000000    0.000000    1.570796   -1.108097    0.000000       -2.216194        1.000000   13.561838    4.649557    0.081582    3.352059
