           t           r         psi          cs          qs               p             sig           A           V          Q2           S
    0.000000    0.000000   -1.570796   -0.993825    0.000000       -1.987650        1.000000    0.000000    0.000000    0.031407    3.614059
    0.009804    0.035425   -1.535583   -0.993830    0.000000       -1.987656        1.000000    0.000000    0.000001    0.031407    3.614059
    0.019608    0.070805   -1.500370   -0.993845    0.000000       -1.987677        1.000000    0.015763    0.000020    0.031407    3.614059
    0.029412    0.106098   -1.465155   -0.993871    0.000000       -1.987711        1.000000    0.039383    0.000099    0.031407    3.614059
    0.039216    0.141260   -1.429940   -0.993909    0.000000       -1.987761        1.000000    0.070831    0.000313    0.031407    3.614059
    0.049020    0.176246   -1.394723   -0.993958    0.000000       -1.987826        1.000000    0.110068    0.000761    0.031407    3.614059
    0.058824    0.211013   -1.359504   -0.994021    0.000000       -1.987909        1.000000    0.157045    0.001571    0.031407    3.614059
    0.068627    0.245519   -1.324283   -0.994098    0.000000       -1.988010        1.000000    0.211704    0.002895    0.031407    3.614059
    0.078431    0.279721   -1.289058   -0.994192    0.000000       -1.988132        1.000000    0.273977    0.004908    0.031407    3.614059
    0.088235    0.313575   -1.253830   -0.994304    0.000000       -1.988278        1.000000    0.343787    0.007806    0.031407    3.614059
    0.098039    0.347041   -1.218598   -0.994438    0.000000       -1.988449        1.000000    0.421047    0.011805    0.031407    3.614059
    0.107843    0.380076   -1.183360   -0.994596    0.000000       -1.988651        1.000000    0.505661    0.017135    0.031407    3.614059
    0.117647    0.412639   -1.148116   -0.994783    0.000000       -1.988888        1.000000    0.597525    0.024039    0.031407    3.614059
    0.127451    0.444690   -1.112865   -0.995003    0.000000       -1.989165        1.000000    0.696525    0.032770    0.031407    3.614059
    0.137255    0.476188   -1.077606   -0.995262    0.000000       -1.989487        1.000000    0.802536    0.043589    0.031407    3.614059
    0.147059    0.507095   -1.042337   -0.995567    0.000000       -1.989865        1.000000    0.915429    0.056758    0.031407    3.614059
    0.156863    0.537372   -1.007056   -0.995927    0.000000       -1.990306        1.000000    1.035061    0.072540    0.031407    3.614059
    0.166667    0.566981   -0.971761   -0.996352    0.000000       -1.990823        1.000000    1.161286    0.091195    0.031407    3.614059
    0.176471    0.595885   -0.936449   -0.996857    0.000000       -1.991431        1.000000    1.293945    0.112976    0.031407    3.614059
    0.186275    0.624047   -0.901118   -0.997457    0.000000       -1.992147        1.000000    1.432874    0.138123    0.031407    3.614059
    0.196078    0.651432   -0.865764   -0.998175    0.000000       -1.992996        1.000000    1.577899    0.166866    0.031407    3.614059
    0.205882    0.678005   -0.830382   -0.999037    0.000000       -1.994006        1.000000    1.728841    0.199415    0.031407    3.614059
    0.215686    0.703732   -0.794966   -1.000078    0.000000       -1.995213        1.000000    1.885509    0.235963    0.031407    3.614059
    0.225490    0.728580   -0.759510   -1.001342    0.000000       -1.996667        1.000000    2.047710    0.276678    0.031407    3.614059
    0.235294    0.752516   -0.724004   -1.002889    0.000000       -1.998429        1.000000    2.215239    0.321705    0.031407    3.614059
    0.245098    0.775509   -0.688437   -1.004796    0.000000       -2.000581        1.000000    2.387887    0.371158    0.031407    3.614059
    0.254902    0.797528   -0.652795   -1.007167    0.000000       -2.003232        1.000000    2.565437    0.425123    0.031407    3.614059
    0.264706    0.818542   -0.617058   -1.010143    0.000000       -2.006529        1.000000    2.747665    0.483657    0.031407    3.614059
    0.274510    0.838522   -0.581203   -1.013917    0.000000       -2.010674        1.000000    2.934342    0.546779    0.031407    3.614059
    0.284314    0.857439   -0.545195   -1.018760    0.000000       -2.015946        1.000000    3.125230    0.614477    0.031407    3.614059
    0.294118    0.875261   -0.508992   -1.025054    0.000000       -2.022740        1.000000    3.320085    0.686703    0.031407    3.614059
    0.303922    0.891960   -0.472533   -1.033348    0.000000       -2.031619        1.000000    3.518658    0.763373    0.031407    3.614059
    0.313725    0.907504   -0.435732   -1.044445    0.000000       -2.043406        1.000000    3.720692    0.844367    0.031407    3.614059
    0.323529    0.921858   -0.398472   -1.059530    0.000000       -2.059310        1.000000    3.925921    0.929529    0.031407    3.614059
    0.333333    0.934986   -0.360582   -1.080368    0.000000       -2.081122        1.000000    4.134073    1.018667    0.031407    3.614059
    0.343137    0.946845   -0.321815   -1.109555    0.000000       -2.111476        1.000000    4.344865    1.111550    0.031407    3.614059
    0.352941    0.957380   -0.281814   -1.150735    0.000000       -2.154049        1.000000    4.558002    1.207912    0.031407    3.614059
    0.362745    0.966527   -0.240076   -1.208222    0.000000       -2.213181        1.000000    4.773175    1.307444    0.031407    3.614059
    0.372549    0.974198   -0.195974   -1.283995    0.000000       -2.290832        1.000000    4.990057    1.409790    0.031407    3.614059
    0.382353    0.980287   -0.148996   -1.366175    0.000000       -2.374983        1.000000    5.208294    1.514534    0.031407    3.614059
    0.392157    0.984685   -0.099688   -1.401319    0.000000       -2.411831        1.000000    5.427510    1.621172    0.031407    3.614059
    0.401961    0.987349   -0.051555   -1.279993    0.000000       -2.291460        1.000000    5.647319    1.729108    0.031407    3.614059
    0.411765    0.988432   -0.011592   -0.945977    0.000000       -1.957612        1.000000    5.867369    1.837709    0.031407    3.614059
    0.421569    0.988337    0.014515   -0.531149    0.000000       -1.542844        1.000000    6.087398    1.946464    0.031407    3.614059
    0.431373    0.987565    0.027121   -0.201923    0.000000       -1.214143        1.000000    6.307255    2.055092    0.031407    3.614059
    0.441176    0.986525    0.030372   -0.001490    0.000000       -1.014682        1.000000    6.526881    2.163495    0.031407    3.614059
    0.450980    0.985474    0.028400    0.099559    0.000000       -0.914772        1.000000    6.746272    2.271663    0.031407    3.614059
    0.460784    0.984541    0.024057    0.137568    0.000000       -0.877841        1.000000    6.965456    2.379623    0.031407    3.614059
    0.470588    0.983776    0.019094    0.137782    0.000000       -0.878524        1.000000    7.184470    2.487409    0.031407    3.614059
    0.480392    0.983182    0.014557    0.115409    0.000000       -0.901589        1.000000    7.403351    2.595056    0.031407    3.614059
    0.490196    0.982732    0.011077    0.079241    0.000000       -0.938268        1.000000    7.622132    2.702596    0.031407    3.614059
    0.500000    0.982380    0.009045    0.034233    0.000000       -0.983661        1.000000    7.840835    2.810052    0.031407    3.614059
    0.509804    0.982071    0.008725   -0.017040    0.000000       -1.035257        1.000000    8.059469    2.917439    0.031407    3.614059
    0.519608    0.981740    0.010315   -0.073587    0.000000       -1.092133        1.000000    8.278030    3.024756    0.031407    3.614059
    0.529412    0.981315    0.014002   -0.135496    0.000000       -1.154437        1.000000    8.496495    3.131989    0.031407    3.614059
    0.539216    0.980720    0.019988   -0.203427    0.000000       -1.222883        1.000000    8.714829    3.239104    0.031407    3.614059
    0.549020    0.979869    0.028496   -0.277958    0.000000       -1.298088        1.000000    8.932973    3.346048    0.031407    3.614059
    0.558824    0.978669    0.039760   -0.358813    0.000000       -1.379802        1.000000    9.150849    3.452738    0.031407    3.614059
    0.568627    0.977017    0.053978   -0.444255    0.000000       -1.466287        1.000000    9.368358    3.559066    0.031407    3.614059
    0.578431    0.974809    0.071258   -0.531019    0.000000       -1.554257        1.000000    9.585376    3.664884    0.031407    3.614059
    0.588235    0.971937    0.091575   -0.614974    0.000000       -1.639537        1.000000    9.801754    3.770012    0.031407    3.614059
    0.598039    0.968296    0.114758   -0.692212    0.000000       -1.718162        1.000000   10.017321    3.874230    0.031407    3.614059
    0.607843    0.963793    0.140515   -0.759999    0.000000       -1.787340        1.000000   10.231886    3.977283    0.031407    3.614059
    0.617647    0.958346    0.168488   -0.817151    0.000000       -1.845839        1.000000   10.445238    4.078890    0.031407    3.614059
    0.627451    0.951890    0.198298   -0.863850    0.000000       -1.893804        1.000000   10.657153    4.178750    0.031407    3.614059
    0.637255    0.944371    0.229593   -0.901156    0.000000       -1.932275        1.000000   10.867394    4.276552    0.031407    3.614059
    0.647059    0.935752    0.262064   -0.930523    0.000000       -1.962696        1.000000   11.075716    4.371982    0.031407    3.614059
    0.656863    0.926005    0.295457   -0.953450    0.000000       -1.986565        1.000000   11.281869    4.464734    0.031407    3.614059
    0.666667    0.915114    0.329569   -0.971289    0.000000       -2.005240        1.000000   11.485596    4.554513    0.031407    3.614059
    0.676471    0.903069    0.364240   -0.985173    0.000000       -2.019861        1.000000   11.686643    4.641046    0.031407    3.614059
    0.686275    0.889869    0.399346   -0.996009    0.000000       -2.031346        1.000000   11.884750    4.724081    0.031407    3.614059
    0.696078    0.875518    0.434793   -1.004503    0.000000       -2.040412        1.000000   12.079663    4.803395    0.031407    3.614059
    0.705882    0.860023    0.470508   -1.011200    0.000000       -2.047611        1.000000   12.271126    4.878794    0.031407    3.614059
    0.715686    0.843397    0.506435   -1.016511    0.000000       -2.053365        1.000000   12.458888    4.950117    0.031407    3.614059
    0.725490    0.825656    0.542529   -1.020751    0.000000       -2.057994        1.000000   12.642700    5.017238    0.031407    3.614059
    0.735294    0.806817    0.578759   -1.024158    0.000000       -2.061745        1.000000   12.822318    5.080065    0.031407    3.614059
    0.745098    0.786902    0.615098   -1.026913    0.000000       -2.064803        1.000000   12.997502    5.138543    0.031407    3.614059
    0.754902    0.765934    0.651524   -1.029155    0.000000       -2.067313        1.000000   13.168019    5.192651    0.031407    3.614059
    0.764706    0.743939    0.688023   -1.030990    0.000000       -2.069386        1.000000   13.333638    5.242405    0.031407    3.614059
    0.774510    0.720944    0.724580   -1.032500    0.000000       -2.071107        1.000000   13.494139    5.287854    0.031407    3.614059
    0.784314    0.696979    0.761187   -1.033749    0.000000       -2.072545        1.000000   13.649304    5.329081    0.031407    3.614059
    0.794118    0.672074    0.797833   -1.034788    0.000000       -2.073751        1.000000   13.798925    5.366197    0.031407    3.614059
    0.803922    0.646262    0.834514   -1.035656    0.000000       -2.074767        1.000000   13.942799    5.399347    0.031407    3.614059
    0.813725    0.619577    0.871222   -1.036384    0.000000       -2.075627        1.000000   14.080733    5.428698    0.031407    3.614059
    0.823529    0.592055    0.907955   -1.036996    0.000000       -2.076358        1.000000   14.212540    5.454442    0.031407    3.614059
    0.833333    0.563732    0.944707   -1.037513    0.000000       -2.076981        1.000000   14.338041    5.476792    0.031407    3.614059
    0.843137    0.534645    0.981476   -1.037951    0.000000       -2.077513        1.000000   14.457066    5.495979    0.031407    3.614059
    0.852941    0.504834    1.018259   -1.038323    0.000000       -2.077968        1.000000   14.569455    5.512244    0.031407    3.614059
    0.862745    0.474340    1.055055   -1.038639    0.000000       -2.078358        1.000000   14.675055    5.525843    0.031407    3.614059
    0.872549    0.443202    1.091861   -1.038907    0.000000       -2.078693        1.000000   14.773723    5.537035    0.031407    3.614059
    0.882353    0.411463    1.128675   -1.039136    0.000000       -2.078981        1.000000   14.865325    5.546083    0.031407    3.614059
    0.892157    0.379166    1.165498   -1.039331    0.000000       -2.079227        1.000000   14.949737    5.553248    0.031407    3.614059
    0.901961    0.346355    1.202326   -1.039496    0.000000       -2.079437        1.000000   15.026845    5.558787    0.031407    3.614059
    0.911765    0.313074    1.239160   -1.039635    0.000000       -2.079617        1.000000   15.096543    5.562948    0.031407    3.614059
    0.921569    0.279367    1.275998   -1.039753    0.000000       -2.079769        1.000000   15.158737    5.565968    0.031407    3.614059
    0.931373    0.245282    1.312841   -1.039851    0.000000       -2.079896        1.000000   15.213343    5.568068    0.031407    3.614059
    0.941176    0.210864    1.349686   -1.039932    0.000000       -2.080002        1.000000   15.260287    5.569449    0.031407    3.614059
    0.950980    0.176159    1.386534   -1.039997    0.000000       -2.080088        1.000000   15.299504    5.570295    0.031407    3.614059
    0.960784    0.141215    1.423384   -1.040049    0.000000       -2.080157        1.000000   15.330942    5.570764    0.031407    3.614059
    0.970588    0.106079    1.460236   -1.040088    0.000000       -2.080208        1.000000   15.354558    5.570987    0.031407    3.614059
    0.980392    0.070800    1.497089   -1.040115    0.000000       -2.080244        1.000000   15.370320    5.571070    0.031407    3.614059
    0.990196    0.035424    1.533942   -1.040131    0.000000       -2.080266        1.000000   15.378207    5.571090    0.031407    3.614059
    1.000000    0.000000    1.570796   -1.040137    0.000000       -2.080273        1.000000   15.378207    5.571091    0.031407    3.614059
