           t           r         psi          cs          qs               p             sig           A           V          Q2           S
    0.000000   -0.000000   -1.570796   -2.647366    0.000000       -5.294732        1.000000    0.000000    0.000000    0.936807   28.511217
    0.009804    0.244175   -0.608528   -4.362846    0.000000       -7.723101        1.000000    0.000000    0.011910    0.936807   28.511217
    0.019608    0.277199    0.164226   -0.521963    0.000000       -4.080939        1.000000    0.486841    0.078094    0.936807   28.511217
    0.029412    0.243125    0.027082    0.690333    0.000000       -3.421263        1.000000    0.913839    0.135422    0.936807   28.511217
    0.039216    0.249907   -0.034252   -0.143734    0.000000       -4.142870        1.000000    1.352748    0.188183    0.936807   28.511217
    0.049020    0.253038    0.006605   -0.058509    0.000000       -4.010403        1.000000    1.797155    0.244156    0.936807   28.511217
    0.058824    0.251073    0.002945    0.039418    0.000000       -3.943477        1.000000    2.238110    0.299893    0.936807   28.511217
    0.068627    0.251233   -0.001912   -0.003792    0.000000       -3.984147        1.000000    2.679348    0.355235    0.936807   28.511217
    0.078431    0.251474    0.000166   -0.004646    0.000000       -3.981196        1.000000    3.121009    0.410738    0.936807   28.511217
    0.088235    0.251375    0.000230    0.002027    0.000000       -3.976101        1.000000    3.562495    0.466250    0.936807   28.511217
    0.098039    0.251370   -0.000097    0.000048    0.000000       -3.978145        1.000000    4.003974    0.521734    0.936807   28.511217
    0.107843    0.251386   -0.000003   -0.000315    0.000000       -3.978254        1.000000    4.445480    0.577226    0.936807   28.511217
    0.117647    0.251382    0.000015    0.000092    0.000000       -3.977917        1.000000    4.886979    0.632720    0.936807   28.511217
    0.127451    0.251381   -0.000004    0.000018    0.000000       -3.978007        1.000000    5.328477    0.688212    0.936807   28.511217
    0.137255    0.251382   -0.000001   -0.000019    0.000000       -3.978029        1.000000    5.769975    0.743704    0.936807   28.511217
    0.147059    0.251382    0.000001    0.000003    0.000000       -3.978009        1.000000    6.211474    0.799197    0.936807   28.511217
    0.156863    0.251382   -0.000000    0.000002    0.000000       -3.978012        1.000000    6.652972    0.854689    0.936807   28.511217
    0.166667    0.251382   -0.000000   -0.000001    0.000000       -3.978014        1.000000    7.094471    0.910181    0.936807   28.511217
    0.176471    0.251382    0.000000    0.000000    0.000000       -3.978013        1.000000    7.535970    0.965674    0.936807   28.511217
    0.186275    0.251382   -0.000000    0.000000    0.000000       -3.978013        1.000000    7.977468    1.021166    0.936807   28.511217
    0.196078    0.251382   -0.000000   -0.000000    0.000000       -3.978013        1.000000    8.418967    1.076658    0.936807   28.511217
    0.205882    0.251382    0.000000   -0.000000    0.000000       -3.978013        1.000000    8.860465    1.132151    0.936807   28.511217
    0.215686    0.251382    0.000000    0.000000    0.000000       -3.978013        1.000000    9.301964    1.187643    0.936807   28.511217
    0.225490    0.251382   -0.000000   -0.000000    0.000000       -3.978013        1.000000    9.743462    1.243135    0.936807   28.511217
    0.235294    0.251382    0.000000   -0.000000    0.000000       -3.978013        1.000000   10.184961    1.298628    0.936807   28.511217
    0.245098    0.251382    0.000000    0.000000    0.000000       -3.978013        1.000000   10.626459    1.354120    0.936807   28.511217
    0.254902    0.251382   -0.000000   -0.000000    0.000000       -3.978013        1.000000   11.067958    1.409612    0.936807   28.511217
    0.264706    0.251382    0.000000   -0.000000    0.000000       -3.978013        1.000000   11.509456    1.465105    0.936807   28.511217
    0.274510    0.251382    0.000000    0.000000    0.000000       -3.978013        1.000000   11.950955    1.520597    0.936807   28.511217
    0.284314    0.251382   -0.000000   -0.000000    0.000000       -3.978013        1.000000   12.392453    1.576089    0.936807   28.511217
    0.294118    0.251382    0.000000   -0.000000    0.000000       -3.978013        1.000000   12.833952    1.631582    0.936807   28.511217
    0.303922    0.251382    0.000000    0.000000    0.000000       -3.978013        1.000000   13.275451    1.687074    0.936807   28.511217
    0.313725    0.251382   -0.000000    0.000000    0.000000       -3.978013        1.000000   13.716949    1.742566    0.936807   28.511217
    0.323529    0.251382   -0.000000   -0.000000    0.000000       -3.978013        1.000000   14.158448    1.798059    0.936807   28.511217
    0.333333    0.251382    0.000000    0.000000    0.000000       -3.978013        1.000000   14.599946    1.853551    0.936807   28.511217
    0.343137    0.251382   -0.000000    0.000000    0.000000       -3.978013        1.000000   15.041445    1.909043    0.936807   28.511217
    0.352941    0.251382   -0.000000   -0.000000    0.000000       -3.978013        1.000000   15.482943    1.964536    0.936807   28.511217
    0.362745    0.251382    0.000000   -0.000000    0.000000       -3.978013        1.000000   15.924442    2.020028    0.936807   28.511217
    0.372549    0.251382    0.000000    0.000000    0.000000       -3.978013        1.000000   16.365940    2.075521    0.936807   28.511217
    0.382353    0.251382    0.000000    0.000000    0.000000       -3.978013        1.000000   16.807439    2.131013    0.936807   28.511217
    0.392157    0.251382    0.000000   -0.000000    0.000000       -3.978013        1.000000   17.248937    2.186505    0.936807   28.511217
    0.401961    0.251382    0.000000    0.000000    0.000000       -3.978013        1.000000   17.690436    2.241998    0.936807   28.511217
    0.411765    0.251382    0.000000   -0.000000    0.000000       -3.978013        1.000000   18.131934    2.297490    0.936807   28.511217
    0.421569    0.251382    0.000000    0.000000    0.000000       -3.978013        1.000000   18.573433    2.352982    0.936807   28.511217
    0.431373    0.251382    0.000000   -0.000000    0.000000       -3.978013        1.000000   19.014931    2.408475    0.936807   28.511217
    0.441176    0.251382    0.000000   -0.000000    0.000000       -3.978013        1.000000   19.456430    2.463967    0.936807   28.511217
    0.450980    0.251382    0.000000    0.000000    0.000000       -3.978013        1.000000   19.897929    2.519459    0.936807   28.511217
    0.460784    0.251382    0.000000   -0.000000    0.000000       -3.978013        1.000000   20.339427    2.574952    0.936807   28.511217
    0.470588    0.251382    0.000000   -0.000000    0.000000       -3.978013        1.000000   20.780926    2.630444    0.936807   28.511217
    0.480392    0.251382    0.000000    0.000000    0.000000       -3.978013        1.000000   21.222424    2.685936    0.936807   28.511217
    0.490196    0.251382    0.000000   -0.000000    0.000000       -3.978013        1.000000   21.663923    2.741429    0.936807   28.511217
    0.500000    0.251382   -0.000000    0.000000    0.000000       -3.978013        1.000000   22.105421    2.796921    0.936807   28.511217
    0.509804    0.251382    0.000000   -0.000000    0.000000       -3.978013        1.000000   22.546920    2.852413    0.936807   28.511217
    0.519608    0.251382    0.000000    0.000000    0.000000       -3.978013        1.000000   22.988418    2.907906    0.936807   28.511217
    0.529412    0.251382    0.000000   -0.000000    0.000000       -3.978013        1.000000   23.429917    2.963398    0.936807   28.511217
    0.539216    0.251382   -0.000000    0.000000    0.000000       -3.978013        1.000000   23.871415    3.018890    0.936807   28.511217
    0.549020    0.251382   -0.000000   -0.000000    0.000000       -3.978013        1.000000   24.312914    3.074383    0.936807   28.511217
    0.558824    0.251382    0.000000    0.000000    0.000000       -3.978013        1.000000   24.754412    3.129875    0.936807   28.511217
    0.568627    0.251382    0.000000   -0.000000    0.000000       -3.978013        1.000000   25.195911    3.185367    0.936807   28.511217
    0.578431    0.251382    0.000000    0.000000    0.000000       -3.978013        1.000000   25.637410    3.240860    0.936807   28.511217
    0.588235    0.251382    0.000000    0.000000    0.000000       -3.978013        1.000000   26.078908    3.296352    0.936807   28.511217
    0.598039    0.251382    0.000000   -0.000000    0.000000       -3.978013        1.000000   26.520407    3.351844    0.936807   28.511217
    0.607843    0.251382    0.000000   -0.000000    0.000000       -3.978013        1.000000   26.961905    3.407337    0.936807   28.511217
    0.617647    0.251382    0.000000    0.000000    0.000000       -3.978013        1.000000   27.403404    3.462829    0.936807   28.511217
    0.627451    0.251382    0.000000    0.000000    0.000000       -3.978013        1.000000   27.844902    3.518322    0.936807   28.511217
    0.637255    0.251382    0.000000   -0.000000    0.000000       -3.978013        1.000000   28.286401    3.573814    0.936807   28.511217
    0.647059    0.251382    0.000000   -0.000000    0.000000       -3.978013        1.000000   28.727899    3.629306    0.936807   28.511217
    0.656863    0.251382    0.000000    0.000000    0.000000       -3.978013        1.000000   29.169398    3.684799    0.936807   28.511217
    0.666667    0.251382    0.000000   -0.000000    0.000000       -3.978013        1.000000   29.610896    3.740291    0.936807   28.511217
    0.676471    0.251382    0.000000    0.000000    0.000000       -3.978013        1.000000   30.052395    3.795783    0.936807   28.511217
    0.686275    0.251382    0.000000   -0.000000    0.000000       -3.978013        1.000000   30.493893    3.851276    0.936807   28.511217
    0.696078    0.251382    0.000000    0.000000    0.000000       -3.978013        1.000000   30.935392    3.906768    0.936807   28.511217
    0.705882    0.251382    0.000000   -0.000000    0.000000       -3.978013        1.000000   31.376890    3.962260    0.936807   28.511217
    0.715686    0.251382    0.000000    0.000000    0.000000       -3.978013        1.000000   31.818389    4.017753    0.936807   28.511217
    0.725490    0.251382    0.000000    0.000000    0.000000       -3.978013        1.000000   32.259888    4.073245    0.936807   28.511217
    0.735294    0.251382    0.000000   -0.000000    0.000000       -3.978013        1.000000   32.701386    4.128737    0.936807   28.511217
    0.745098    0.251382    0.000000    0.000000    0.000000       -3.978013        1.000000   33.142885    4.184230    0.936807   28.511217
    0.754902    0.251382    0.000000   -0.000000    0.000000       -3.978013        1.000000   33.584383    4.239722    0.936807   28.511217
    0.764706    0.251382    0.000000    0.000000    0.000000       -3.978013        1.000000   34.025882    4.295214    0.936807   28.511217
    0.774510    0.251382    0.000000   -0.000000    0.000000       -3.978013        1.000000   34.467380    4.350707    0.936807   28.511217
    0.784314    0.251382    0.000000   -0.000000    0.000000       -3.978013        1.000000   34.908879    4.406199    0.936807   28.511217
    0.794118    0.251382    0.000000    0.000000    0.000000       -3.978013        1.000000   35.350377    4.461691    0.936807   28.511217
    0.803922    0.251382    0.000000   -0.000000    0.000000       -3.978013        1.000000   35.791876    4.517184    0.936807   28.511217
    0.813725    0.251382    0.000000   -0.000000    0.000000       -3.978013        1.000000   36.233374    4.572676    0.936807   28.511217
    0.823529    0.251382    0.000000    0.000000    0.000000       -3.978013        1.000000   36.674873    4.628168    0.936807   28.511217
    0.833333    0.251382    0.000000   -0.000000    0.000000       -3.978013        1.000000   37.116371    4.683661    0.936807   28.511217
    0.843137    0.251382    0.000000   -0.000000    0.000000       -3.978013        1.000000   37.557870    4.739153    0.936807   28.511217
    0.852941    0.251382    0.000000   -0.000000    0.000000       -3.978013        1.000000   37.999368    4.794645    0.936807   28.511217
    0.862745    0.251382    0.000000   -0.000000    0.000000       -3.978013        1.000000   38.440867    4.850138    0.936807   28.511217
    0.872549    0.251382    0.000000   -0.000000    0.000000       -3.978013        1.000000   38.882366    4.905630    0.936807   28.511217
    0.882353    0.251382    0.000000   -0.000000    0.000000       -3.978013        1.000000   39.323864    4.961123    0.936807   28.511217
    0.892157    0.251382    0.000000   -0.000000    0.000000       -3.978013        1.000000   39.765363    5.016615    0.936807   28.511217
    0.901961    0.251382    0.000000   -0.000000    0.000000       -3.978013        1.000000   40.206861    5.072107    0.936807   28.511217
    0.911765    0.251382    0.000000   -0.000001    0.000000       -3.978014        1.000000   40.648360    5.127600    0.936807   28.511217
    0.921569    0.251382    0.000001   -0.000004    0.000000       -3.978018        1.000000   41.089858    5.183092    0.936807   28.511217
    0.931373    0.251381    0.000004   -0.000027    0.000000       -3.978049        1.000000   41.531356    5.238584    0.936807   28.511217
    0.941176    0.251378    0.000027   -0.000182    0.000000       -3.978256        1.000000   41.972847    5.294076    0.936807   28.511217
    0.950980    0.251355    0.000180   -0.001229    0.000000       -3.979658        1.000000   42.414300    5.349563    0.936807   28.511217
    0.960784    0.251204    0.001214   -0.008298    0.000000       -3.989122        1.000000   42.855486    5.405020    0.936807   28.511217
    0.970588    0.250182    0.008194   -0.055924    0.000000       -4.052880        1.000000   43.294877    5.460276    0.936807   28.511217
    0.980392    0.243310    0.054924   -0.371917    0.000000       -4.475707        1.000000   43.722199    5.514170    0.936807   28.511217
    0.990196    0.198677    0.350730   -2.230610    0.000000       -6.957492        1.000000   44.071133    5.559068    0.936807   28.511217
    1.000000    0.000000    1.570796   -5.971125    0.000000      -11.942250        1.000000   44.071133    5.571091    0.936807   28.511217
