           t           r         psi          cs          qs               p             sig           A           V          Q2           S
    0.000000    0.000000   -1.570796   -0.989795    0.000000       -1.979591        1.000000    0.000000   -0.000000    0.073635    3.664821
    0.009804    0.035922   -1.535233   -0.989817    0.000000       -1.979619        1.000000    0.000000    0.000001    0.073635    3.664821
    0.019608    0.071799   -1.499668   -0.989881    0.000000       -1.979705        1.000000    0.016209    0.000021    0.073635    3.664821
    0.029412    0.107584   -1.464100   -0.989991    0.000000       -1.979850        1.000000    0.040496    0.000105    0.073635    3.664821
    0.039216    0.143234   -1.428528   -0.990147    0.000000       -1.980058        1.000000    0.072832    0.000329    0.073635    3.664821
    0.049020    0.178703   -1.392949   -0.990355    0.000000       -1.980332        1.000000    0.113174    0.000801    0.073635    3.664821
    0.058824    0.213945   -1.357361   -0.990618    0.000000       -1.980679        1.000000    0.161473    0.001654    0.073635    3.664821
    0.068627    0.248916   -1.321763   -0.990943    0.000000       -1.981104        1.000000    0.217666    0.003048    0.073635    3.664821
    0.078431    0.283573   -1.286152   -0.991338    0.000000       -1.981618        1.000000    0.281684    0.005167    0.073635    3.664821
    0.088235    0.317870   -1.250525   -0.991811    0.000000       -1.982230        1.000000    0.353443    0.008218    0.073635    3.664821
    0.098039    0.351763   -1.214880   -0.992375    0.000000       -1.982954        1.000000    0.432855    0.012426    0.073635    3.664821
    0.107843    0.385211   -1.179213   -0.993041    0.000000       -1.983805        1.000000    0.519817    0.018034    0.073635    3.664821
    0.117647    0.418169   -1.143519   -0.993828    0.000000       -1.984801        1.000000    0.614220    0.025298    0.073635    3.664821
    0.127451    0.450596   -1.107795   -0.994755    0.000000       -1.985966        1.000000    0.715943    0.034483    0.073635    3.664821
    0.137255    0.482449   -1.072035   -0.995847    0.000000       -1.987327        1.000000    0.824857    0.045862    0.073635    3.664821
    0.147059    0.513687   -1.036232   -0.997133    0.000000       -1.988917        1.000000    0.940823    0.059710    0.073635    3.664821
    0.156863    0.544269   -1.000379   -0.998651    0.000000       -1.990776        1.000000    1.063693    0.076302    0.073635    3.664821
    0.166667    0.574156   -0.964466   -1.000446    0.000000       -1.992956        1.000000    1.193310    0.095910    0.073635    3.664821
    0.176471    0.603306   -0.928484   -1.002574    0.000000       -1.995517        1.000000    1.329508    0.118797    0.073635    3.664821
    0.186275    0.631681   -0.892417   -1.005105    0.000000       -1.998536        1.000000    1.472112    0.145215    0.073635    3.664821
    0.196078    0.659242   -0.856252   -1.008128    0.000000       -2.002108        1.000000    1.620937    0.175401    0.073635    3.664821
    0.205882    0.685950   -0.819967   -1.011753    0.000000       -2.006352        1.000000    1.775792    0.209575    0.073635    3.664821
    0.215686    0.711768   -0.783539   -1.016123    0.000000       -2.011420        1.000000    1.936475    0.247933    0.073635    3.664821
    0.225490    0.736655   -0.746938   -1.021417    0.000000       -2.017503        1.000000    2.102777    0.290650    0.073635    3.664821
    0.235294    0.760576   -0.710127   -1.027869    0.000000       -2.024850        1.000000    2.274479    0.337869    0.073635    3.664821
    0.245098    0.783490   -0.673059   -1.035782    0.000000       -2.033776        1.000000    2.451354    0.389708    0.073635    3.664821
    0.254902    0.805358   -0.635674   -1.045548    0.000000       -2.044696        1.000000    2.633165    0.446249    0.073635    3.664821
    0.264706    0.826140   -0.597898   -1.057682    0.000000       -2.058143        1.000000    2.819668    0.507541    0.073635    3.664821
    0.274510    0.845793   -0.559634   -1.072855    0.000000       -2.074813        1.000000    3.010608    0.573595    0.073635    3.664821
    0.284314    0.864273   -0.520757   -1.091937    0.000000       -2.095605        1.000000    3.205720    0.644385    0.073635    3.664821
    0.294118    0.881529   -0.481108   -1.116035    0.000000       -2.121655        1.000000    3.404727    0.719842    0.073635    3.664821
    0.303922    0.897507   -0.440483   -1.146501    0.000000       -2.154343        1.000000    3.607342    0.799857    0.073635    3.664821
    0.313725    0.912146   -0.398627   -1.184830    0.000000       -2.195188        1.000000    3.813261    0.884272    0.073635    3.664821
    0.323529    0.925374   -0.355233   -1.232284    0.000000       -2.245459        1.000000    4.022166    0.972881    0.073635    3.664821
    0.333333    0.937110   -0.309965   -1.288871    0.000000       -2.305127        1.000000    4.233721    1.065420    0.073635    3.664821
    0.343137    0.947261   -0.262546   -1.351006    0.000000       -2.370506        1.000000    4.447567    1.161561    0.073635    3.664821
    0.352941    0.955728   -0.212949   -1.407200    0.000000       -2.429889        1.000000    4.663325    1.260896    0.073635    3.664821
    0.362745    0.962422   -0.161787   -1.432736    0.000000       -2.458212        1.000000    4.880594    1.362927    0.073635    3.664821
    0.372549    0.967299   -0.110813   -1.389959    0.000000       -2.417424        1.000000    5.098965    1.467059    0.073635    3.664821
    0.382353    0.970405   -0.063130   -1.246243    0.000000       -2.274688        1.000000    5.318036    1.572638    0.073635    3.664821
    0.392157    0.971915   -0.022434   -1.006142    0.000000       -2.034779        1.000000    5.537448    1.679022    0.073635    3.664821
    0.401961    0.972133    0.008615   -0.720052    0.000000       -1.748680        1.000000    5.756909    1.785685    0.073635    3.664821
    0.411765    0.971419    0.029510   -0.449862    0.000000       -1.478837        1.000000    5.976209    1.892270    0.073635    3.664821
    0.421569    0.970118    0.041594   -0.233058    0.000000       -1.262969        1.000000    6.195216    1.998582    0.073635    3.664821
    0.431373    0.968510    0.047004   -0.078027    0.000000       -1.109400        1.000000    6.413859    2.104534    0.073635    3.664821
    0.441176    0.966796    0.047850    0.022892    0.000000       -1.010269        1.000000    6.632116    2.210106    0.073635    3.664821
    0.450980    0.965107    0.045861    0.081809    0.000000       -0.953256        1.000000    6.849991    2.315309    0.073635    3.664821
    0.460784    0.963520    0.042340    0.109834    0.000000       -0.927097        1.000000    7.067508    2.420168    0.073635    3.664821
    0.470588    0.962072    0.038235    0.115571    0.000000       -0.923092        1.000000    7.284698    2.524714    0.073635    3.664821
    0.480392    0.960772    0.034227    0.105225    0.000000       -0.934996        1.000000    7.501595    2.628978    0.073635    3.664821
    0.490196    0.959606    0.030814    0.083118    0.000000       -0.958482        1.000000    7.718228    2.732988    0.073635    3.664821
    0.500000    0.958546    0.028360    0.052208    0.000000       -0.990619        1.000000    7.934623    2.836768    0.073635    3.664821
    0.509804    0.957554    0.027143    0.014484    0.000000       -1.029460        1.000000    8.150793    2.940332    0.073635    3.664821
    0.519608    0.956579    0.027385   -0.028746    0.000000       -1.073747        1.000000    8.366743    3.043686    0.073635    3.664821
    0.529412    0.955566    0.029265   -0.076645    0.000000       -1.122696        1.000000    8.582464    3.146824    0.073635    3.664821
    0.539216    0.954455    0.032942   -0.128677    0.000000       -1.175828        1.000000    8.797934    3.249725    0.073635    3.664821
    0.549020    0.953176    0.038557   -0.184473    0.000000       -1.232817        1.000000    9.013116    3.352354    0.073635    3.664821
    0.558824    0.951660    0.046239   -0.243691    0.000000       -1.293363        1.000000    9.227956    3.454658    0.073635    3.664821
    0.568627    0.949829    0.056104   -0.305891    0.000000       -1.357056        1.000000    9.442382    3.556562    0.073635    3.664821
    0.578431    0.947603    0.068248   -0.370442    0.000000       -1.423279        1.000000    9.656306    3.657969    0.073635    3.664821
    0.588235    0.944900    0.082741   -0.436452    0.000000       -1.491144        1.000000    9.869619    3.758760    0.073635    3.664821
    0.598039    0.941636    0.099615   -0.502789    0.000000       -1.559505        1.000000   10.082196    3.858786    0.073635    3.664821
    0.607843    0.937726    0.118859   -0.568146    0.000000       -1.627032        1.000000   10.293890    3.957875    0.073635    3.664821
    0.617647    0.933088    0.140414   -0.631182    0.000000       -1.692345        1.000000   10.504537    4.055826    0.073635    3.664821
    0.627451    0.927644    0.164173   -0.690670    0.000000       -1.754175        1.000000   10.713955    4.152414    0.073635    3.664821
    0.637255    0.921321    0.189991   -0.745631    0.000000       -1.811499        1.000000   10.921945    4.247394    0.073635    3.664821
    0.647059    0.914053    0.217691   -0.795414    0.000000       -1.863623        1.000000   11.128295    4.340502    0.073635    3.664821
    0.656863    0.905783    0.247083   -0.839714    0.000000       -1.910202        1.000000   11.332777    4.431464    0.073635    3.664821
    0.666667    0.896463    0.277967   -0.878534    0.000000       -1.951211        1.000000   11.535156    4.520000    0.073635    3.664821
    0.676471    0.886053    0.310151   -0.912122    0.000000       -1.986875        1.000000   11.735185    4.605833    0.073635    3.664821
    0.686275    0.874523    0.343453   -0.940889    0.000000       -2.017588        1.000000   11.932610    4.688692    0.073635    3.664821
    0.696078    0.861849    0.377711   -0.965333    0.000000       -2.043842        1.000000   12.127175    4.768320    0.073635    3.664821
    0.705882    0.848018    0.412776   -0.985986    0.000000       -2.066164        1.000000   12.318617    4.844482    0.073635    3.664821
    0.715686    0.833021    0.448523   -1.003365    0.000000       -2.085077        1.000000   12.506674    4.916965    0.073635    3.664821
    0.725490    0.816858    0.484844   -1.017956    0.000000       -2.101067        1.000000   12.691081    4.985586    0.073635    3.664821
    0.735294    0.799532    0.521645   -1.030190    0.000000       -2.114575        1.000000   12.871577    5.050194    0.073635    3.664821
    0.745098    0.781054    0.558849   -1.040445    0.000000       -2.125987        1.000000   13.047902    5.110673    0.073635    3.664821
    0.754902    0.761437    0.596391   -1.049047    0.000000       -2.135635        1.000000   13.219798    5.166941    0.073635    3.664821
    0.764706    0.740700    0.634216   -1.056270    0.000000       -2.143804        1.000000   13.387013    5.218957    0.073635    3.664821
    0.774510    0.718865    0.672280   -1.062344    0.000000       -2.150732        1.000000   13.549299    5.266716    0.073635    3.664821
    0.784314    0.695957    0.710544   -1.067461    0.000000       -2.156619        1.000000   13.706413    5.310251    0.073635    3.664821
    0.794118    0.672005    0.748977   -1.071780    0.000000       -2.161632        1.000000   13.858119    5.349629    0.073635    3.664821
    0.803922    0.647040    0.787553   -1.075433    0.000000       -2.165910        1.000000   14.004190    5.384956    0.073635    3.664821
    0.813725    0.621095    0.826250   -1.078529    0.000000       -2.169567        1.000000   14.144404    5.416367    0.073635    3.664821
    0.823529    0.594207    0.865050   -1.081157    0.000000       -2.172700        1.000000   14.278548    5.444029    0.073635    3.664821
    0.833333    0.566414    0.903937   -1.083393    0.000000       -2.175388        1.000000   14.406417    5.468135    0.073635    3.664821
    0.843137    0.537756    0.942898   -1.085297    0.000000       -2.177698        1.000000   14.527817    5.488902    0.073635    3.664821
    0.852941    0.508275    0.981922   -1.086920    0.000000       -2.179685        1.000000   14.642561    5.506567    0.073635    3.664821
    0.862745    0.478015    1.021000   -1.088305    0.000000       -2.181395        1.000000   14.750474    5.521382    0.073635    3.664821
    0.872549    0.447021    1.060124   -1.089487    0.000000       -2.182866        1.000000   14.851390    5.533610    0.073635    3.664821
    0.882353    0.415340    1.099288   -1.090495    0.000000       -2.184132        1.000000   14.945154    5.543522    0.073635    3.664821
    0.892157    0.383019    1.138485   -1.091354    0.000000       -2.185219        1.000000   15.031622    5.551390    0.073635    3.664821
    0.901961    0.350108    1.177710   -1.092085    0.000000       -2.186150        1.000000   15.110660    5.557487    0.073635    3.664821
    0.911765    0.316658    1.216960   -1.092703    0.000000       -2.186943        1.000000   15.182146    5.562077    0.073635    3.664821
    0.921569    0.282718    1.256230   -1.093224    0.000000       -2.187616        1.000000   15.245970    5.565413    0.073635    3.664821
    0.931373    0.248342    1.295517   -1.093659    0.000000       -2.188182        1.000000   15.302034    5.567737    0.073635    3.664821
    0.941176    0.213582    1.334818   -1.094017    0.000000       -2.188651        1.000000   15.350251    5.569268    0.073635    3.664821
    0.950980    0.178492    1.374131   -1.094308    0.000000       -2.189034        1.000000   15.390546    5.570207    0.073635    3.664821
    0.960784    0.143126    1.413454   -1.094538    0.000000       -2.189337        1.000000   15.422857    5.570727    0.073635    3.664821
    0.970588    0.107539    1.452783   -1.094711    0.000000       -2.189566        1.000000   15.447134    5.570975    0.073635    3.664821
    0.980392    0.071785    1.492118   -1.094832    0.000000       -2.189727        1.000000   15.463340    5.571068    0.073635    3.664821
    0.990196    0.035920    1.531456   -1.094903    0.000000       -2.189822        1.000000   15.471449    5.571090    0.073635    3.664821
    1.000000    0.000000    1.570796   -1.094927    0.000000       -2.189853        1.000000   15.471449    5.571091    0.073635    3.664821
