           t           r         psi          cs          qs               p             sig           A           V          Q2           S
    0.000000    0.000000   -1.570796   -0.998836    0.000000       -1.997672        1.000000    0.000000    0.000000    0.003503    5.819348
    0.002488    0.014475   -1.556337   -0.998836    0.000000       -1.997672        1.000000    0.000000    0.000000    0.003503    5.819348
    0.004975    0.028948   -1.541878   -0.998836    0.000000       -1.997673        1.000000    0.002633    0.000001    0.003503    5.819348
    0.007463    0.043414   -1.527419   -0.998836    0.000000       -1.997673        1.000000    0.006582    0.000003    0.003503    5.819348
    0.009950    0.057872   -1.512960   -0.998837    0.000000       -1.997673        1.000000    0.011845    0.000009    0.003503    5.819348
    0.012438    0.072317   -1.498501   -0.998837    0.000000       -1.997673        1.000000    0.018423    0.000021    0.003503    5.819348
    0.014925    0.086747   -1.484041   -0.998837    0.000000       -1.997674        1.000000    0.026313    0.000045    0.003503    5.819348
    0.017413    0.101159   -1.469582   -0.998838    0.000000       -1.997674        1.000000    0.035514    0.000082    0.003503    5.819348
    0.019900    0.115550   -1.455123   -0.998838    0.000000       -1.997675        1.000000    0.046024    0.000140    0.003503    5.819348
    0.022388    0.129917   -1.440664   -0.998839    0.000000       -1.997676        1.000000    0.057841    0.000225    0.003503    5.819348
    0.024876    0.144256   -1.426205   -0.998839    0.000000       -1.997677        1.000000    0.070961    0.000342    0.003503    5.819348
    0.027363    0.158565   -1.411746   -0.998840    0.000000       -1.997677        1.000000    0.085384    0.000500    0.003503    5.819348
    0.029851    0.172842   -1.397286   -0.998841    0.000000       -1.997678        1.000000    0.101105    0.000707    0.003503    5.819348
    0.032338    0.187082   -1.382827   -0.998842    0.000000       -1.997680        1.000000    0.118121    0.000972    0.003503    5.819348
    0.034826    0.201283   -1.368368   -0.998842    0.000000       -1.997681        1.000000    0.136428    0.001305    0.003503    5.819348
    0.037313    0.215441   -1.353909   -0.998843    0.000000       -1.997682        1.000000    0.156024    0.001717    0.003503    5.819348
    0.039801    0.229555   -1.339449   -0.998845    0.000000       -1.997683        1.000000    0.176903    0.002218    0.003503    5.819348
    0.042289    0.243621   -1.324990   -0.998846    0.000000       -1.997685        1.000000    0.199062    0.002820    0.003503    5.819348
    0.044776    0.257636   -1.310531   -0.998847    0.000000       -1.997687        1.000000    0.222495    0.003536    0.003503    5.819348
    0.047264    0.271597   -1.296072   -0.998848    0.000000       -1.997688        1.000000    0.247199    0.004378    0.003503    5.819348
    0.049751    0.285501   -1.281612   -0.998850    0.000000       -1.997690        1.000000    0.273166    0.005360    0.003503    5.819348
    0.052239    0.299346   -1.267153   -0.998851    0.000000       -1.997692        1.000000    0.300393    0.006497    0.003503    5.819348
    0.054726    0.313128   -1.252693   -0.998853    0.000000       -1.997695        1.000000    0.328874    0.007802    0.003503    5.819348
    0.057214    0.326844   -1.238234   -0.998855    0.000000       -1.997697        1.000000    0.358602    0.009291    0.003503    5.819348
    0.059701    0.340493   -1.223775   -0.998857    0.000000       -1.997700        1.000000    0.389572    0.010979    0.003503    5.819348
    0.062189    0.354070   -1.209315   -0.998859    0.000000       -1.997702        1.000000    0.421777    0.012883    0.003503    5.819348
    0.064677    0.367573   -1.194856   -0.998861    0.000000       -1.997705        1.000000    0.455209    0.015018    0.003503    5.819348
    0.067164    0.380999   -1.180396   -0.998864    0.000000       -1.997708        1.000000    0.489863    0.017400    0.003503    5.819348
    0.069652    0.394345   -1.165937   -0.998866    0.000000       -1.997712        1.000000    0.525731    0.020048    0.003503    5.819348
    0.072139    0.407609   -1.151477   -0.998869    0.000000       -1.997715        1.000000    0.562805    0.022977    0.003503    5.819348
    0.074627    0.420788   -1.137017   -0.998872    0.000000       -1.997719        1.000000    0.601078    0.026206    0.003503    5.819348
    0.077114    0.433879   -1.122558   -0.998875    0.000000       -1.997723        1.000000    0.640542    0.029752    0.003503    5.819348
    0.079602    0.446879   -1.108098   -0.998879    0.000000       -1.997727        1.000000    0.681188    0.033633    0.003503    5.819348
    0.082090    0.459786   -1.093638   -0.998882    0.000000       -1.997732        1.000000    0.723008    0.037866    0.003503    5.819348
    0.084577    0.472596   -1.079178   -0.998886    0.000000       -1.997736        1.000000    0.765993    0.042469    0.003503    5.819348
    0.087065    0.485308   -1.064718   -0.998890    0.000000       -1.997742        1.000000    0.810134    0.047461    0.003503    5.819348
    0.089552    0.497918   -1.050258   -0.998895    0.000000       -1.997747        1.000000    0.855422    0.052860    0.003503    5.819348
    0.092040    0.510424   -1.035798   -0.998900    0.000000       -1.997753        1.000000    0.901848    0.058682    0.003503    5.819348
    0.094527    0.522824   -1.021338   -0.998905    0.000000       -1.997759        1.000000    0.949402    0.064947    0.003503    5.819348
    0.097015    0.535114   -1.006878   -0.998910    0.000000       -1.997766        1.000000    0.998073    0.071672    0.003503    5.819348
    0.099502    0.547292   -0.992418   -0.998916    0.000000       -1.997773        1.000000    1.047853    0.078874    0.003503    5.819348
    0.101990    0.559356   -0.977958   -0.998922    0.000000       -1.997781        1.000000    1.098729    0.086571    0.003503    5.819348
    0.104478    0.571303   -0.963497   -0.998929    0.000000       -1.997789        1.000000    1.150692    0.094780    0.003503    5.819348
    0.106965    0.583131   -0.949037   -0.998936    0.000000       -1.997798        1.000000    1.203731    0.103517    0.003503    5.819348
    0.109453    0.594836   -0.934576   -0.998944    0.000000       -1.997807        1.000000    1.257834    0.112800    0.003503    5.819348
    0.111940    0.606417   -0.920115   -0.998952    0.000000       -1.997817        1.000000    1.312991    0.122644    0.003503    5.819348
    0.114428    0.617871   -0.905654   -0.998961    0.000000       -1.997828        1.000000    1.369190    0.133066    0.003503    5.819348
    0.116915    0.629197   -0.891193   -0.998971    0.000000       -1.997839        1.000000    1.426419    0.144080    0.003503    5.819348
    0.119403    0.640390   -0.876732   -0.998981    0.000000       -1.997851        1.000000    1.484666    0.155701    0.003503    5.819348
    0.121891    0.651450   -0.862271   -0.998993    0.000000       -1.997864        1.000000    1.543918    0.167944    0.003503    5.819348
    0.124378    0.662373   -0.847809   -0.999005    0.000000       -1.997879        1.000000    1.604165    0.180823    0.003503    5.819348
    0.126866    0.673158   -0.833348   -0.999018    0.000000       -1.997894        1.000000    1.665392    0.194351    0.003503    5.819348
    0.129353    0.683802   -0.818886   -0.999032    0.000000       -1.997910        1.000000    1.727588    0.208541    0.003503    5.819348
    0.131841    0.694304   -0.804424   -0.999047    0.000000       -1.997928        1.000000    1.790738    0.223404    0.003503    5.819348
    0.134328    0.704660   -0.789961   -0.999064    0.000000       -1.997947        1.000000    1.854831    0.238953    0.003503    5.819348
    0.136816    0.714868   -0.775499   -0.999081    0.000000       -1.997968        1.000000    1.919852    0.255197    0.003503    5.819348
    0.139303    0.724927   -0.761036   -0.999101    0.000000       -1.997990        1.000000    1.985788    0.272147    0.003503    5.819348
    0.141791    0.734835   -0.746573   -0.999122    0.000000       -1.998014        1.000000    2.052625    0.289812    0.003503    5.819348
    0.144279    0.744589   -0.732109   -0.999145    0.000000       -1.998040        1.000000    2.120349    0.308201    0.003503    5.819348
    0.146766    0.754187   -0.717646   -0.999170    0.000000       -1.998069        1.000000    2.188947    0.327320    0.003503    5.819348
    0.149254    0.763627   -0.703181   -0.999197    0.000000       -1.998099        1.000000    2.258403    0.347178    0.003503    5.819348
    0.151741    0.772908   -0.688717   -0.999227    0.000000       -1.998133        1.000000    2.328703    0.367779    0.003503    5.819348
    0.154229    0.782027   -0.674252   -0.999260    0.000000       -1.998170        1.000000    2.399832    0.389130    0.003503    5.819348
    0.156716    0.790982   -0.659786   -0.999296    0.000000       -1.998210        1.000000    2.471776    0.411234    0.003503    5.819348
    0.159204    0.799772   -0.645320   -0.999336    0.000000       -1.998254        1.000000    2.544520    0.434094    0.003503    5.819348
    0.161692    0.808395   -0.630853   -0.999379    0.000000       -1.998302        1.000000    2.618048    0.457713    0.003503    5.819348
    0.164179    0.816849   -0.616386   -0.999427    0.000000       -1.998355        1.000000    2.692344    0.482093    0.003503    5.819348
    0.166667    0.825131   -0.601918   -0.999480    0.000000       -1.998413        1.000000    2.767395    0.507234    0.003503    5.819348
    0.169154    0.833241   -0.587449   -0.999539    0.000000       -1.998477        1.000000    2.843182    0.533136    0.003503    5.819348
    0.171642    0.841177   -0.572979   -0.999604    0.000000       -1.998548        1.000000    2.919692    0.559796    0.003503    5.819348
    0.174129    0.848937   -0.558509   -0.999676    0.000000       -1.998627        1.000000    2.996907    0.587214    0.003503    5.819348
    0.176617    0.856519   -0.544037   -0.999757    0.000000       -1.998715        1.000000    3.074812    0.615385    0.003503    5.819348
    0.179104    0.863922   -0.529564   -0.999847    0.000000       -1.998812        1.000000    3.153390    0.644306    0.003503    5.819348
    0.181592    0.871144   -0.515089   -0.999948    0.000000       -1.998921        1.000000    3.232626    0.673971    0.003503    5.819348
    0.184080    0.878183   -0.500613   -1.000062    0.000000       -1.999043        1.000000    3.312501    0.704373    0.003503    5.819348
    0.186567    0.885039   -0.486135   -1.000191    0.000000       -1.999181        1.000000    3.393000    0.735506    0.003503    5.819348
    0.189055    0.891710   -0.471656   -1.000336    0.000000       -1.999336        1.000000    3.474106    0.767361    0.003503    5.819348
    0.191542    0.898193   -0.457174   -1.000502    0.000000       -1.999511        1.000000    3.555801    0.799929    0.003503    5.819348
    0.194030    0.904489   -0.442689   -1.000690    0.000000       -1.999711        1.000000    3.638069    0.833200    0.003503    5.819348
    0.196517    0.910595   -0.428201   -1.000906    0.000000       -1.999939        1.000000    3.720893    0.867162    0.003503    5.819348
    0.199005    0.916510   -0.413711   -1.001154    0.000000       -2.000200        1.000000    3.804254    0.901805    0.003503    5.819348
    0.201493    0.922234   -0.399216   -1.001441    0.000000       -2.000500        1.000000    3.888136    0.937114    0.003503    5.819348
    0.203980    0.927763   -0.384717   -1.001774    0.000000       -2.000848        1.000000    3.972521    0.973076    0.003503    5.819348
    0.206468    0.933099   -0.370212   -1.002162    0.000000       -2.001253        1.000000    4.057392    1.009676    0.003503    5.819348
    0.208955    0.938238   -0.355702   -1.002618    0.000000       -2.001727        1.000000    4.142729    1.046898    0.003503    5.819348
    0.211443    0.943181   -0.341184   -1.003157    0.000000       -2.002286        1.000000    4.228517    1.084725    0.003503    5.819348
    0.213930    0.947925   -0.326658   -1.003797    0.000000       -2.002948        1.000000    4.314736    1.123141    0.003503    5.819348
    0.216418    0.952471   -0.312122   -1.004565    0.000000       -2.003739        1.000000    4.401368    1.162126    0.003503    5.819348
    0.218905    0.956815   -0.297573   -1.005491    0.000000       -2.004692        1.000000    4.488395    1.201662    0.003503    5.819348
    0.221393    0.960959   -0.283010   -1.006619    0.000000       -2.005850        1.000000    4.575800    1.241729    0.003503    5.819348
    0.223881    0.964900   -0.268428   -1.008007    0.000000       -2.007271        1.000000    4.663562    1.282306    0.003503    5.819348
    0.226368    0.968637   -0.253824   -1.009733    0.000000       -2.009033        1.000000    4.751665    1.323372    0.003503    5.819348
    0.228856    0.972170   -0.239192   -1.011903    0.000000       -2.011245        1.000000    4.840089    1.364904    0.003503    5.819348
    0.231343    0.975496   -0.224525   -1.014668    0.000000       -2.014058        1.000000    4.928816    1.406880    0.003503    5.819348
    0.233831    0.978615   -0.209812   -1.018245    0.000000       -2.017688        1.000000    5.017826    1.449276    0.003503    5.819348
    0.236318    0.981525   -0.195039   -1.022945    0.000000       -2.022451        1.000000    5.107101    1.492068    0.003503    5.819348
    0.238806    0.984225   -0.180188   -1.029238    0.000000       -2.028815        1.000000    5.196621    1.535232    0.003503    5.819348
    0.241294    0.986713   -0.165230   -1.037835    0.000000       -2.037498        1.000000    5.286368    1.578741    0.003503    5.819348
    0.243781    0.988987   -0.150124   -1.049851    0.000000       -2.049614        1.000000    5.376322    1.622571    0.003503    5.819348
    0.246269    0.991042   -0.134809   -1.067063    0.000000       -2.066946        1.000000    5.466462    1.666695    0.003503    5.819348
    0.248756    0.992876   -0.119192   -1.092344    0.000000       -2.092373        1.000000    5.556770    1.711085    0.003503    5.819348
    0.251244    0.994483   -0.103123   -1.130289    0.000000       -2.130495        1.000000    5.647223    1.755713    0.003503    5.819348
    0.253731    0.995853   -0.086374   -1.187618    0.000000       -2.188039        1.000000    5.737801    1.800551    0.003503    5.819348
    0.256219    0.996975   -0.068613   -1.270584    0.000000       -2.271257        1.000000    5.828482    1.845569    0.003503    5.819348
    0.258706    0.997831   -0.049511   -1.367167    0.000000       -2.368112        1.000000    5.919240    1.890733    0.003503    5.819348
    0.261194    0.998403   -0.029371   -1.388234    0.000000       -2.389402        1.000000    6.010050    1.936006    0.003503    5.819348
    0.263682    0.998688   -0.010625   -1.145736    0.000000       -2.146994        1.000000    6.100886    1.981344    0.003503    5.819348
    0.266169    0.998738    0.002538   -0.655878    0.000000       -1.657139        1.000000    6.191726    2.026705    0.003503    5.819348
    0.268657    0.998649    0.008682   -0.222011    0.000000       -1.223326        1.000000    6.282559    2.072064    0.003503    5.819348
    0.271144    0.998510    0.009894    0.025543    0.000000       -0.975900        1.000000    6.373379    2.117410    0.003503    5.819348
    0.273632    0.998374    0.008611    0.134345    0.000000       -0.867246        1.000000    6.464186    2.162744    0.003503    5.819348
    0.276119    0.998265    0.006371    0.166095    0.000000       -0.835622        1.000000    6.554984    2.208068    0.003503    5.819348
    0.278607    0.998190    0.003990    0.158380    0.000000       -0.843424        1.000000    6.645774    2.253383    0.003503    5.819348
    0.281095    0.998148    0.001877    0.131494    0.000000       -0.870360        1.000000    6.736561    2.298694    0.003503    5.819348
    0.283582    0.998134    0.000221    0.096725    0.000000       -0.905145        1.000000    6.827347    2.344003    0.003503    5.819348
    0.286070    0.998140   -0.000918    0.060911    0.000000       -0.940953        1.000000    6.918133    2.389311    0.003503    5.819348
    0.288557    0.998158   -0.001560    0.028521    0.000000       -0.973323        1.000000    7.008921    2.434620    0.003503    5.819348
    0.291045    0.998183   -0.001775    0.002458    0.000000       -0.999361        1.000000    7.099711    2.479932    0.003503    5.819348
    0.293532    0.998208   -0.001669   -0.015737    0.000000       -1.017531        1.000000    7.190503    2.525245    0.003503    5.819348
    0.296020    0.998230   -0.001359   -0.025846    0.000000       -1.027618        1.000000    7.281297    2.570561    0.003503    5.819348
    0.298507    0.998247   -0.000955   -0.028837    0.000000       -1.030593        1.000000    7.372093    2.615879    0.003503    5.819348
    0.300995    0.998258   -0.000549   -0.026500    0.000000       -1.028245        1.000000    7.462890    2.661198    0.003503    5.819348
    0.303483    0.998263   -0.000203   -0.020949    0.000000       -1.022689        1.000000    7.553687    2.706517    0.003503    5.819348
    0.305970    0.998264    0.000051   -0.014148    0.000000       -1.015887        1.000000    7.644485    2.751837    0.003503    5.819348
    0.308458    0.998262    0.000208   -0.007599    0.000000       -1.009340        1.000000    7.735282    2.797157    0.003503    5.819348
    0.310945    0.998258    0.000277   -0.002228    0.000000       -1.003973        1.000000    7.826079    2.842477    0.003503    5.819348
    0.313433    0.998254    0.000280    0.001563    0.000000       -1.000186        1.000000    7.916876    2.887796    0.003503    5.819348
    0.315920    0.998251    0.000239    0.003766    0.000000       -0.997987        1.000000    8.007672    2.933115    0.003503    5.819348
    0.318408    0.998247    0.000177    0.004620    0.000000       -0.997135        1.000000    8.098468    2.978433    0.003503    5.819348
    0.320896    0.998245    0.000110    0.004480    0.000000       -0.997278        1.000000    8.189263    3.023751    0.003503    5.819348
    0.323383    0.998244    0.000051    0.003719    0.000000       -0.998040        1.000000    8.280059    3.069070    0.003503    5.819348
    0.325871    0.998244    0.000004    0.002670    0.000000       -0.999089        1.000000    8.370855    3.114388    0.003503    5.819348
    0.328358    0.998244   -0.000027    0.001591    0.000000       -1.000168        1.000000    8.461650    3.159706    0.003503    5.819348
    0.330846    0.998245   -0.000043    0.000652    0.000000       -1.001106        1.000000    8.552446    3.205024    0.003503    5.819348
    0.333333    0.998245   -0.000047   -0.000055    0.000000       -1.001813        1.000000    8.643242    3.250342    0.003503    5.819348
    0.335821    0.998246   -0.000042   -0.000506    0.000000       -1.002264        1.000000    8.734037    3.295660    0.003503    5.819348
    0.338308    0.998246   -0.000033   -0.000724    0.000000       -1.002481        1.000000    8.824833    3.340979    0.003503    5.819348
    0.340796    0.998247   -0.000022   -0.000757    0.000000       -1.002513        1.000000    8.915629    3.386297    0.003503    5.819348
    0.343284    0.998247   -0.000012   -0.000665    0.000000       -1.002421        1.000000    9.006425    3.431615    0.003503    5.819348
    0.345771    0.998247   -0.000003   -0.000505    0.000000       -1.002261        1.000000    9.097221    3.476934    0.003503    5.819348
    0.348259    0.998247    0.000003   -0.000326    0.000000       -1.002082        1.000000    9.188017    3.522252    0.003503    5.819348
    0.350746    0.998247    0.000006   -0.000161    0.000000       -1.001917        1.000000    9.278813    3.567570    0.003503    5.819348
    0.353234    0.998247    0.000008   -0.000030    0.000000       -1.001786        1.000000    9.369609    3.612889    0.003503    5.819348
    0.355721    0.998247    0.000007    0.000060    0.000000       -1.001697        1.000000    9.460404    3.658207    0.003503    5.819348
    0.358209    0.998247    0.000006    0.000109    0.000000       -1.001647        1.000000    9.551200    3.703525    0.003503    5.819348
    0.360697    0.998247    0.000004    0.000124    0.000000       -1.001632        1.000000    9.641996    3.748844    0.003503    5.819348
    0.363184    0.998247    0.000003    0.000116    0.000000       -1.001640        1.000000    9.732792    3.794162    0.003503    5.819348
    0.365672    0.998247    0.000001    0.000093    0.000000       -1.001663        1.000000    9.823588    3.839480    0.003503    5.819348
    0.368159    0.998247   -0.000000    0.000064    0.000000       -1.001692        1.000000    9.914384    3.884799    0.003503    5.819348
    0.370647    0.998247   -0.000001    0.000036    0.000000       -1.001720        1.000000   10.005180    3.930117    0.003503    5.819348
    0.373134    0.998247   -0.000001    0.000012    0.000000       -1.001744        1.000000   10.095975    3.975435    0.003503    5.819348
    0.375622    0.998247   -0.000001   -0.000005    0.000000       -1.001761        1.000000   10.186771    4.020754    0.003503    5.819348
    0.378109    0.998247   -0.000001   -0.000015    0.000000       -1.001772        1.000000   10.277567    4.066072    0.003503    5.819348
    0.380597    0.998247   -0.000001   -0.000020    0.000000       -1.001776        1.000000   10.368363    4.111390    0.003503    5.819348
    0.383085    0.998247   -0.000001   -0.000020    0.000000       -1.001776        1.000000   10.459159    4.156709    0.003503    5.819348
    0.385572    0.998247   -0.000000   -0.000017    0.000000       -1.001773        1.000000   10.549955    4.202027    0.003503    5.819348
    0.388060    0.998247   -0.000000   -0.000012    0.000000       -1.001769        1.000000   10.640751    4.247345    0.003503    5.819348
    0.390547    0.998247    0.000000   -0.000008    0.000000       -1.001764        1.000000   10.731546    4.292664    0.003503    5.819348
    0.393035    0.998247    0.000000   -0.000003    0.000000       -1.001760        1.000000   10.822342    4.337982    0.003503    5.819348
    0.395522    0.998247    0.000000   -0.000000    0.000000       -1.001756        1.000000   10.913138    4.383300    0.003503    5.819348
    0.398010    0.998247    0.000000    0.000002    0.000000       -1.001754        1.000000   11.003934    4.428619    0.003503    5.819348
    0.400498    0.998247    0.000000    0.000003    0.000000       -1.001753        1.000000   11.094730    4.473937    0.003503    5.819348
    0.402985    0.998247    0.000000    0.000003    0.000000       -1.001753        1.000000   11.185526    4.519255    0.003503    5.819348
    0.405473    0.998247    0.000000    0.000003    0.000000       -1.001753        1.000000   11.276322    4.564574    0.003503    5.819348
    0.407960    0.998247    0.000000    0.000002    0.000000       -1.001754        1.000000   11.367118    4.609892    0.003503    5.819348
    0.410448    0.998247   -0.000000    0.000002    0.000000       -1.001755        1.000000   11.457913    4.655210    0.003503    5.819348
    0.412935    0.998247   -0.000000    0.000001    0.000000       -1.001756        1.000000   11.548709    4.700529    0.003503    5.819348
    0.415423    0.998247   -0.000000    0.000000    0.000000       -1.001756        1.000000   11.639505    4.745847    0.003503    5.819348
    0.417910    0.998247   -0.000000   -0.000000    0.000000       -1.001757        1.000000   11.730301    4.791165    0.003503    5.819348
    0.420398    0.998247   -0.000000   -0.000000    0.000000       -1.001757        1.000000   11.821097    4.836484    0.003503    5.819348
    0.422886    0.998247   -0.000000   -0.000001    0.000000       -1.001757        1.000000   11.911893    4.881802    0.003503    5.819348
    0.425373    0.998247   -0.000000   -0.000001    0.000000       -1.001757        1.000000   12.002689    4.927120    0.003503    5.819348
    0.427861    0.998247   -0.000000   -0.000000    0.000000       -1.001757        1.000000   12.093484    4.972439    0.003503    5.819348
    0.430348    0.998247   -0.000000   -0.000000    0.000000       -1.001757        1.000000   12.184280    5.017757    0.003503    5.819348
    0.432836    0.998247    0.000000   -0.000000    0.000000       -1.001757        1.000000   12.275076    5.063075    0.003503    5.819348
    0.435323    0.998247    0.000000   -0.000000    0.000000       -1.001756        1.000000   12.365872    5.108394    0.003503    5.819348
    0.437811    0.998247    0.000000    0.000000    0.000000       -1.001756        1.000000   12.456668    5.153712    0.003503    5.819348
    0.440299    0.998247    0.000000    0.000000    0.000000       -1.001756        1.000000   12.547464    5.199030    0.003503    5.819348
    0.442786    0.998247    0.000000    0.000000    0.000000       -1.001756        1.000000   12.638260    5.244349    0.003503    5.819348
    0.445274    0.998247    0.000000    0.000000    0.000000       -1.001756        1.000000   12.729055    5.289667    0.003503    5.819348
    0.447761    0.998247    0.000000    0.000000    0.000000       -1.001756        1.000000   12.819851    5.334985    0.003503    5.819348
    0.450249    0.998247    0.000000    0.000000    0.000000       -1.001756        1.000000   12.910647    5.380304    0.003503    5.819348
    0.452736    0.998247   -0.000000    0.000000    0.000000       -1.001756        1.000000   13.001443    5.425622    0.003503    5.819348
    0.455224    0.998247   -0.000000    0.000000    0.000000       -1.001756        1.000000   13.092239    5.470940    0.003503    5.819348
    0.457711    0.998247   -0.000000    0.000000    0.000000       -1.001756        1.000000   13.183035    5.516259    0.003503    5.819348
    0.460199    0.998247   -0.000000   -0.000000    0.000000       -1.001756        1.000000   13.273831    5.561577    0.003503    5.819348
    0.462687    0.998247   -0.000000   -0.000000    0.000000       -1.001756        1.000000   13.364626    5.606895    0.003503    5.819348
    0.465174    0.998247   -0.000000   -0.000000    0.000000       -1.001756        1.000000   13.455422    5.652214    0.003503    5.819348
    0.467662    0.998247   -0.000000   -0.000000    0.000000       -1.001756        1.000000   13.546218    5.697532    0.003503    5.819348
    0.470149    0.998247   -0.000000   -0.000000    0.000000       -1.001756        1.000000   13.637014    5.742850    0.003503    5.819348
    0.472637    0.998247    0.000000   -0.000000    0.000000       -1.001756        1.000000   13.727810    5.788169    0.003503    5.819348
    0.475124    0.998247    0.000000   -0.000000    0.000000       -1.001756        1.000000   13.818606    5.833487    0.003503    5.819348
    0.477612    0.998247    0.000000   -0.000000    0.000000       -1.001756        1.000000   13.909402    5.878805    0.003503    5.819348
    0.480100    0.998247    0.000000    0.000000    0.000000       -1.001756        1.000000   14.000197    5.924124    0.003503    5.819348
    0.482587    0.998247    0.000000    0.000000    0.000000       -1.001756        1.000000   14.090993    5.969442    0.003503    5.819348
    0.485075    0.998247    0.000000    0.000000    0.000000       -1.001756        1.000000   14.181789    6.014760    0.003503    5.819348
    0.487562    0.998247    0.000000    0.000000    0.000000       -1.001756        1.000000   14.272585    6.060079    0.003503    5.819348
    0.490050    0.998247    0.000000    0.000000    0.000000       -1.001756        1.000000   14.363381    6.105397    0.003503    5.819348
    0.492537    0.998247    0.000000    0.000000    0.000000       -1.001756        1.000000   14.454177    6.150715    0.003503    5.819348
    0.495025    0.998247   -0.000000    0.000000    0.000000       -1.001756        1.000000   14.544973    6.196034    0.003503    5.819348
    0.497512    0.998247   -0.000000    0.000000    0.000000       -1.001756        1.000000   14.635768    6.241352    0.003503    5.819348
    0.500000    0.998247   -0.000000   -0.000000    0.000000       -1.001756        1.000000   14.726564    6.286670    0.003503    5.819348
    0.502488    0.998247   -0.000000   -0.000000    0.000000       -1.001756        1.000000   14.817360    6.331989    0.003503    5.819348
    0.504975    0.998247   -0.000000   -0.000000    0.000000       -1.001756        1.000000   14.908156    6.377307    0.003503    5.819348
    0.507463    0.998247   -0.000000   -0.000000    0.000000       -1.001756        1.000000   14.998952    6.422625    0.003503    5.819348
    0.509950    0.998247   -0.000000   -0.000000    0.000000       -1.001756        1.000000   15.089748    6.467944    0.003503    5.819348
    0.512438    0.998247   -0.000000   -0.000000    0.000000       -1.001756        1.000000   15.180544    6.513262    0.003503    5.819348
    0.514925    0.998247    0.000000   -0.000000    0.000000       -1.001756        1.000000   15.271339    6.558580    0.003503    5.819348
    0.517413    0.998247    0.000000   -0.000000    0.000000       -1.001756        1.000000   15.362135    6.603899    0.003503    5.819348
    0.519900    0.998247    0.000000   -0.000000    0.000000       -1.001756        1.000000   15.452931    6.649217    0.003503    5.819348
    0.522388    0.998247    0.000000    0.000000    0.000000       -1.001756        1.000000   15.543727    6.694535    0.003503    5.819348
    0.524876    0.998247    0.000000    0.000000    0.000000       -1.001756        1.000000   15.634523    6.739854    0.003503    5.819348
    0.527363    0.998247    0.000000    0.000000    0.000000       -1.001756        1.000000   15.725319    6.785172    0.003503    5.819348
    0.529851    0.998247    0.000000    0.000000    0.000000       -1.001756        1.000000   15.816115    6.830490    0.003503    5.819348
    0.532338    0.998247    0.000000    0.000000    0.000000       -1.001756        1.000000   15.906910    6.875809    0.003503    5.819348
    0.534826    0.998247   -0.000000    0.000000    0.000000       -1.001756        1.000000   15.997706    6.921127    0.003503    5.819348
    0.537313    0.998247   -0.000000    0.000000    0.000000       -1.001756        1.000000   16.088502    6.966445    0.003503    5.819348
    0.539801    0.998247   -0.000000    0.000000    0.000000       -1.001756        1.000000   16.179298    7.011764    0.003503    5.819348
    0.542289    0.998247   -0.000000   -0.000000    0.000000       -1.001756        1.000000   16.270094    7.057082    0.003503    5.819348
    0.544776    0.998247   -0.000000   -0.000000    0.000000       -1.001756        1.000000   16.360890    7.102400    0.003503    5.819348
    0.547264    0.998247   -0.000000   -0.000000    0.000000       -1.001756        1.000000   16.451686    7.147719    0.003503    5.819348
    0.549751    0.998247   -0.000000   -0.000000    0.000000       -1.001756        1.000000   16.542481    7.193037    0.003503    5.819348
    0.552239    0.998247   -0.000000   -0.000000    0.000000       -1.001756        1.000000   16.633277    7.238355    0.003503    5.819348
    0.554726    0.998247   -0.000000   -0.000000    0.000000       -1.001756        1.000000   16.724073    7.283674    0.003503    5.819348
    0.557214    0.998247   -0.000000   -0.000000    0.000000       -1.001756        1.000000   16.814869    7.328992    0.003503    5.819348
    0.559701    0.998247   -0.000000   -0.000000    0.000000       -1.001756        1.000000   16.905665    7.374310    0.003503    5.819348
    0.562189    0.998247   -0.000000   -0.000000    0.000000       -1.001756        1.000000   16.996461    7.419629    0.003503    5.819348
    0.564677    0.998247    0.000000   -0.000000    0.000000       -1.001756        1.000000   17.087257    7.464947    0.003503    5.819348
    0.567164    0.998247    0.000000   -0.000000    0.000000       -1.001756        1.000000   17.178052    7.510265    0.003503    5.819348
    0.569652    0.998247    0.000000   -0.000000    0.000000       -1.001756        1.000000   17.268848    7.555584    0.003503    5.819348
    0.572139    0.998247    0.000000   -0.000000    0.000000       -1.001756        1.000000   17.359644    7.600902    0.003503    5.819348
    0.574627    0.998247    0.000000   -0.000000    0.000000       -1.001756        1.000000   17.450440    7.646220    0.003503    5.819348
    0.577114    0.998247    0.000000   -0.000000    0.000000       -1.001756        1.000000   17.541236    7.691539    0.003503    5.819348
    0.579602    0.998247    0.000000   -0.000000    0.000000       -1.001756        1.000000   17.632032    7.736857    0.003503    5.819348
    0.582090    0.998247    0.000000   -0.000000    0.000000       -1.001756        1.000000   17.722828    7.782175    0.003503    5.819348
    0.584577    0.998247    0.000000   -0.000000    0.000000       -1.001756        1.000000   17.813623    7.827494    0.003503    5.819348
    0.587065    0.998247    0.000000   -0.000000    0.000000       -1.001756        1.000000   17.904419    7.872812    0.003503    5.819348
    0.589552    0.998247    0.000000   -0.000000    0.000000       -1.001756        1.000000   17.995215    7.918131    0.003503    5.819348
    0.592040    0.998247    0.000000   -0.000000    0.000000       -1.001756        1.000000   18.086011    7.963449    0.003503    5.819348
    0.594527    0.998247    0.000000   -0.000000    0.000000       -1.001756        1.000000   18.176807    8.008767    0.003503    5.819348
    0.597015    0.998247    0.000000   -0.000000    0.000000       -1.001756        1.000000   18.267603    8.054086    0.003503    5.819348
    0.599502    0.998247    0.000000   -0.000000    0.000000       -1.001756        1.000000   18.358399    8.099404    0.003503    5.819348
    0.601990    0.998247    0.000000   -0.000000    0.000000       -1.001756        1.000000   18.449194    8.144722    0.003503    5.819348
    0.604478    0.998247    0.000000   -0.000000    0.000000       -1.001756        1.000000   18.539990    8.190041    0.003503    5.819348
    0.606965    0.998247    0.000000   -0.000000    0.000000       -1.001756        1.000000   18.630786    8.235359    0.003503    5.819348
    0.609453    0.998247    0.000000   -0.000000    0.000000       -1.001756        1.000000   18.721582    8.280677    0.003503    5.819348
    0.611940    0.998247    0.000000   -0.000000    0.000000       -1.001756        1.000000   18.812378    8.325996    0.003503    5.819348
    0.614428    0.998247    0.000000   -0.000000    0.000000       -1.001756        1.000000   18.903174    8.371314    0.003503    5.819348
    0.616915    0.998247    0.000000   -0.000000    0.000000       -1.001756        1.000000   18.993970    8.416632    0.003503    5.819348
    0.619403    0.998247    0.000000   -0.000000    0.000000       -1.001756        1.000000   19.084765    8.461951    0.003503    5.819348
    0.621891    0.998247    0.000000   -0.000000    0.000000       -1.001756        1.000000   19.175561    8.507269    0.003503    5.819348
    0.624378    0.998247    0.000000   -0.000000    0.000000       -1.001756        1.000000   19.266357    8.552587    0.003503    5.819348
    0.626866    0.998247    0.000000   -0.000000    0.000000       -1.001756        1.000000   19.357153    8.597906    0.003503    5.819348
    0.629353    0.998247    0.000000   -0.000000    0.000000       -1.001756        1.000000   19.447949    8.643224    0.003503    5.819348
    0.631841    0.998247    0.000000   -0.000000    0.000000       -1.001756        1.000000   19.538745    8.688542    0.003503    5.819348
    0.634328    0.998247    0.000000   -0.000000    0.000000       -1.001756        1.000000   19.629541    8.733861    0.003503    5.819348
    0.636816    0.998247    0.000000   -0.000000    0.000000       -1.001756        1.000000   19.720336    8.779179    0.003503    5.819348
    0.639303    0.998247    0.000000   -0.000000    0.000000       -1.001756        1.000000   19.811132    8.824497    0.003503    5.819348
    0.641791    0.998247    0.000000   -0.000000    0.000000       -1.001757        1.000000   19.901928    8.869816    0.003503    5.819348
    0.644279    0.998247    0.000000   -0.000000    0.000000       -1.001757        1.000000   19.992724    8.915134    0.003503    5.819348
    0.646766    0.998247    0.000000   -0.000001    0.000000       -1.001757        1.000000   20.083520    8.960452    0.003503    5.819348
    0.649254    0.998247    0.000000   -0.000001    0.000000       -1.001757        1.000000   20.174316    9.005771    0.003503    5.819348
    0.651741    0.998247    0.000000   -0.000001    0.000000       -1.001758        1.000000   20.265112    9.051089    0.003503    5.819348
    0.654229    0.998247    0.000000   -0.000002    0.000000       -1.001758        1.000000   20.355907    9.096407    0.003503    5.819348
    0.656716    0.998247    0.000000   -0.000003    0.000000       -1.001759        1.000000   20.446703    9.141726    0.003503    5.819348
    0.659204    0.998247    0.000000   -0.000005    0.000000       -1.001761        1.000000   20.537499    9.187044    0.003503    5.819348
    0.661692    0.998247    0.000000   -0.000007    0.000000       -1.001764        1.000000   20.628295    9.232362    0.003503    5.819348
    0.664179    0.998247    0.000000   -0.000011    0.000000       -1.001768        1.000000   20.719091    9.277681    0.003503    5.819348
    0.666667    0.998247    0.000001   -0.000017    0.000000       -1.001774        1.000000   20.809887    9.322999    0.003503    5.819348
    0.669154    0.998247    0.000001   -0.000027    0.000000       -1.001783        1.000000   20.900683    9.368317    0.003503    5.819348
    0.671642    0.998247    0.000001   -0.000041    0.000000       -1.001797        1.000000   20.991478    9.413636    0.003503    5.819348
    0.674129    0.998247    0.000002   -0.000063    0.000000       -1.001820        1.000000   21.082274    9.458954    0.003503    5.819348
    0.676617    0.998247    0.000003   -0.000097    0.000000       -1.001854        1.000000   21.173070    9.504272    0.003503    5.819348
    0.679104    0.998247    0.000005   -0.000150    0.000000       -1.001906        1.000000   21.263866    9.549591    0.003503    5.819348
    0.681592    0.998246    0.000008   -0.000231    0.000000       -1.001988        1.000000   21.354662    9.594909    0.003503    5.819348
    0.684080    0.998246    0.000012   -0.000356    0.000000       -1.002113        1.000000   21.445458    9.640227    0.003503    5.819348
    0.686567    0.998246    0.000018   -0.000549    0.000000       -1.002306        1.000000   21.536253    9.685545    0.003503    5.819348
    0.689055    0.998246    0.000028   -0.000846    0.000000       -1.002603        1.000000   21.627049    9.730864    0.003503    5.819348
    0.691542    0.998245    0.000044   -0.001303    0.000000       -1.003060        1.000000   21.717845    9.776182    0.003503    5.819348
    0.694030    0.998244    0.000067   -0.002006    0.000000       -1.003765        1.000000   21.808641    9.821500    0.003503    5.819348
    0.696517    0.998243    0.000104   -0.003088    0.000000       -1.004848        1.000000   21.899436    9.866818    0.003503    5.819348
    0.699005    0.998241    0.000159   -0.004751    0.000000       -1.006513        1.000000   21.990232    9.912136    0.003503    5.819348
    0.701493    0.998239    0.000245   -0.007302    0.000000       -1.009067        1.000000   22.081027    9.957454    0.003503    5.819348
    0.703980    0.998234    0.000377   -0.011206    0.000000       -1.012975        1.000000   22.171821   10.002771    0.003503    5.819348
    0.706468    0.998227    0.000580   -0.017157    0.000000       -1.018933        1.000000   22.262615   10.048088    0.003503    5.819348
    0.708955    0.998217    0.000889   -0.026178    0.000000       -1.027964        1.000000   22.353409   10.093404    0.003503    5.819348
    0.711443    0.998201    0.001359   -0.039732    0.000000       -1.041533        1.000000   22.444200   10.138719    0.003503    5.819348
    0.713930    0.998176    0.002071   -0.059830    0.000000       -1.061655        1.000000   22.534990   10.184032    0.003503    5.819348
    0.716418    0.998139    0.003135   -0.089061    0.000000       -1.090921        1.000000   22.625776   10.229342    0.003503    5.819348
    0.718905    0.998083    0.004708   -0.130402    0.000000       -1.132311        1.000000   22.716557   10.274648    0.003503    5.819348
    0.721393    0.997999    0.006983   -0.186617    0.000000       -1.188597        1.000000   22.807330   10.319947    0.003503    5.819348
    0.723881    0.997876    0.010190   -0.259131    0.000000       -1.261207        1.000000   22.898092   10.365236    0.003503    5.819348
    0.726368    0.997699    0.014558   -0.346609    0.000000       -1.348809        1.000000   22.988838   10.410510    0.003503    5.819348
    0.728856    0.997448    0.020273   -0.444101    0.000000       -1.446453        1.000000   23.079562   10.455761    0.003503    5.819348
    0.731343    0.997105    0.027426   -0.543793    0.000000       -1.546319        1.000000   23.170254   10.500979    0.003503    5.819348
    0.733831    0.996648    0.035988   -0.637422    0.000000       -1.640136        1.000000   23.260904   10.546152    0.003503    5.819348
    0.736318    0.996057    0.045822   -0.718926    0.000000       -1.721831        1.000000   23.351501   10.591261    0.003503    5.819348
    0.738806    0.995316    0.056730   -0.785661    0.000000       -1.788750        1.000000   23.442030   10.636290    0.003503    5.819348
    0.741294    0.994411    0.068498   -0.837929    0.000000       -1.841191        1.000000   23.532477   10.681214    0.003503    5.819348
    0.743781    0.993332    0.080930   -0.877713    0.000000       -1.881131        1.000000   23.622826   10.726012    0.003503    5.819348
    0.746269    0.992069    0.093862   -0.907525    0.000000       -1.911083        1.000000   23.713060   10.770658    0.003503    5.819348
    0.748756    0.990616    0.107168   -0.929734    0.000000       -1.933415        1.000000   23.803162   10.815128    0.003503    5.819348
    0.751244    0.988971    0.120752   -0.946295    0.000000       -1.950084        1.000000   23.893114   10.859394    0.003503    5.819348
    0.753731    0.987128    0.134545   -0.958709    0.000000       -1.962594        1.000000   23.982898   10.903431    0.003503    5.819348
    0.756219    0.985086    0.148494   -0.968091    0.000000       -1.972058        1.000000   24.072497   10.947213    0.003503    5.819348
    0.758706    0.982844    0.162562   -0.975248    0.000000       -1.979289        1.000000   24.161892   10.990714    0.003503    5.819348
    0.761194    0.980400    0.176722   -0.980765    0.000000       -1.984870        1.000000   24.251065   11.033908    0.003503    5.819348
    0.763682    0.977754    0.190951   -0.985061    0.000000       -1.989224        1.000000   24.339997   11.076769    0.003503    5.819348
    0.766169    0.974905    0.205237   -0.988442    0.000000       -1.992655        1.000000   24.428669   11.119272    0.003503    5.819348
    0.768657    0.971854    0.219565   -0.991128    0.000000       -1.995387        1.000000   24.517065   11.161394    0.003503    5.819348
    0.771144    0.968599    0.233929   -0.993284    0.000000       -1.997583        1.000000   24.605164   11.203109    0.003503    5.819348
    0.773632    0.965143    0.248321   -0.995029    0.000000       -1.999364        1.000000   24.692949   11.244395    0.003503    5.819348
    0.776119    0.961484    0.262736   -0.996454    0.000000       -2.000821        1.000000   24.780401   11.285228    0.003503    5.819348
    0.778607    0.957623    0.277169   -0.997626    0.000000       -2.002023        1.000000   24.867502   11.325586    0.003503    5.819348
    0.781095    0.953562    0.291618   -0.998598    0.000000       -2.003022        1.000000   24.954233   11.365447    0.003503    5.819348
    0.783582    0.949300    0.306080   -0.999410    0.000000       -2.003857        1.000000   25.040577   11.404791    0.003503    5.819348
    0.786070    0.944838    0.320552   -1.000092    0.000000       -2.004562        1.000000   25.126515   11.443597    0.003503    5.819348
    0.788557    0.940178    0.335034   -1.000668    0.000000       -2.005159        1.000000   25.212030   11.481846    0.003503    5.819348
    0.791045    0.935319    0.349523   -1.001159    0.000000       -2.005668        1.000000   25.297102   11.519519    0.003503    5.819348
    0.793532    0.930263    0.364019   -1.001578    0.000000       -2.006104        1.000000   25.381714   11.556599    0.003503    5.819348
    0.796020    0.925012    0.378521   -1.001939    0.000000       -2.006480        1.000000   25.465849   11.593068    0.003503    5.819348
    0.798507    0.919565    0.393027   -1.002250    0.000000       -2.006806        1.000000   25.549488   11.628910    0.003503    5.819348
    0.800995    0.913924    0.407537   -1.002520    0.000000       -2.007089        1.000000   25.632614   11.664111    0.003503    5.819348
    0.803483    0.908090    0.422052   -1.002755    0.000000       -2.007337        1.000000   25.715210   11.698655    0.003503    5.819348
    0.805970    0.902064    0.436569   -1.002960    0.000000       -2.007554        1.000000   25.797258   11.732529    0.003503    5.819348
    0.808458    0.895848    0.451089   -1.003141    0.000000       -2.007745        1.000000   25.878740   11.765721    0.003503    5.819348
    0.810945    0.889443    0.465612   -1.003300    0.000000       -2.007914        1.000000   25.959639   11.798219    0.003503    5.819348
    0.813433    0.882850    0.480137   -1.003440    0.000000       -2.008063        1.000000   26.039939   11.830013    0.003503    5.819348
    0.815920    0.876071    0.494663   -1.003565    0.000000       -2.008196        1.000000   26.119623   11.861093    0.003503    5.819348
    0.818408    0.869106    0.509192   -1.003675    0.000000       -2.008315        1.000000   26.198672   11.891451    0.003503    5.819348
    0.820896    0.861958    0.523722   -1.003774    0.000000       -2.008422        1.000000   26.277072   11.921078    0.003503    5.819348
    0.823383    0.854628    0.538253   -1.003862    0.000000       -2.008517        1.000000   26.354805   11.949968    0.003503    5.819348
    0.825871    0.847117    0.552785   -1.003942    0.000000       -2.008603        1.000000   26.431855   11.978116    0.003503    5.819348
    0.828358    0.839427    0.567319   -1.004013    0.000000       -2.008680        1.000000   26.508205   12.005516    0.003503    5.819348
    0.830846    0.831559    0.581854   -1.004077    0.000000       -2.008750        1.000000   26.583840   12.032165    0.003503    5.819348
    0.833333    0.823516    0.596389   -1.004134    0.000000       -2.008813        1.000000   26.658743   12.058060    0.003503    5.819348
    0.835821    0.815299    0.610925   -1.004187    0.000000       -2.008871        1.000000   26.732899   12.083200    0.003503    5.819348
    0.838308    0.806909    0.625462   -1.004234    0.000000       -2.008923        1.000000   26.806292   12.107583    0.003503    5.819348
    0.840796    0.798349    0.640000   -1.004277    0.000000       -2.008971        1.000000   26.878906   12.131211    0.003503    5.819348
    0.843284    0.789620    0.654538   -1.004316    0.000000       -2.009014        1.000000   26.950726   12.154083    0.003503    5.819348
    0.845771    0.780724    0.669077   -1.004352    0.000000       -2.009054        1.000000   27.021737   12.176202    0.003503    5.819348
    0.848259    0.771662    0.683616   -1.004384    0.000000       -2.009090        1.000000   27.091924   12.197571    0.003503    5.819348
    0.850746    0.762438    0.698156   -1.004414    0.000000       -2.009124        1.000000   27.161271   12.218193    0.003503    5.819348
    0.853234    0.753053    0.712696   -1.004441    0.000000       -2.009155        1.000000   27.229766   12.238075    0.003503    5.819348
    0.855721    0.743508    0.727236   -1.004466    0.000000       -2.009183        1.000000   27.297392   12.257221    0.003503    5.819348
    0.858209    0.733806    0.741777   -1.004489    0.000000       -2.009209        1.000000   27.364135   12.275637    0.003503    5.819348
    0.860697    0.723949    0.756318   -1.004510    0.000000       -2.009233        1.000000   27.429982   12.293332    0.003503    5.819348
    0.863184    0.713938    0.770860   -1.004530    0.000000       -2.009255        1.000000   27.494919   12.310314    0.003503    5.819348
    0.865672    0.703777    0.785401   -1.004548    0.000000       -2.009276        1.000000   27.558931   12.326591    0.003503    5.819348
    0.868159    0.693467    0.799943   -1.004564    0.000000       -2.009295        1.000000   27.622005   12.342172    0.003503    5.819348
    0.870647    0.683010    0.814485   -1.004579    0.000000       -2.009313        1.000000   27.684129   12.357070    0.003503    5.819348
    0.873134    0.672409    0.829028   -1.004593    0.000000       -2.009329        1.000000   27.745288   12.371294    0.003503    5.819348
    0.875622    0.661665    0.843570   -1.004607    0.000000       -2.009344        1.000000   27.805470   12.384857    0.003503    5.819348
    0.878109    0.650782    0.858113   -1.004619    0.000000       -2.009358        1.000000   27.864662   12.397771    0.003503    5.819348
    0.880597    0.639761    0.872656   -1.004630    0.000000       -2.009372        1.000000   27.922852   12.410049    0.003503    5.819348
    0.883085    0.628604    0.887199   -1.004640    0.000000       -2.009384        1.000000   27.980026   12.421705    0.003503    5.819348
    0.885572    0.617315    0.901742   -1.004650    0.000000       -2.009395        1.000000   28.036174   12.432753    0.003503    5.819348
    0.888060    0.605895    0.916286   -1.004659    0.000000       -2.009406        1.000000   28.091284   12.443209    0.003503    5.819348
    0.890547    0.594347    0.930829   -1.004667    0.000000       -2.009416        1.000000   28.145343   12.453086    0.003503    5.819348
    0.893035    0.582673    0.945373   -1.004675    0.000000       -2.009425        1.000000   28.198340   12.462401    0.003503    5.819348
    0.895522    0.570876    0.959916   -1.004682    0.000000       -2.009434        1.000000   28.250264   12.471170    0.003503    5.819348
    0.898010    0.558958    0.974460   -1.004689    0.000000       -2.009442        1.000000   28.301104   12.479409    0.003503    5.819348
    0.900498    0.546922    0.989004   -1.004695    0.000000       -2.009450        1.000000   28.350850   12.487135    0.003503    5.819348
    0.902985    0.534770    1.003548   -1.004701    0.000000       -2.009457        1.000000   28.399490   12.494365    0.003503    5.819348
    0.905473    0.522505    1.018092   -1.004707    0.000000       -2.009464        1.000000   28.447015   12.501117    0.003503    5.819348
    0.907960    0.510129    1.032636   -1.004712    0.000000       -2.009470        1.000000   28.493414   12.507408    0.003503    5.819348
    0.910448    0.497646    1.047181   -1.004717    0.000000       -2.009476        1.000000   28.538677   12.513255    0.003503    5.819348
    0.912935    0.485057    1.061725   -1.004721    0.000000       -2.009482        1.000000   28.582796   12.518676    0.003503    5.819348
    0.915423    0.472366    1.076269   -1.004725    0.000000       -2.009487        1.000000   28.625760   12.523690    0.003503    5.819348
    0.917910    0.459575    1.090814   -1.004729    0.000000       -2.009492        1.000000   28.667561   12.528315    0.003503    5.819348
    0.920398    0.446687    1.105358   -1.004733    0.000000       -2.009496        1.000000   28.708189   12.532567    0.003503    5.819348
    0.922886    0.433704    1.119903   -1.004736    0.000000       -2.009501        1.000000   28.747637   12.536466    0.003503    5.819348
    0.925373    0.420629    1.134447   -1.004739    0.000000       -2.009505        1.000000   28.785895   12.540029    0.003503    5.819348
    0.927861    0.407465    1.148992   -1.004742    0.000000       -2.009508        1.000000   28.822956   12.543273    0.003503    5.819348
    0.930348    0.394216    1.163537   -1.004745    0.000000       -2.009512        1.000000   28.858812   12.546217    0.003503    5.819348
    0.932836    0.380882    1.178081   -1.004748    0.000000       -2.009515        1.000000   28.893456   12.548878    0.003503    5.819348
    0.935323    0.367469    1.192626   -1.004750    0.000000       -2.009518        1.000000   28.926879   12.551272    0.003503    5.819348
    0.937811    0.353977    1.207171   -1.004753    0.000000       -2.009521        1.000000   28.959075   12.553418    0.003503    5.819348
    0.940299    0.340411    1.221716   -1.004755    0.000000       -2.009524        1.000000   28.990037   12.555331    0.003503    5.819348
    0.942786    0.326772    1.236260   -1.004757    0.000000       -2.009526        1.000000   29.019759   12.557028    0.003503    5.819348
    0.945274    0.313065    1.250805   -1.004759    0.000000       -2.009529        1.000000   29.048234   12.558525    0.003503    5.819348
    0.947761    0.299291    1.265350   -1.004760    0.000000       -2.009531        1.000000   29.075456   12.559838    0.003503    5.819348
    0.950249    0.285454    1.279895   -1.004762    0.000000       -2.009533        1.000000   29.101419   12.560980    0.003503    5.819348
    0.952736    0.271556    1.294440   -1.004763    0.000000       -2.009535        1.000000   29.126119   12.561968    0.003503    5.819348
    0.955224    0.257601    1.308985   -1.004765    0.000000       -2.009537        1.000000   29.149549   12.562815    0.003503    5.819348
    0.957711    0.243592    1.323530   -1.004766    0.000000       -2.009539        1.000000   29.171705   12.563535    0.003503    5.819348
    0.960199    0.229531    1.338075   -1.004767    0.000000       -2.009540        1.000000   29.192582   12.564140    0.003503    5.819348
    0.962687    0.215421    1.352620   -1.004768    0.000000       -2.009542        1.000000   29.212176   12.564644    0.003503    5.819348
    0.965174    0.201266    1.367165   -1.004769    0.000000       -2.009543        1.000000   29.230482   12.565058    0.003503    5.819348
    0.967662    0.187068    1.381710   -1.004770    0.000000       -2.009544        1.000000   29.247497   12.565393    0.003503    5.819348
    0.970149    0.172831    1.396255   -1.004771    0.000000       -2.009545        1.000000   29.263217   12.565659    0.003503    5.819348
    0.972637    0.158557    1.410800   -1.004772    0.000000       -2.009546        1.000000   29.277638   12.565868    0.003503    5.819348
    0.975124    0.144250    1.425345   -1.004772    0.000000       -2.009547        1.000000   29.290759   12.566027    0.003503    5.819348
    0.977612    0.129912    1.439890   -1.004773    0.000000       -2.009548        1.000000   29.302575   12.566145    0.003503    5.819348
    0.980100    0.115547    1.454435   -1.004774    0.000000       -2.009549        1.000000   29.313085   12.566229    0.003503    5.819348
    0.982587    0.101157    1.468981   -1.004774    0.000000       -2.009549        1.000000   29.322285   12.566288    0.003503    5.819348
    0.985075    0.086746    1.483526   -1.004775    0.000000       -2.009550        1.000000   29.330175   12.566326    0.003503    5.819348
    0.987562    0.072316    1.498071   -1.004775    0.000000       -2.009550        1.000000   29.336753   12.566349    0.003503    5.819348
    0.990050    0.057871    1.512616   -1.004775    0.000000       -2.009551        1.000000   29.342017   12.566362    0.003503    5.819348
    0.992537    0.043414    1.527161   -1.004775    0.000000       -2.009551        1.000000   29.345965   12.566368    0.003503    5.819348
    0.995025    0.028948    1.541706   -1.004775    0.000000       -2.009551        1.000000   29.348598   12.566370    0.003503    5.819348
    0.997512    0.014475    1.556251   -1.004776    0.000000       -2.009551        1.000000   29.349915   12.566371    0.003503    5.819348
    1.000000    0.000000    1.570796   -1.004776    0.000000       -2.009551        1.000000   29.349915   12.566371    0.003503    5.819348
