           t           r         psi          cs          qs               p             sig           A           V          Q2           S
    0.000000   -0.000000   -1.570796   -1.195506    0.000000       -2.391013        1.000000    0.000000    0.000000    0.595872   11.065200
    0.009804    0.108177   -1.440540   -1.211200    0.000000       -2.411903        1.000000    0.000000    0.000130    0.595872   11.065200
    0.019608    0.214489   -1.306809   -1.260170    0.000000       -2.476700        1.000000    0.146199    0.002057    0.595872   11.065200
    0.029412    0.316901   -1.165757   -1.347029    0.000000       -2.590493        1.000000    0.362203    0.010260    0.595872   11.065200
    0.039216    0.413019   -1.013033   -1.475588    0.000000       -2.757104        1.000000    0.643723    0.031676    0.595872   11.065200
    0.049020    0.499887   -0.844287   -1.639680    0.000000       -2.968508        1.000000    0.984453    0.074670    0.595872   11.065200
    0.058824    0.573903   -0.657224   -1.803422    0.000000       -3.182909        1.000000    1.375634    0.147028    0.595872   11.065200
    0.068627    0.631191   -0.456172   -1.878182    0.000000       -3.300486        1.000000    1.805863    0.252683    0.595872   11.065200
    0.078431    0.668892   -0.257324   -1.745682    0.000000       -3.191467        1.000000    2.261790    0.388297    0.595872   11.065200
    0.088235    0.687057   -0.086375   -1.371743    0.000000       -2.821799        1.000000    2.730098    0.543268    0.595872   11.065200
    0.098039    0.689308    0.035810   -0.874980    0.000000       -2.324780        1.000000    3.199941    0.705056    0.595872   11.065200
    0.107843    0.681233    0.104872   -0.413931    0.000000       -1.873792        1.000000    3.664280    0.864914    0.595872   11.065200
    0.117647    0.668191    0.129963   -0.070490    0.000000       -1.554448        1.000000    4.119728    1.019041    0.595872   11.065200
    0.127451    0.654200    0.124768    0.146607    0.000000       -1.370094        1.000000    4.565641    1.166774    0.595872   11.065200
    0.137255    0.641821    0.101949    0.258860    0.000000       -1.291118        1.000000    5.003115    1.308859    0.595872   11.065200
    0.147059    0.632396    0.071420    0.293150    0.000000       -1.284107        1.000000    5.434166    1.446549    0.595872   11.065200
    0.156863    0.626360    0.040273    0.274019    0.000000       -1.321213        1.000000    5.861102    1.581214    0.595872   11.065200
    0.166667    0.623514    0.013137    0.222409    0.000000       -1.381265        1.000000    6.286098    1.714161    0.595872   11.065200
    0.176471    0.623271   -0.007439    0.155679    0.000000       -1.448716        1.000000    6.710929    1.846523    0.595872   11.065200
    0.186275    0.624858   -0.020592    0.087510    0.000000       -1.512514        1.000000    7.136841    1.979187    0.595872   11.065200
    0.196078    0.627484   -0.026734    0.027731    0.000000       -1.565367        1.000000    7.564543    2.112751    0.595872   11.065200
    0.205882    0.630450   -0.027131   -0.017733    0.000000       -1.603319        1.000000    7.994267    2.247523    0.595872   11.065200
    0.215686    0.633223   -0.023490   -0.046608    0.000000       -1.625394        1.000000    8.425882    2.383549    0.595872   11.065200
    0.225490    0.635464   -0.017593   -0.059672    0.000000       -1.633081        1.000000    8.859023    2.520681    0.595872   11.065200
    0.235294    0.637016   -0.011011   -0.059840    0.000000       -1.629565        1.000000    9.293223    2.658652    0.595872   11.065200
    0.245098    0.637872   -0.004931   -0.051121    0.000000       -1.618814        1.000000    9.728006    2.797153    0.595872   11.065200
    0.254902    0.638131   -0.000091   -0.037648    0.000000       -1.604724        1.000000   10.162965    2.935896    0.595872   11.065200
    0.264706    0.637948    0.003195   -0.022968    0.000000       -1.590486        1.000000   10.597800    3.074649    0.595872   11.065200
    0.274510    0.637494    0.004944   -0.009662    0.000000       -1.578286        1.000000   11.032325    3.213257    0.595872   11.065200
    0.284314    0.636923    0.005397    0.000746    0.000000       -1.569280        1.000000   11.466461    3.351637    0.595872   11.065200
    0.294118    0.636357    0.004909    0.007667    0.000000       -1.563759        1.000000   11.900211    3.489765    0.595872   11.065200
    0.303922    0.635878    0.003856    0.011220    0.000000       -1.561397        1.000000   12.333635    3.627666    0.595872   11.065200
    0.313725    0.635528    0.002576    0.011979    0.000000       -1.561510        1.000000   12.766820    3.765387    0.595872   11.065200
    0.323529    0.635318    0.001329    0.010737    0.000000       -1.563277        1.000000   13.199862    3.902987    0.595872   11.065200
    0.333333    0.635232    0.000288    0.008321    0.000000       -1.565906        1.000000   13.632846    4.040524    0.595872   11.065200
    0.343137    0.635245   -0.000460    0.005462    0.000000       -1.568735        1.000000   14.065838    4.178046    0.595872   11.065200
    0.352941    0.635321   -0.000901    0.002721    0.000000       -1.571286        1.000000   14.498883    4.315589    0.595872   11.065200
    0.362745    0.635430   -0.001068    0.000461    0.000000       -1.573276        1.000000   14.932001    4.453173    0.595872   11.065200
    0.372549    0.635545   -0.001025   -0.001142    0.000000       -1.574593        1.000000   15.365198    4.590806    0.595872   11.065200
    0.382353    0.635648   -0.000845   -0.002062    0.000000       -1.575260        1.000000   15.798465    4.728487    0.595872   11.065200
    0.392157    0.635726   -0.000599   -0.002383    0.000000       -1.575387        1.000000   16.231785    4.866208    0.595872   11.065200
    0.401961    0.635777   -0.000345   -0.002252    0.000000       -1.575130        1.000000   16.665141    5.003956    0.595872   11.065200
    0.411765    0.635802   -0.000121   -0.001832    0.000000       -1.574648        1.000000   17.098513    5.141721    0.595872   11.065200
    0.421569    0.635806    0.000048   -0.001278    0.000000       -1.574086        1.000000   17.531887    5.279492    0.595872   11.065200
    0.431373    0.635794    0.000156   -0.000715    0.000000       -1.573552        1.000000   17.965254    5.417261    0.595872   11.065200
    0.441176    0.635774    0.000206   -0.000228    0.000000       -1.573115        1.000000   18.398607    5.555023    0.595872   11.065200
    0.450980    0.635751    0.000210    0.000136    0.000000       -1.572807        1.000000   18.831944    5.692775    0.595872   11.065200
    0.460784    0.635729    0.000182    0.000362    0.000000       -1.572634        1.000000   19.265266    5.830518    0.595872   11.065200
    0.470588    0.635712    0.000136    0.000463    0.000000       -1.572576        1.000000   19.698577    5.968252    0.595872   11.065200
    0.480392    0.635700    0.000085    0.000463    0.000000       -1.572605        1.000000   20.131880    6.105979    0.595872   11.065200
    0.490196    0.635694    0.000038    0.000396    0.000000       -1.572689        1.000000   20.565178    6.243703    0.595872   11.065200
    0.500000    0.635692    0.000000    0.000292    0.000000       -1.572798        1.000000   20.998475    6.381425    0.595872   11.065200
    0.509804    0.635693   -0.000025    0.000178    0.000000       -1.572908        1.000000   21.431773    6.519147    0.595872   11.065200
    0.519608    0.635697   -0.000039    0.000075    0.000000       -1.573002        1.000000   21.865073    6.656870    0.595872   11.065200
    0.529412    0.635701   -0.000042   -0.000006    0.000000       -1.573072        1.000000   22.298376    6.794594    0.595872   11.065200
    0.539216    0.635706   -0.000038   -0.000060    0.000000       -1.573115        1.000000   22.731682    6.932321    0.595872   11.065200
    0.549020    0.635709   -0.000030   -0.000088    0.000000       -1.573134        1.000000   23.164991    7.070049    0.595872   11.065200
    0.558824    0.635712   -0.000020   -0.000094    0.000000       -1.573134        1.000000   23.598302    7.207779    0.595872   11.065200
    0.568627    0.635714   -0.000010   -0.000085    0.000000       -1.573120        1.000000   24.031614    7.345510    0.595872   11.065200
    0.578431    0.635714   -0.000002   -0.000066    0.000000       -1.573100        1.000000   24.464926    7.483241    0.595872   11.065200
    0.588235    0.635714    0.000004   -0.000045    0.000000       -1.573079        1.000000   24.898238    7.620973    0.595872   11.065200
    0.598039    0.635714    0.000008   -0.000024    0.000000       -1.573060        1.000000   25.331550    7.758704    0.595872   11.065200
    0.607843    0.635713    0.000009   -0.000007    0.000000       -1.573045        1.000000   25.764861    7.896435    0.595872   11.065200
    0.617647    0.635712    0.000010    0.000003    0.000000       -1.573037        1.000000   26.198171    8.034165    0.595872   11.065200
    0.627451    0.635711    0.000009    0.000008    0.000000       -1.573035        1.000000   26.631481    8.171895    0.595872   11.065200
    0.637255    0.635710    0.000008    0.000006    0.000000       -1.573039        1.000000   27.064790    8.309625    0.595872   11.065200
    0.647059    0.635709    0.000008   -0.000000    0.000000       -1.573048        1.000000   27.498098    8.447354    0.595872   11.065200
    0.656863    0.635708    0.000008   -0.000012    0.000000       -1.573062        1.000000   27.931406    8.585083    0.595872   11.065200
    0.666667    0.635707    0.000011   -0.000029    0.000000       -1.573081        1.000000   28.364713    8.722811    0.595872   11.065200
    0.676471    0.635705    0.000015   -0.000052    0.000000       -1.573108        1.000000   28.798020    8.860539    0.595872   11.065200
    0.686275    0.635703    0.000022   -0.000084    0.000000       -1.573144        1.000000   29.231325    8.998266    0.595872   11.065200
    0.696078    0.635701    0.000034   -0.000127    0.000000       -1.573195        1.000000   29.664627    9.135992    0.595872   11.065200
    0.705882    0.635696    0.000050   -0.000189    0.000000       -1.573267        1.000000   30.097927    9.273717    0.595872   11.065200
    0.715686    0.635689    0.000075   -0.000277    0.000000       -1.573373        1.000000   30.531222    9.411439    0.595872   11.065200
    0.725490    0.635679    0.000112   -0.000407    0.000000       -1.573528        1.000000   30.964511    9.549157    0.595872   11.065200
    0.735294    0.635664    0.000166   -0.000598    0.000000       -1.573755        1.000000   31.397789    9.686871    0.595872   11.065200
    0.745098    0.635642    0.000245   -0.000879    0.000000       -1.574091        1.000000   31.831052    9.824576    0.595872   11.065200
    0.754902    0.635610    0.000362   -0.001294    0.000000       -1.574586        1.000000   32.264293    9.962269    0.595872   11.065200
    0.764706    0.635562    0.000533   -0.001906    0.000000       -1.575316        1.000000   32.697501   10.099946    0.595872   11.065200
    0.774510    0.635491    0.000785   -0.002807    0.000000       -1.576393        1.000000   33.130662   10.237597    0.595872   11.065200
    0.784314    0.635387    0.001157   -0.004136    0.000000       -1.577979        1.000000   33.563751   10.375210    0.595872   11.065200
    0.794118    0.635234    0.001706   -0.006094    0.000000       -1.580315        1.000000   33.996735   10.512769    0.595872   11.065200
    0.803922    0.635008    0.002513   -0.008974    0.000000       -1.583753        1.000000   34.429566   10.650246    0.595872   11.065200
    0.813725    0.634675    0.003701   -0.013210    0.000000       -1.588809        1.000000   34.862170   10.787603    0.595872   11.065200
    0.823529    0.634185    0.005450   -0.019431    0.000000       -1.596235        1.000000   35.294439   10.924784    0.595872   11.065200
    0.833333    0.633463    0.008022   -0.028551    0.000000       -1.607125        1.000000   35.726217   11.061705    0.595872   11.065200
    0.843137    0.632401    0.011797   -0.041887    0.000000       -1.623053        1.000000   36.157271   11.198241    0.595872   11.065200
    0.852941    0.630840    0.017329   -0.061315    0.000000       -1.646264        1.000000   36.587261   11.334211    0.595872   11.065200
    0.862745    0.628549    0.025414   -0.089458    0.000000       -1.679909        1.000000   37.015689   11.469348    0.595872   11.065200
    0.872549    0.625194    0.037181   -0.129899    0.000000       -1.728296        1.000000   37.441831   11.603255    0.595872   11.065200
    0.882353    0.620295    0.054211   -0.187340    0.000000       -1.797107        1.000000   37.864633   11.735353    0.595872   11.065200
    0.892157    0.613172    0.078651   -0.267574    0.000000       -1.893396        1.000000   38.282580   11.864794    0.595872   11.065200
    0.901961    0.602883    0.113322   -0.377037    0.000000       -2.025095        1.000000   38.693514   11.990348    0.595872   11.065200
    0.911765    0.588153    0.161726   -0.521576    0.000000       -2.199628        1.000000   39.094408   12.110265    0.595872   11.065200
    0.921569    0.567333    0.227870   -0.704195    0.000000       -2.421263        1.000000   39.481111   12.222134    0.595872   11.065200
    0.931373    0.538422    0.315796   -0.922025    0.000000       -2.687463        1.000000   39.848107   12.322829    0.595872   11.065200
    0.941176    0.499203    0.428795   -1.163835    0.000000       -2.985675        1.000000   40.188371   12.408708    0.595872   11.065200
    0.950980    0.447578    0.568479   -1.410271    0.000000       -3.293116        1.000000   40.493447   12.476283    0.595872   11.065200
    0.960784    0.382068    0.734099   -1.638161    0.000000       -3.581360        1.000000   40.753870   12.523465    0.595872   11.065200
    0.970588    0.302385    0.922487   -1.827197    0.000000       -3.824123        1.000000   40.959980   12.550982    0.595872   11.065200
    0.980392    0.209865    1.128669   -1.964882    0.000000       -4.003636        1.000000   41.103027   12.563031    0.595872   11.065200
    0.990196    0.107574    1.346780   -2.046957    0.000000       -4.112017        1.000000   41.176351   12.566149    0.595872   11.065200
    1.000000    0.000000    1.570796   -2.073999    0.000000       -4.147998        1.000000   41.176351   12.566371    0.595872   11.065200
