           t           r         psi          cs          qs               p             sig           A           V          Q2           S
    0.000000    0.000000   -1.570796   -2.207605    0.000000       -4.415209        1.000000    0.000000    0.000000    0.906881   43.503408
    0.009804    0.333461   -0.296735   -3.279185    0.000000       -6.146971        1.000000    0.000000    0.046134    0.906881   43.503408
    0.019608    0.306706    0.122242    0.608951    0.000000       -2.627175        1.000000    0.821911    0.193978    0.906881   43.503408
    0.029412    0.301308   -0.038277   -0.053223    0.000000       -3.369658        1.000000    1.629356    0.312839    0.906881   43.503408
    0.039216    0.306814    0.007596   -0.029271    0.000000       -3.288482        1.000000    2.451557    0.438193    0.906881   43.503408
    0.049020    0.304672   -0.000438    0.018602    0.000000       -3.263612        1.000000    3.268019    0.563148    0.906881   43.503408
    0.058824    0.305244   -0.000441   -0.006513    0.000000       -3.282581        1.000000    4.086013    0.687774    0.906881   43.503408
    0.068627    0.305151    0.000251    0.001561    0.000000       -3.275506        1.000000    4.903758    0.812598    0.906881   43.503408
    0.078431    0.305147   -0.000084   -0.000198    0.000000       -3.277307        1.000000    5.721492    0.937354    0.906881   43.503408
    0.088235    0.305157    0.000019   -0.000038    0.000000       -3.277040        1.000000    6.539253    1.062126    0.906881   43.503408
    0.098039    0.305152   -0.000002    0.000035    0.000000       -3.277015        1.000000    7.357001    1.186896    0.906881   43.503408
    0.107843    0.305154   -0.000001   -0.000014    0.000000       -3.277050        1.000000    8.174754    1.311666    0.906881   43.503408
    0.117647    0.305154    0.000000    0.000004    0.000000       -3.277035        1.000000    8.992505    1.436436    0.906881   43.503408
    0.127451    0.305154   -0.000000   -0.000001    0.000000       -3.277039        1.000000    9.810257    1.561206    0.906881   43.503408
    0.137255    0.305154    0.000000   -0.000000    0.000000       -3.277039        1.000000   10.628008    1.685975    0.906881   43.503408
    0.147059    0.305154   -0.000000    0.000000    0.000000       -3.277039        1.000000   11.445760    1.810745    0.906881   43.503408
    0.156863    0.305154   -0.000000   -0.000000    0.000000       -3.277039        1.000000   12.263512    1.935515    0.906881   43.503408
    0.166667    0.305154    0.000000    0.000000    0.000000       -3.277039        1.000000   13.081263    2.060285    0.906881   43.503408
    0.176471    0.305154   -0.000000   -0.000000    0.000000       -3.277039        1.000000   13.899015    2.185055    0.906881   43.503408
    0.186275    0.305154    0.000000    0.000000    0.000000       -3.277039        1.000000   14.716766    2.309825    0.906881   43.503408
    0.196078    0.305154   -0.000000    0.000000    0.000000       -3.277039        1.000000   15.534518    2.434595    0.906881   43.503408
    0.205882    0.305154    0.000000   -0.000000    0.000000       -3.277039        1.000000   16.352270    2.559365    0.906881   43.503408
    0.215686    0.305154    0.000000    0.000000    0.000000       -3.277039        1.000000   17.170021    2.684135    0.906881   43.503408
    0.225490    0.305154   -0.000000   -0.000000    0.000000       -3.277039        1.000000   17.987773    2.808905    0.906881   43.503408
    0.235294    0.305154    0.000000    0.000000    0.000000       -3.277039        1.000000   18.805525    2.933675    0.906881   43.503408
    0.245098    0.305154   -0.000000    0.000000    0.000000       -3.277039        1.000000   19.623276    3.058444    0.906881   43.503408
    0.254902    0.305154    0.000000   -0.000000    0.000000       -3.277039        1.000000   20.441028    3.183214    0.906881   43.503408
    0.264706    0.305154    0.000000    0.000000    0.000000       -3.277039        1.000000   21.258779    3.307984    0.906881   43.503408
    0.274510    0.305154   -0.000000    0.000000    0.000000       -3.277039        1.000000   22.076531    3.432754    0.906881   43.503408
    0.284314    0.305154    0.000000   -0.000000    0.000000       -3.277039        1.000000   22.894283    3.557524    0.906881   43.503408
    0.294118    0.305154   -0.000000    0.000000    0.000000       -3.277039        1.000000   23.712034    3.682294    0.906881   43.503408
    0.303922    0.305154   -0.000000   -0.000000    0.000000       -3.277039        1.000000   24.529786    3.807064    0.906881   43.503408
    0.313725    0.305154   -0.000000   -0.000000    0.000000       -3.277039        1.000000   25.347538    3.931834    0.906881   43.503408
    0.323529    0.305154   -0.000000   -0.000000    0.000000       -3.277039        1.000000   26.165289    4.056604    0.906881   43.503408
    0.333333    0.305154   -0.000000    0.000000    0.000000       -3.277039        1.000000   26.983041    4.181374    0.906881   43.503408
    0.343137    0.305154   -0.000000   -0.000000    0.000000       -3.277039        1.000000   27.800792    4.306144    0.906881   43.503408
    0.352941    0.305154   -0.000000   -0.000000    0.000000       -3.277039        1.000000   28.618544    4.430913    0.906881   43.503408
    0.362745    0.305154   -0.000000   -0.000000    0.000000       -3.277039        1.000000   29.436296    4.555683    0.906881   43.503408
    0.372549    0.305154   -0.000000    0.000000    0.000000       -3.277039        1.000000   30.254047    4.680453    0.906881   43.503408
    0.382353    0.305154   -0.000000   -0.000000    0.000000       -3.277039        1.000000   31.071799    4.805223    0.906881   43.503408
    0.392157    0.305154   -0.000000    0.000000    0.000000       -3.277039        1.000000   31.889551    4.929993    0.906881   43.503408
    0.401961    0.305154   -0.000000   -0.000000    0.000000       -3.277039        1.000000   32.707302    5.054763    0.906881   43.503408
    0.411765    0.305154   -0.000000   -0.000000    0.000000       -3.277039        1.000000   33.525054    5.179533    0.906881   43.503408
    0.421569    0.305154   -0.000000   -0.000000    0.000000       -3.277039        1.000000   34.342805    5.304303    0.906881   43.503408
    0.431373    0.305154   -0.000000   -0.000000    0.000000       -3.277039        1.000000   35.160557    5.429073    0.906881   43.503408
    0.441176    0.305154   -0.000000   -0.000000    0.000000       -3.277039        1.000000   35.978309    5.553843    0.906881   43.503408
    0.450980    0.305154   -0.000000    0.000000    0.000000       -3.277039        1.000000   36.796060    5.678613    0.906881   43.503408
    0.460784    0.305154   -0.000000   -0.000000    0.000000       -3.277039        1.000000   37.613812    5.803382    0.906881   43.503408
    0.470588    0.305154   -0.000000   -0.000000    0.000000       -3.277039        1.000000   38.431564    5.928152    0.906881   43.503408
    0.480392    0.305154   -0.000000    0.000000    0.000000       -3.277039        1.000000   39.249315    6.052922    0.906881   43.503408
    0.490196    0.305154   -0.000000   -0.000000    0.000000       -3.277039        1.000000   40.067067    6.177692    0.906881   43.503408
    0.500000    0.305154   -0.000000   -0.000000    0.000000       -3.277039        1.000000   40.884818    6.302462    0.906881   43.503408
    0.509804    0.305154   -0.000000    0.000000    0.000000       -3.277039        1.000000   41.702570    6.427232    0.906881   43.503408
    0.519608    0.305154   -0.000000    0.000000    0.000000       -3.277039        1.000000   42.520322    6.552002    0.906881   43.503408
    0.529412    0.305154    0.000000   -0.000000    0.000000       -3.277039        1.000000   43.338073    6.676772    0.906881   43.503408
    0.539216    0.305154    0.000000    0.000000    0.000000       -3.277039        1.000000   44.155825    6.801542    0.906881   43.503408
    0.549020    0.305154    0.000000   -0.000000    0.000000       -3.277039        1.000000   44.973577    6.926312    0.906881   43.503408
    0.558824    0.305154    0.000000    0.000000    0.000000       -3.277039        1.000000   45.791328    7.051082    0.906881   43.503408
    0.568627    0.305154    0.000000    0.000000    0.000000       -3.277039        1.000000   46.609080    7.175851    0.906881   43.503408
    0.578431    0.305154    0.000000   -0.000000    0.000000       -3.277039        1.000000   47.426831    7.300621    0.906881   43.503408
    0.588235    0.305154    0.000000    0.000000    0.000000       -3.277039        1.000000   48.244583    7.425391    0.906881   43.503408
    0.598039    0.305154   -0.000000   -0.000000    0.000000       -3.277039        1.000000   49.062335    7.550161    0.906881   43.503408
    0.607843    0.305154    0.000000   -0.000000    0.000000       -3.277039        1.000000   49.880086    7.674931    0.906881   43.503408
    0.617647    0.305154    0.000000    0.000000    0.000000       -3.277039        1.000000   50.697838    7.799701    0.906881   43.503408
    0.627451    0.305154    0.000000   -0.000000    0.000000       -3.277039        1.000000   51.515590    7.924471    0.906881   43.503408
    0.637255    0.305154    0.000000    0.000000    0.000000       -3.277039        1.000000   52.333341    8.049241    0.906881   43.503408
    0.647059    0.305154    0.000000   -0.000000    0.000000       -3.277039        1.000000   53.151093    8.174011    0.906881   43.503408
    0.656863    0.305154    0.000000    0.000000    0.000000       -3.277039        1.000000   53.968844    8.298781    0.906881   43.503408
    0.666667    0.305154   -0.000000   -0.000000    0.000000       -3.277039        1.000000   54.786596    8.423551    0.906881   43.503408
    0.676471    0.305154    0.000000   -0.000000    0.000000       -3.277039        1.000000   55.604348    8.548320    0.906881   43.503408
    0.686275    0.305154    0.000000    0.000000    0.000000       -3.277039        1.000000   56.422099    8.673090    0.906881   43.503408
    0.696078    0.305154    0.000000   -0.000000    0.000000       -3.277039        1.000000   57.239851    8.797860    0.906881   43.503408
    0.705882    0.305154    0.000000   -0.000000    0.000000       -3.277039        1.000000   58.057602    8.922630    0.906881   43.503408
    0.715686    0.305154    0.000000    0.000000    0.000000       -3.277039        1.000000   58.875354    9.047400    0.906881   43.503408
    0.725490    0.305154    0.000000   -0.000000    0.000000       -3.277039        1.000000   59.693106    9.172170    0.906881   43.503408
    0.735294    0.305154    0.000000    0.000000    0.000000       -3.277039        1.000000   60.510857    9.296940    0.906881   43.503408
    0.745098    0.305154    0.000000   -0.000000    0.000000       -3.277039        1.000000   61.328609    9.421710    0.906881   43.503408
    0.754902    0.305154    0.000000    0.000000    0.000000       -3.277039        1.000000   62.146361    9.546480    0.906881   43.503408
    0.764706    0.305154    0.000000    0.000000    0.000000       -3.277039        1.000000   62.964112    9.671250    0.906881   43.503408
    0.774510    0.305154    0.000000    0.000000    0.000000       -3.277039        1.000000   63.781864    9.796019    0.906881   43.503408
    0.784314    0.305154    0.000000    0.000000    0.000000       -3.277039        1.000000   64.599615    9.920789    0.906881   43.503408
    0.794118    0.305154    0.000000   -0.000000    0.000000       -3.277039        1.000000   65.417367   10.045559    0.906881   43.503408
    0.803922    0.305154    0.000000   -0.000000    0.000000       -3.277039        1.000000   66.235119   10.170329    0.906881   43.503408
    0.813725    0.305154    0.000000   -0.000000    0.000000       -3.277039        1.000000   67.052870   10.295099    0.906881   43.503408
    0.823529    0.305154    0.000000    0.000000    0.000000       -3.277039        1.000000   67.870622   10.419869    0.906881   43.503408
    0.833333    0.305154    0.000000   -0.000000    0.000000       -3.277039        1.000000   68.688374   10.544639    0.906881   43.503408
    0.843137    0.305154    0.000000    0.000000    0.000000       -3.277039        1.000000   69.506125   10.669409    0.906881   43.503408
    0.852941    0.305154    0.000000   -0.000000    0.000000       -3.277039        1.000000   70.323877   10.794179    0.906881   43.503408
    0.862745    0.305154    0.000000   -0.000000    0.000000       -3.277039        1.000000   71.141628   10.918949    0.906881   43.503408
    0.872549    0.305154    0.000000   -0.000000    0.000000       -3.277039        1.000000   71.959380   11.043719    0.906881   43.503408
    0.882353    0.305154    0.000000   -0.000000    0.000000       -3.277039        1.000000   72.777132   11.168488    0.906881   43.503408
    0.892157    0.305154    0.000000   -0.000000    0.000000       -3.277039        1.000000   73.594883   11.293258    0.906881   43.503408
    0.901961    0.305154    0.000000   -0.000000    0.000000       -3.277039        1.000000   74.412635   11.418028    0.906881   43.503408
    0.911765    0.305154    0.000000   -0.000000    0.000000       -3.277039        1.000000   75.230387   11.542798    0.906881   43.503408
    0.921569    0.305154    0.000000   -0.000000    0.000000       -3.277039        1.000000   76.048138   11.667568    0.906881   43.503408
    0.931373    0.305154    0.000000   -0.000001    0.000000       -3.277039        1.000000   76.865890   11.792338    0.906881   43.503408
    0.941176    0.305153    0.000001   -0.000006    0.000000       -3.277047        1.000000   77.683641   11.917108    0.906881   43.503408
    0.950980    0.305151    0.000012   -0.000072    0.000000       -3.277134        1.000000   78.501387   12.041877    0.906881   43.503408
    0.960784    0.305128    0.000145   -0.000836    0.000000       -3.278146        1.000000   79.319071   12.166639    0.906881   43.503408
    0.970588    0.304859    0.001694   -0.009753    0.000000       -3.289948        1.000000   80.136034   12.291320    0.906881   43.503408
    0.980392    0.301729    0.019691   -0.112981    0.000000       -3.426576        1.000000   80.944608   12.415045    0.906881   43.503408
    0.990196    0.266142    0.219999   -1.205846    0.000000       -4.872682        1.000000   81.657815   12.527687    0.906881   43.503408
    1.000000    0.000000    1.570796   -4.862243    0.000000       -9.724485        1.000000   81.657815   12.566371    0.906881   43.503408
