           t           r         psi          cs          qs               p             sig           A           V          Q2           S
    0.000000    0.000000   -1.570796   -0.998909    0.000000       -1.997817        1.000000    0.000000    0.000000    0.003258    3.771896
    0.009804    0.036971   -1.533857   -0.998909    0.000000       -1.997817        1.000000    0.000000    0.000001    0.003258    3.771896
    0.019608    0.073891   -1.496918   -0.998909    0.000000       -1.997818        1.000000    0.017169    0.000023    0.003258    3.771896
    0.029412    0.110711   -1.459979   -0.998910    0.000000       -1.997819        1.000000    0.042892    0.000118    0.003258    3.771896
    0.039216    0.147380   -1.423040   -0.998911    0.000000       -1.997821        1.000000    0.077136    0.000373    0.003258    3.771896
    0.049020    0.183847   -1.386101   -0.998913    0.000000       -1.997823        1.000000    0.119852    0.000907    0.003258    3.771896
    0.058824    0.220064   -1.349162   -0.998915    0.000000       -1.997826        1.000000    0.170984    0.001870    0.003258    3.771896
    0.068627    0.255981   -1.312222   -0.998918    0.000000       -1.997830        1.000000    0.230460    0.003445    0.003258    3.771896
    0.078431    0.291548   -1.275283   -0.998921    0.000000       -1.997834        1.000000    0.298201    0.005837    0.003258    3.771896
    0.088235    0.326717   -1.238344   -0.998925    0.000000       -1.997839        1.000000    0.374113    0.009277    0.003258    3.771896
    0.098039    0.361441   -1.201404   -0.998930    0.000000       -1.997845        1.000000    0.458093    0.014018    0.003258    3.771896
    0.107843    0.395672   -1.164464   -0.998936    0.000000       -1.997852        1.000000    0.550027    0.020329    0.003258    3.771896
    0.117647    0.429362   -1.127524   -0.998943    0.000000       -1.997861        1.000000    0.649789    0.028491    0.003258    3.771896
    0.127451    0.462467   -1.090583   -0.998951    0.000000       -1.997871        1.000000    0.757242    0.038799    0.003258    3.771896
    0.137255    0.494941   -1.053643   -0.998960    0.000000       -1.997883        1.000000    0.872241    0.051548    0.003258    3.771896
    0.147059    0.526740   -1.016701   -0.998972    0.000000       -1.997897        1.000000    0.994628    0.067039    0.003258    3.771896
    0.156863    0.557820   -0.979760   -0.998985    0.000000       -1.997913        1.000000    1.124236    0.085566    0.003258    3.771896
    0.166667    0.588139   -0.942818   -0.999001    0.000000       -1.997933        1.000000    1.260889    0.107419    0.003258    3.771896
    0.176471    0.617655   -0.905875   -0.999021    0.000000       -1.997956        1.000000    1.404400    0.132875    0.003258    3.771896
    0.186275    0.646328   -0.868931   -0.999044    0.000000       -1.997984        1.000000    1.554574    0.162194    0.003258    3.771896
    0.196078    0.674120   -0.831987   -0.999072    0.000000       -1.998017        1.000000    1.711204    0.195619    0.003258    3.771896
    0.205882    0.700991   -0.795041   -0.999107    0.000000       -1.998057        1.000000    1.874078    0.233366    0.003258    3.771896
    0.215686    0.726906   -0.758094   -0.999149    0.000000       -1.998106        1.000000    2.042974    0.275628    0.003258    3.771896
    0.225490    0.751829   -0.721145   -0.999202    0.000000       -1.998166        1.000000    2.217660    0.322564    0.003258    3.771896
    0.235294    0.775726   -0.684194   -0.999268    0.000000       -1.998240        1.000000    2.397898    0.374303    0.003258    3.771896
    0.245098    0.798564   -0.647240   -0.999351    0.000000       -1.998333        1.000000    2.583443    0.430936    0.003258    3.771896
    0.254902    0.820312   -0.610283   -0.999457    0.000000       -1.998450        1.000000    2.774041    0.492517    0.003258    3.771896
    0.264706    0.840940   -0.573321   -0.999595    0.000000       -1.998600        1.000000    2.969432    0.559061    0.003258    3.771896
    0.274510    0.860420   -0.536354   -0.999775    0.000000       -1.998796        1.000000    3.169349    0.630541    0.003258    3.771896
    0.284314    0.878725   -0.499379   -1.000016    0.000000       -1.999055        1.000000    3.373520    0.706889    0.003258    3.771896
    0.294118    0.895829   -0.462393   -1.000345    0.000000       -1.999406        1.000000    3.581664    0.787997    0.003258    3.771896
    0.303922    0.911709   -0.425393   -1.000804    0.000000       -1.999891        1.000000    3.793498    0.873713    0.003258    3.771896
    0.313725    0.926343   -0.388372   -1.001462    0.000000       -2.000580        1.000000    4.008732    0.963845    0.003258    3.771896
    0.323529    0.939710   -0.351322   -1.002436    0.000000       -2.001594        1.000000    4.227072    1.058162    0.003258    3.771896
    0.333333    0.951789   -0.314227   -1.003937    0.000000       -2.003145        1.000000    4.448219    1.156393    0.003258    3.771896
    0.343137    0.962563   -0.277061   -1.006367    0.000000       -2.005640        1.000000    4.671868    1.258232    0.003258    3.771896
    0.352941    0.972013   -0.239776   -1.010553    0.000000       -2.009913        1.000000    4.897714    1.363341    0.003258    3.771896
    0.362745    0.980120   -0.202278   -1.018373    0.000000       -2.017853        1.000000    5.125443    1.471348    0.003258    3.771896
    0.372549    0.986863   -0.164358   -1.034647    0.000000       -2.034303        1.000000    5.354739    1.581855    0.003258    3.771896
    0.382353    0.992207   -0.125487   -1.073789    0.000000       -2.073718        1.000000    5.585276    1.694437    0.003258    3.771896
    0.392157    0.996087   -0.084098   -1.184329    0.000000       -2.184709        1.000000    5.816715    1.808642    0.003258    3.771896
    0.401961    0.998335   -0.036118   -1.400206    0.000000       -2.401220        1.000000    6.048677    1.923979    0.003258    3.771896
    0.411765    0.998814    0.004514   -0.532249    0.000000       -1.533426        1.000000    6.280750    2.039834    0.003258    3.771896
    0.421569    0.998500    0.008491    0.127615    0.000000       -0.873850        1.000000    6.512749    2.155694    0.003258    3.771896
    0.431373    0.998293    0.002687    0.145165    0.000000       -0.856541        1.000000    6.744701    2.271490    0.003258    3.771896
    0.441176    0.998273   -0.001042    0.054196    0.000000       -0.947533        1.000000    6.976648    2.387262    0.003258    3.771896
    0.450980    0.998330   -0.001641   -0.013431    0.000000       -1.015103        1.000000    7.208608    2.503042    0.003258    3.771896
    0.460784    0.998376   -0.000724   -0.028216    0.000000       -1.029843        1.000000    7.440579    2.618834    0.003258    3.771896
    0.470588    0.998386    0.000076   -0.013183    0.000000       -1.014800        1.000000    7.672552    2.734633    0.003258    3.771896
    0.480392    0.998378    0.000274    0.000893    0.000000       -1.000732        1.000000    7.904523    2.850431    0.003258    3.771896
    0.490196    0.998370    0.000143    0.004637    0.000000       -0.996996        1.000000    8.136493    2.966228    0.003258    3.771896
    0.500000    0.998367    0.000003    0.002513    0.000000       -0.999122        1.000000    8.368462    3.082023    0.003258    3.771896
    0.509804    0.998368   -0.000039   -0.000085    0.000000       -1.001719        1.000000    8.600431    3.197818    0.003258    3.771896
    0.519608    0.998369   -0.000008   -0.001361    0.000000       -1.002994        1.000000    8.832400    3.313613    0.003258    3.771896
    0.529412    0.998368    0.000059   -0.002405    0.000000       -1.004040        1.000000    9.064369    3.429409    0.003258    3.771896
    0.539216    0.998364    0.000200   -0.006038    0.000000       -1.007677        1.000000    9.296337    3.545204    0.003258    3.771896
    0.549020    0.998350    0.000609   -0.018399    0.000000       -1.020051        1.000000    9.528302    3.660997    0.003258    3.771896
    0.558824    0.998309    0.001859   -0.055700    0.000000       -1.057392        1.000000    9.760257    3.776784    0.003258    3.771896
    0.568627    0.998184    0.005487   -0.155138    0.000000       -1.156942        1.000000    9.992184    3.892553    0.003258    3.771896
    0.578431    0.997835    0.014652   -0.358298    0.000000       -1.360360        1.000000   10.224029    4.008266    0.003258    3.771896
    0.588235    0.996989    0.032717   -0.616919    0.000000       -1.619402        1.000000   10.455678    4.123821    0.003258    3.771896
    0.598039    0.995309    0.059399   -0.809097    0.000000       -1.812039        1.000000   10.686936    4.238998    0.003258    3.771896
    0.607843    0.992534    0.091395   -0.908968    0.000000       -1.912285        1.000000   10.917549    4.353459    0.003258    3.771896
    0.617647    0.988529    0.125972   -0.955205    0.000000       -1.958793        1.000000   11.147232    4.466792    0.003258    3.771896
    0.627451    0.983230    0.161747   -0.977074    0.000000       -1.980855        1.000000   11.375684    4.578562    0.003258    3.771896
    0.637255    0.976614    0.198105   -0.988125    0.000000       -1.992045        1.000000   11.602598    4.688338    0.003258    3.771896
    0.647059    0.968674    0.234766   -0.994122    0.000000       -1.998144        1.000000   11.827668    4.795699    0.003258    3.771896
    0.656863    0.959412    0.271598   -0.997593    0.000000       -2.001691        1.000000   12.050586    4.900247    0.003258    3.771896
    0.666667    0.948836    0.308531   -0.999714    0.000000       -2.003872        1.000000   12.271046    5.001609    0.003258    3.771896
    0.676471    0.936958    0.345526   -1.001072    0.000000       -2.005276        1.000000   12.488747    5.099441    0.003258    3.771896
    0.686275    0.923792    0.382563   -1.001975    0.000000       -2.006218        1.000000   12.703388    5.193432    0.003258    3.771896
    0.696078    0.909355    0.419628   -1.002597    0.000000       -2.006870        1.000000   12.914675    5.283306    0.003258    3.771896
    0.705882    0.893666    0.456712   -1.003036    0.000000       -2.007334        1.000000   13.122317    5.368824    0.003258    3.771896
    0.715686    0.876747    0.493809   -1.003354    0.000000       -2.007673        1.000000   13.326027    5.449790    0.003258    3.771896
    0.725490    0.858619    0.530917   -1.003589    0.000000       -2.007926        1.000000   13.525526    5.526044    0.003258    3.771896
    0.735294    0.839308    0.568033   -1.003767    0.000000       -2.008119        1.000000   13.720538    5.597472    0.003258    3.771896
    0.745098    0.818840    0.605154   -1.003902    0.000000       -2.008267        1.000000   13.910794    5.663998    0.003258    3.771896
    0.754902    0.797243    0.642280   -1.004007    0.000000       -2.008383        1.000000   14.096032    5.725591    0.003258    3.771896
    0.764706    0.774547    0.679409   -1.004090    0.000000       -2.008475        1.000000   14.275996    5.782260    0.003258    3.771896
    0.774510    0.750783    0.716541   -1.004155    0.000000       -2.008549        1.000000   14.450440    5.834052    0.003258    3.771896
    0.784314    0.725984    0.753675   -1.004208    0.000000       -2.008609        1.000000   14.619121    5.881056    0.003258    3.771896
    0.794118    0.700183    0.790811   -1.004250    0.000000       -2.008658        1.000000   14.781807    5.923394    0.003258    3.771896
    0.803922    0.673417    0.827948   -1.004285    0.000000       -2.008698        1.000000   14.938274    5.961223    0.003258    3.771896
    0.813725    0.645722    0.865086   -1.004313    0.000000       -2.008731        1.000000   15.088306    5.994731    0.003258    3.771896
    0.823529    0.617136    0.902226   -1.004337    0.000000       -2.008759        1.000000   15.231697    6.024133    0.003258    3.771896
    0.833333    0.587699    0.939366   -1.004356    0.000000       -2.008782        1.000000   15.368248    6.049667    0.003258    3.771896
    0.843137    0.557451    0.976506   -1.004372    0.000000       -2.008801        1.000000   15.497771    6.071594    0.003258    3.771896
    0.852941    0.526435    1.013648   -1.004386    0.000000       -2.008818        1.000000   15.620087    6.090189    0.003258    3.771896
    0.862745    0.494692    1.050790   -1.004397    0.000000       -2.008832        1.000000   15.735028    6.105740    0.003258    3.771896
    0.872549    0.462267    1.087932   -1.004407    0.000000       -2.008844        1.000000   15.842435    6.118542    0.003258    3.771896
    0.882353    0.429204    1.125074   -1.004415    0.000000       -2.008854        1.000000   15.942159    6.128893    0.003258    3.771896
    0.892157    0.395549    1.162217   -1.004422    0.000000       -2.008862        1.000000   16.034065    6.137093    0.003258    3.771896
    0.901961    0.361349    1.199360   -1.004427    0.000000       -2.008870        1.000000   16.118023    6.143433    0.003258    3.771896
    0.911765    0.326650    1.236503   -1.004432    0.000000       -2.008876        1.000000   16.193920    6.148197    0.003258    3.771896
    0.921569    0.291501    1.273646   -1.004436    0.000000       -2.008881        1.000000   16.261650    6.151654    0.003258    3.771896
    0.931373    0.255949    1.310790   -1.004439    0.000000       -2.008885        1.000000   16.321119    6.154059    0.003258    3.771896
    0.941176    0.220044    1.347933   -1.004442    0.000000       -2.008889        1.000000   16.372246    6.155641    0.003258    3.771896
    0.950980    0.183836    1.385077   -1.004444    0.000000       -2.008892        1.000000   16.414960    6.156610    0.003258    3.771896
    0.960784    0.147374    1.422221   -1.004446    0.000000       -2.008894        1.000000   16.449202    6.157147    0.003258    3.771896
    0.970588    0.110709    1.459365   -1.004447    0.000000       -2.008896        1.000000   16.474925    6.157403    0.003258    3.771896
    0.980392    0.073891    1.496509   -1.004448    0.000000       -2.008897        1.000000   16.492093    6.157498    0.003258    3.771896
    0.990196    0.036971    1.533652   -1.004449    0.000000       -2.008898        1.000000   16.500683    6.157520    0.003258    3.771896
    1.000000    0.000000    1.570796   -1.004449    0.000000       -2.008898        1.000000   16.500683    6.157522    0.003258    3.771896
