           t           r         psi          cs          qs               p             sig           A           V          Q2           S
    0.000000    0.000000   -1.570796   -1.138619    0.000000       -2.277239        1.000000    0.000000    0.000000    0.532069    4.333082
    0.009804    0.042465   -1.522404   -1.140238    0.000000       -2.279396        1.000000    0.000000    0.000003    0.532069    4.333082
    0.019608    0.084830   -1.473873   -1.145131    0.000000       -2.285912        1.000000    0.022642    0.000047    0.532069    4.333082
    0.029412    0.126994   -1.425062   -1.153411    0.000000       -2.296914        1.000000    0.056540    0.000235    0.532069    4.333082
    0.039216    0.168857   -1.375826   -1.165255    0.000000       -2.312604        1.000000    0.101610    0.000740    0.532069    4.333082
    0.049020    0.210311   -1.326006   -1.180900    0.000000       -2.333253        1.000000    0.157746    0.001799    0.532069    4.333082
    0.058824    0.251249   -1.275436   -1.200636    0.000000       -2.359187        1.000000    0.224809    0.003711    0.532069    4.333082
    0.068627    0.291556   -1.223934   -1.224792    0.000000       -2.390773        1.000000    0.302630    0.006831    0.532069    4.333082
    0.078431    0.331110   -1.171307   -1.253714    0.000000       -2.428392        1.000000    0.391009    0.011567    0.532069    4.333082
    0.088235    0.369784   -1.117344   -1.287737    0.000000       -2.472408        1.000000    0.489711    0.018370    0.532069    4.333082
    0.098039    0.407438   -1.061822   -1.327137    0.000000       -2.523103        1.000000    0.598463    0.027722    0.532069    4.333082
    0.107843    0.443925   -1.004509   -1.372050    0.000000       -2.580595        1.000000    0.716954    0.040132    0.532069    4.333082
    0.117647    0.479082   -0.945172   -1.422366    0.000000       -2.644711        1.000000    0.844829    0.056114    0.532069    4.333082
    0.127451    0.512735   -0.883592   -1.477564    0.000000       -2.714809        1.000000    0.981687    0.076172    0.532069    4.333082
    0.137255    0.544695   -0.819581   -1.536502    0.000000       -2.789547        1.000000    1.127076    0.100779    0.532069    4.333082
    0.147059    0.574762   -0.753022   -1.597152    0.000000       -2.866593        1.000000    1.280489    0.130349    0.532069    4.333082
    0.156863    0.602725   -0.683904   -1.656312    0.000000       -2.942324        1.000000    1.441367    0.165205    0.532069    4.333082
    0.166667    0.628372   -0.612383   -1.709367    0.000000       -3.011589        1.000000    1.609090    0.205551    0.532069    4.333082
    0.176471    0.651497   -0.538844   -1.750232    0.000000       -3.067663        1.000000    1.782986    0.251432    0.532069    4.333082
    0.186275    0.671914   -0.463955   -1.771647    0.000000       -3.102607        1.000000    1.962331    0.302711    0.532069    4.333082
    0.196078    0.689476   -0.388704   -1.765999    0.000000       -3.108178        1.000000    2.146364    0.359053    0.532069    4.333082
    0.205882    0.704096   -0.314389   -1.726680    0.000000       -3.077328        1.000000    2.334300    0.419926    0.532069    4.333082
    0.215686    0.715759   -0.242536   -1.649753    0.000000       -3.005980        1.000000    2.525348    0.484638    0.532069    4.333082
    0.225490    0.724540   -0.174756   -1.535332    0.000000       -2.894497        1.000000    2.718740    0.552390    0.532069    4.333082
    0.235294    0.730599   -0.112557   -1.388071    0.000000       -2.748150        1.000000    2.913750    0.622347    0.532069    4.333082
    0.245098    0.734173   -0.057168   -1.216418    0.000000       -2.576269        1.000000    3.109713    0.693708    0.532069    4.333082
    0.254902    0.735559   -0.009404   -1.030912    0.000000       -2.390362        1.000000    3.306046    0.765768    0.532069    4.333082
    0.264706    0.735085    0.030376   -0.842182    0.000000       -2.201941        1.000000    3.502253    0.837947    0.532069    4.333082
    0.274510    0.733091    0.062235   -0.659353    0.000000       -2.020798        1.000000    3.697928    0.909806    0.532069    4.333082
    0.284314    0.729908    0.086577   -0.489196    0.000000       -1.854100        1.000000    3.892753    0.981033    0.532069    4.333082
    0.294118    0.725842    0.104039   -0.336001    0.000000       -1.706261        1.000000    4.086493    1.051426    0.532069    4.333082
    0.303922    0.721171    0.115395   -0.201911    0.000000       -1.579323        1.000000    4.278986    1.120870    0.532069    4.333082
    0.313725    0.716134    0.121472   -0.087448    0.000000       -1.473545        1.000000    4.470134    1.189315    0.532069    4.333082
    0.323529    0.710938    0.123095    0.007950    0.000000       -1.387998        1.000000    4.659896    1.256754    0.532069    4.333082
    0.333333    0.705754    0.121050    0.085502    0.000000       -1.321054        1.000000    4.848274    1.323216    0.532069    4.333082
    0.343137    0.700720    0.116062    0.146760    0.000000       -1.270743        1.000000    5.035308    1.388749    0.532069    4.333082
    0.352941    0.695947    0.108788    0.193400    0.000000       -1.234997        1.000000    5.221068    1.453416    0.532069    4.333082
    0.362745    0.691519    0.099813    0.227101    0.000000       -1.211793        1.000000    5.405647    1.517289    0.532069    4.333082
    0.372549    0.687498    0.089653    0.249472    0.000000       -1.199237        1.000000    5.589152    1.580447    0.532069    4.333082
    0.382353    0.683923    0.078756    0.262021    0.000000       -1.195600        1.000000    5.771702    1.642969    0.532069    4.333082
    0.392157    0.680818    0.067510    0.266146    0.000000       -1.199329        1.000000    5.953424    1.704937    0.532069    4.333082
    0.401961    0.678192    0.056245    0.263132    0.000000       -1.209045        1.000000    6.134446    1.766434    0.532069    4.333082
    0.411765    0.676039    0.045238    0.254162    0.000000       -1.223531        1.000000    6.314892    1.827536    0.532069    4.333082
    0.421569    0.674343    0.034720    0.240318    0.000000       -1.241714        1.000000    6.494886    1.888322    0.532069    4.333082
    0.431373    0.673080    0.024875    0.222594    0.000000       -1.262655        1.000000    6.674542    1.948864    0.532069    4.333082
    0.441176    0.672218    0.015850    0.201896    0.000000       -1.285530        1.000000    6.853969    2.009230    0.532069    4.333082
    0.450980    0.671720    0.007752    0.179048    0.000000       -1.309623        1.000000    7.033262    2.069483    0.532069    4.333082
    0.460784    0.671545    0.000657    0.154795    0.000000       -1.334308        1.000000    7.212509    2.129679    0.532069    4.333082
    0.470588    0.671649   -0.005389    0.129801    0.000000       -1.359050        1.000000    7.391784    2.189871    0.532069    4.333082
    0.480392    0.671988   -0.010369    0.104651    0.000000       -1.383391        1.000000    7.571149    2.250101    0.532069    4.333082
    0.490196    0.672515   -0.014286    0.079851    0.000000       -1.406952        1.000000    7.750655    2.310407    0.532069    4.333082
    0.500000    0.673187   -0.017164    0.055827    0.000000       -1.429426        1.000000    7.930340    2.370818    0.532069    4.333082
    0.509804    0.673959   -0.019045    0.032924    0.000000       -1.450576        1.000000    8.110231    2.431357    0.532069    4.333082
    0.519608    0.674791   -0.019981    0.011407    0.000000       -1.470237        1.000000    8.290345    2.492039    0.532069    4.333082
    0.529412    0.675644   -0.020036   -0.008541    0.000000       -1.488313        1.000000    8.470686    2.552873    0.532069    4.333082
    0.539216    0.676482   -0.019279   -0.026813    0.000000       -1.504774        1.000000    8.651251    2.613861    0.532069    4.333082
    0.549020    0.677272   -0.017782   -0.043381    0.000000       -1.519660        1.000000    8.832026    2.674997    0.532069    4.333082
    0.558824    0.677983   -0.015617   -0.058288    0.000000       -1.533071        1.000000    9.012992    2.736271    0.532069    4.333082
    0.568627    0.678590   -0.012852   -0.071649    0.000000       -1.545171        1.000000    9.194119    2.797667    0.532069    4.333082
    0.578431    0.679068   -0.009549   -0.083641    0.000000       -1.556181        1.000000    9.375374    2.859164    0.532069    4.333082
    0.588235    0.679395   -0.005762   -0.094500    0.000000       -1.566374        1.000000    9.556716    2.920737    0.532069    4.333082
    0.598039    0.679551   -0.001532   -0.104515    0.000000       -1.576074        1.000000    9.738100    2.982354    0.532069    4.333082
    0.607843    0.679519    0.003111   -0.114021    0.000000       -1.585643        1.000000    9.919475    3.043984    0.532069    4.333082
    0.617647    0.679281    0.008154   -0.123389    0.000000       -1.595485        1.000000   10.100787    3.105589    0.532069    4.333082
    0.627451    0.678820    0.013598   -0.133024    0.000000       -1.606032        1.000000   10.281976    3.167128    0.532069    4.333082
    0.637255    0.678120    0.019465   -0.143356    0.000000       -1.617743        1.000000   10.462977    3.228557    0.532069    4.333082
    0.647059    0.677160    0.025794   -0.154834    0.000000       -1.631098        1.000000   10.643723    3.289829    0.532069    4.333082
    0.656863    0.675921    0.032643   -0.167920    0.000000       -1.646594        1.000000   10.824138    3.350892    0.532069    4.333082
    0.666667    0.674379    0.040091   -0.183083    0.000000       -1.664737        1.000000   11.004141    3.411691    0.532069    4.333082
    0.676471    0.672506    0.048234   -0.200794    0.000000       -1.686041        1.000000   11.183645    3.472164    0.532069    4.333082
    0.686275    0.670271    0.057193   -0.221521    0.000000       -1.711016        1.000000   11.362552    3.532244    0.532069    4.333082
    0.696078    0.667636    0.067105   -0.245719    0.000000       -1.740170        1.000000   11.540755    3.591858    0.532069    4.333082
    0.705882    0.664558    0.078125   -0.273822    0.000000       -1.773991        1.000000   11.718137    3.650922    0.532069    4.333082
    0.715686    0.660987    0.090430   -0.306235    0.000000       -1.812942        1.000000   11.894566    3.709346    0.532069    4.333082
    0.725490    0.656865    0.104210   -0.343319    0.000000       -1.857443        1.000000   12.069895    3.767027    0.532069    4.333082
    0.735294    0.652126    0.119670   -0.385377    0.000000       -1.907857        1.000000   12.243958    3.823848    0.532069    4.333082
    0.745098    0.646695    0.137026   -0.432637    0.000000       -1.964466        1.000000   12.416572    3.879681    0.532069    4.333082
    0.754902    0.640491    0.156503   -0.485231    0.000000       -2.027451        1.000000   12.587530    3.934379    0.532069    4.333082
    0.764706    0.633421    0.178328   -0.543173    0.000000       -2.096866        1.000000   12.756601    3.987783    0.532069    4.333082
    0.774510    0.625385    0.202727   -0.606343    0.000000       -2.172611        1.000000   12.923527    4.039712    0.532069    4.333082
    0.784314    0.616278    0.229915   -0.674465    0.000000       -2.254411        1.000000   13.088022    4.089970    0.532069    4.333082
    0.794118    0.605984    0.260095   -0.747096    0.000000       -2.341800        1.000000   13.249770    4.138345    0.532069    4.333082
    0.803922    0.594388    0.293445   -0.823625    0.000000       -2.434110        1.000000   13.408423    4.184613    0.532069    4.333082
    0.813725    0.581369    0.330116   -0.903270    0.000000       -2.530473        1.000000   13.563600    4.228536    0.532069    4.333082
    0.823529    0.566808    0.370220   -0.985109    0.000000       -2.629841        1.000000   13.714891    4.269877    0.532069    4.333082
    0.833333    0.550590    0.413830   -1.068097    0.000000       -2.731017        1.000000   13.861853    4.308403    0.532069    4.333082
    0.843137    0.532609    0.460969   -1.151120    0.000000       -2.832695        1.000000   14.004015    4.343894    0.532069    4.333082
    0.852941    0.512768    0.511616   -1.233035    0.000000       -2.933519        1.000000   14.140882    4.376158    0.532069    4.333082
    0.862745    0.490989    0.565699   -1.312728    0.000000       -3.032143        1.000000   14.271935    4.405046    0.532069    4.333082
    0.872549    0.467212    0.623102   -1.389163    0.000000       -3.127287        1.000000   14.396642    4.430458    0.532069    4.333082
    0.882353    0.441401    0.683667   -1.461427    0.000000       -3.217793        1.000000   14.514460    4.452362    0.532069    4.333082
    0.892157    0.413548    0.747199   -1.528758    0.000000       -3.302664        1.000000   14.624843    4.470803    0.532069    4.333082
    0.901961    0.383674    0.813475   -1.590567    0.000000       -3.381091        1.000000   14.727252    4.485906    0.532069    4.333082
    0.911765    0.351830    0.882253   -1.646440    0.000000       -3.452461        1.000000   14.821162    4.497878    0.532069    4.333082
    0.921569    0.318102    0.953273   -1.696126    0.000000       -3.516355        1.000000   14.906068    4.507007    0.532069    4.333082
    0.931373    0.282603    1.026271   -1.739524    0.000000       -3.572528        1.000000   14.981500    4.513644    0.532069    4.333082
    0.941176    0.245481    1.100978   -1.776651    0.000000       -3.620886        1.000000   15.047023    4.518189    0.532069    4.333082
    0.950980    0.206909    1.177132   -1.807610    0.000000       -3.661447        1.000000   15.102251    4.521070    0.532069    4.333082
    0.960784    0.167088    1.254472   -1.832564    0.000000       -3.694313        1.000000   15.146849    4.522712    0.532069    4.333082
    0.970588    0.126239    1.332748   -1.851701    0.000000       -3.719631        1.000000   15.180545    4.523513    0.532069    4.333082
    0.980392    0.084604    1.411717   -1.865207    0.000000       -3.737564        1.000000   15.203127    4.523817    0.532069    4.333082
    0.990196    0.042436    1.491143   -1.873239    0.000000       -3.748256        1.000000   15.214454    4.523889    0.532069    4.333082
    1.000000    0.000000    1.570796   -1.875904    0.000000       -3.751808        1.000000   15.214454    4.523893    0.532069    4.333082
