           t           r         psi          cs          qs               p             sig           A           V          Q2           S
    0.000000    0.000000   -1.570796   -0.997713    0.000000       -1.995426        1.000000    0.000000   -0.000000    0.007742    4.072704
    0.009804    0.039918   -1.530959   -0.997714    0.000000       -1.995427        1.000000    0.000000    0.000002    0.007742    4.072704
    0.019608    0.079772   -1.491122   -0.997716    0.000000       -1.995430        1.000000    0.020013    0.000032    0.007742    4.072704
    0.029412    0.119500   -1.451285   -0.997720    0.000000       -1.995435        1.000000    0.049993    0.000161    0.007742    4.072704
    0.039216    0.159039   -1.411447   -0.997726    0.000000       -1.995443        1.000000    0.089893    0.000506    0.007742    4.072704
    0.049020    0.198325   -1.371609   -0.997733    0.000000       -1.995453        1.000000    0.139648    0.001228    0.007742    4.072704
    0.058824    0.237296   -1.331771   -0.997743    0.000000       -1.995465        1.000000    0.199180    0.002533    0.007742    4.072704
    0.068627    0.275891   -1.291933   -0.997755    0.000000       -1.995481        1.000000    0.268395    0.004660    0.007742    4.072704
    0.078431    0.314048   -1.252093   -0.997770    0.000000       -1.995500        1.000000    0.347183    0.007886    0.007742    4.072704
    0.088235    0.351706   -1.212254   -0.997788    0.000000       -1.995523        1.000000    0.435418    0.012519    0.007742    4.072704
    0.098039    0.388807   -1.172413   -0.997810    0.000000       -1.995551        1.000000    0.532961    0.018891    0.007742    4.072704
    0.107843    0.425290   -1.132572   -0.997836    0.000000       -1.995584        1.000000    0.639657    0.027352    0.007742    4.072704
    0.117647    0.461099   -1.092729   -0.997867    0.000000       -1.995624        1.000000    0.755337    0.038269    0.007742    4.072704
    0.127451    0.496175   -1.052885   -0.997905    0.000000       -1.995671        1.000000    0.879816    0.052017    0.007742    4.072704
    0.137255    0.530464   -1.013039   -0.997951    0.000000       -1.995727        1.000000    1.012898    0.068971    0.007742    4.072704
    0.147059    0.563911   -0.973191   -0.998007    0.000000       -1.995795        1.000000    1.154371    0.089505    0.007742    4.072704
    0.156863    0.596463   -0.933341   -0.998074    0.000000       -1.995876        1.000000    1.304010    0.113978    0.007742    4.072704
    0.166667    0.628069   -0.893488   -0.998156    0.000000       -1.995973        1.000000    1.461579    0.142736    0.007742    4.072704
    0.176471    0.658676   -0.853631   -0.998256    0.000000       -1.996092        1.000000    1.626826    0.176101    0.007742    4.072704
    0.186275    0.688238   -0.813770   -0.998381    0.000000       -1.996237        1.000000    1.799490    0.214367    0.007742    4.072704
    0.196078    0.716708   -0.773903   -0.998535    0.000000       -1.996415        1.000000    1.979296    0.257792    0.007742    4.072704
    0.205882    0.744038   -0.734030   -0.998729    0.000000       -1.996636        1.000000    2.165959    0.306599    0.007742    4.072704
    0.215686    0.770187   -0.694147   -0.998974    0.000000       -1.996913        1.000000    2.359182    0.360963    0.007742    4.072704
    0.225490    0.795111   -0.654254   -0.999289    0.000000       -1.997265        1.000000    2.558658    0.421015    0.007742    4.072704
    0.235294    0.818772   -0.614346   -0.999698    0.000000       -1.997718        1.000000    2.764070    0.486834    0.007742    4.072704
    0.245098    0.841130   -0.574419   -1.000237    0.000000       -1.998308        1.000000    2.975091    0.558447    0.007742    4.072704
    0.254902    0.862150   -0.534467   -1.000960    0.000000       -1.999092        1.000000    3.191386    0.635825    0.007742    4.072704
    0.264706    0.881797   -0.494482   -1.001949    0.000000       -2.000155        1.000000    3.412609    0.718882    0.007742    4.072704
    0.274510    0.900038   -0.454450   -1.003334    0.000000       -2.001629        1.000000    3.638409    0.807475    0.007742    4.072704
    0.284314    0.916841   -0.414351   -1.005326    0.000000       -2.003730        1.000000    3.868424    0.901407    0.007742    4.072704
    0.294118    0.932178   -0.374155   -1.008287    0.000000       -2.006827        1.000000    4.102287    1.000423    0.007742    4.072704
    0.303922    0.946018   -0.333811   -1.012864    0.000000       -2.011577        1.000000    4.339622    1.104216    0.007742    4.072704
    0.313725    0.958333   -0.293233   -1.020286    0.000000       -2.019223        1.000000    4.580047    1.212425    0.007742    4.072704
    0.323529    0.969090   -0.252264   -1.033054    0.000000       -2.032291        1.000000    4.823170    1.324644    0.007742    4.072704
    0.333333    0.978250   -0.210595   -1.056673    0.000000       -2.056321        1.000000    5.068591    1.440418    0.007742    4.072704
    0.343137    0.985761   -0.167571   -1.104161    0.000000       -2.104396        1.000000    5.315897    1.559250    0.007742    4.072704
    0.352941    0.991529   -0.121713   -1.205499    0.000000       -2.206582        1.000000    5.564650    1.680598    0.007742    4.072704
    0.362745    0.995378   -0.070223   -1.376642    0.000000       -2.378810        1.000000    5.814368    1.803852    0.007742    4.072704
    0.372549    0.997082   -0.016520   -1.158107    0.000000       -2.160897        1.000000    6.064514    1.928264    0.007742    4.072704
    0.382353    0.997052    0.011962   -0.283630    0.000000       -1.286514        1.000000    6.314653    2.052987    0.007742    4.072704
    0.392157    0.996490    0.013615    0.111364    0.000000       -0.892065        1.000000    6.564650    2.177606    0.007742    4.072704
    0.401961    0.996062    0.007491    0.165671    0.000000       -0.838254        1.000000    6.814540    2.302100    0.007742    4.072704
    0.411765    0.995886    0.001677    0.118027    0.000000       -0.886102        1.000000    7.064386    2.426525    0.007742    4.072704
    0.421569    0.995895   -0.001702    0.051612    0.000000       -0.952508        1.000000    7.314234    2.550932    0.007742    4.072704
    0.431373    0.995989   -0.002642   -0.000634    0.000000       -1.004658        1.000000    7.564106    2.675354    0.007742    4.072704
    0.441176    0.996085   -0.002016   -0.026000    0.000000       -1.029928        1.000000    7.814002    2.799801    0.007742    4.072704
    0.450980    0.996143   -0.000892   -0.027160    0.000000       -1.031031        1.000000    8.063912    2.924268    0.007742    4.072704
    0.460784    0.996160   -0.000010   -0.016074    0.000000       -1.019929        1.000000    8.313827    3.048744    0.007742    4.072704
    0.470588    0.996151    0.000385   -0.004247    0.000000       -1.008111        1.000000    8.563739    3.173220    0.007742    4.072704
    0.480392    0.996134    0.000396    0.002763    0.000000       -1.001118        1.000000    8.813647    3.297694    0.007742    4.072704
    0.490196    0.996121    0.000233    0.004658    0.000000       -0.999235        1.000000    9.063552    3.422163    0.007742    4.072704
    0.500000    0.996116    0.000065    0.003479    0.000000       -1.000420        1.000000    9.313455    3.546630    0.007742    4.072704
    0.509804    0.996115   -0.000033    0.001372    0.000000       -1.002527        1.000000    9.563359    3.671096    0.007742    4.072704
    0.519608    0.996117   -0.000050   -0.000401    0.000000       -1.004299        1.000000    9.813263    3.795563    0.007742    4.072704
    0.529412    0.996119   -0.000009   -0.001587    0.000000       -1.005483        1.000000   10.063167    3.920030    0.007742    4.072704
    0.539216    0.996117    0.000076   -0.002701    0.000000       -1.006599        1.000000   10.313071    4.044497    0.007742    4.072704
    0.549020    0.996112    0.000221   -0.004857    0.000000       -1.008761        1.000000   10.562973    4.168963    0.007742    4.072704
    0.558824    0.996098    0.000502   -0.009987    0.000000       -1.013904        1.000000   10.812872    4.293427    0.007742    4.072704
    0.568627    0.996067    0.001105   -0.021738    0.000000       -1.025686        1.000000   11.062764    4.417885    0.007742    4.072704
    0.578431    0.996000    0.002419   -0.047287    0.000000       -1.051300        1.000000   11.312638    4.542332    0.007742    4.072704
    0.588235    0.995855    0.005235   -0.099633    0.000000       -1.103782        1.000000   11.562476    4.666753    0.007742    4.072704
    0.598039    0.995544    0.010975   -0.196787    0.000000       -1.201202        1.000000   11.812236    4.791116    0.007742    4.072704
    0.607843    0.994912    0.021695   -0.348769    0.000000       -1.353647        1.000000   12.061838    4.915354    0.007742    4.072704
    0.617647    0.993719    0.039280   -0.533706    0.000000       -1.539250        1.000000   12.311140    5.039328    0.007742    4.072704
    0.627451    0.991679    0.064091   -0.702600    0.000000       -1.708920        1.000000   12.559931    5.162798    0.007742    4.072704
    0.637255    0.988528    0.094732   -0.823551    0.000000       -1.830620        1.000000   12.807931    5.285404    0.007742    4.072704
    0.647059    0.984076    0.129236   -0.898219    0.000000       -1.905926        1.000000   13.054814    5.406691    0.007742    4.072704
    0.656863    0.978208    0.166047   -0.941644    0.000000       -1.949861        1.000000   13.300224    5.526157    0.007742    4.072704
    0.666667    0.970862    0.204193   -0.966805    0.000000       -1.975419        1.000000   13.543792    5.643279    0.007742    4.072704
    0.676471    0.962009    0.243119   -0.981728    0.000000       -1.990650        1.000000   13.785139    5.757547    0.007742    4.072704
    0.686275    0.951637    0.282514   -0.990880    0.000000       -2.000044        1.000000   14.023884    5.868471    0.007742    4.072704
    0.696078    0.939749    0.322203   -0.996694    0.000000       -2.006049        1.000000   14.259647    5.975593    0.007742    4.072704
    0.705882    0.926354    0.362081   -1.000513    0.000000       -2.010021        1.000000   14.492048    6.078495    0.007742    4.072704
    0.715686    0.911468    0.402085   -1.003100    0.000000       -2.012731        1.000000   14.720716    6.176804    0.007742    4.072704
    0.725490    0.895111    0.442175   -1.004899    0.000000       -2.014633        1.000000   14.945279    6.270196    0.007742    4.072704
    0.735294    0.877305    0.482326   -1.006182    0.000000       -2.016000        1.000000   15.165376    6.358399    0.007742    4.072704
    0.745098    0.858079    0.522521   -1.007116    0.000000       -2.017004        1.000000   15.380649    6.441197    0.007742    4.072704
    0.754902    0.837462    0.562748   -1.007809    0.000000       -2.017756        1.000000   15.590750    6.518428    0.007742    4.072704
    0.764706    0.815486    0.602999   -1.008332    0.000000       -2.018329        1.000000   15.795337    6.589990    0.007742    4.072704
    0.774510    0.792186    0.643269   -1.008731    0.000000       -2.018771        1.000000   15.994079    6.655836    0.007742    4.072704
    0.784314    0.767599    0.683552   -1.009041    0.000000       -2.019118        1.000000   16.186653    6.715977    0.007742    4.072704
    0.794118    0.741765    0.723847   -1.009285    0.000000       -2.019393        1.000000   16.372745    6.770476    0.007742    4.072704
    0.803922    0.714726    0.764150   -1.009477    0.000000       -2.019613        1.000000   16.552055    6.819450    0.007742    4.072704
    0.813725    0.686525    0.804460   -1.009631    0.000000       -2.019791        1.000000   16.724289    6.863064    0.007742    4.072704
    0.823529    0.657208    0.844776   -1.009756    0.000000       -2.019936        1.000000   16.889168    6.901529    0.007742    4.072704
    0.833333    0.626823    0.885096   -1.009857    0.000000       -2.020055        1.000000   17.046424    6.935094    0.007742    4.072704
    0.843137    0.595418    0.925420   -1.009939    0.000000       -2.020153        1.000000   17.195801    6.964047    0.007742    4.072704
    0.852941    0.563045    0.965746   -1.010007    0.000000       -2.020234        1.000000   17.337057    6.988703    0.007742    4.072704
    0.862745    0.529755    1.006076   -1.010063    0.000000       -2.020302        1.000000   17.469961    7.009402    0.007742    4.072704
    0.872549    0.495605    1.046407   -1.010109    0.000000       -2.020359        1.000000   17.594297    7.026505    0.007742    4.072704
    0.882353    0.460648    1.086740   -1.010147    0.000000       -2.020407        1.000000   17.709863    7.040380    0.007742    4.072704
    0.892157    0.424941    1.127074   -1.010179    0.000000       -2.020447        1.000000   17.816472    7.051405    0.007742    4.072704
    0.901961    0.388544    1.167409   -1.010206    0.000000       -2.020480        1.000000   17.913949    7.059953    0.007742    4.072704
    0.911765    0.351514    1.207746   -1.010228    0.000000       -2.020508        1.000000   18.002136    7.066392    0.007742    4.072704
    0.921569    0.313912    1.248083   -1.010246    0.000000       -2.020532        1.000000   18.080889    7.071077    0.007742    4.072704
    0.931373    0.275800    1.288421   -1.010261    0.000000       -2.020551        1.000000   18.150081    7.074340    0.007742    4.072704
    0.941176    0.237239    1.328759   -1.010273    0.000000       -2.020567        1.000000   18.209599    7.076492    0.007742    4.072704
    0.950980    0.198291    1.369098   -1.010283    0.000000       -2.020580        1.000000   18.259346    7.077812    0.007742    4.072704
    0.960784    0.159022    1.409438   -1.010291    0.000000       -2.020590        1.000000   18.299241    7.078544    0.007742    4.072704
    0.970588    0.119493    1.449777   -1.010296    0.000000       -2.020598        1.000000   18.329219    7.078893    0.007742    4.072704
    0.980392    0.079770    1.490117   -1.010300    0.000000       -2.020603        1.000000   18.349232    7.079023    0.007742    4.072704
    0.990196    0.039918    1.530456   -1.010303    0.000000       -2.020606        1.000000   18.359247    7.079053    0.007742    4.072704
    1.000000    0.000000    1.570796   -1.010303    0.000000       -2.020607        1.000000   18.359247    7.079055    0.007742    4.072704
