           t           r         psi          cs          qs               p             sig           A           V          Q2           S
    0.000000   -0.000000   -1.570796   -2.378472    0.000000       -4.756945        1.000000    0.000000    0.000000    0.920670   41.010436
    0.009804    0.310596   -0.271065   -3.458984    0.000000       -6.561041        1.000000    0.000000    0.038695    0.920670   41.010436
    0.019608    0.281662    0.115624    0.685559    0.000000       -2.841095        1.000000    0.711544    0.157331    0.920670   41.010436
    0.029412    0.278708   -0.037609   -0.084472    0.000000       -3.669915        1.000000    1.415627    0.252654    0.920670   41.010436
    0.039216    0.283042    0.008340   -0.018976    0.000000       -3.551896        1.000000    2.130659    0.353502    0.920670   41.010436
    0.049020    0.281217   -0.000976    0.016183    0.000000       -3.539786        1.000000    2.841080    0.453771    0.920670   41.010436
    0.058824    0.281753   -0.000221   -0.006341    0.000000       -3.555549        1.000000    3.552855    0.553885    0.920670   41.010436
    0.068627    0.281644    0.000189    0.001752    0.000000       -3.548835        1.000000    4.264353    0.654125    0.920670   41.010436
    0.078431    0.281652   -0.000074   -0.000328    0.000000       -3.550803        1.000000    4.975874    0.754317    0.920670   41.010436
    0.088235    0.281657    0.000021    0.000014    0.000000       -3.550401        1.000000    5.687407    0.854521    0.920670   41.010436
    0.098039    0.281654   -0.000004    0.000020    0.000000       -3.550433        1.000000    6.398932    0.954724    0.920670   41.010436
    0.107843    0.281655    0.000000   -0.000011    0.000000       -3.550451        1.000000    7.110460    1.054926    0.920670   41.010436
    0.117647    0.281655    0.000000    0.000004    0.000000       -3.550440        1.000000    7.821987    1.155129    0.920670   41.010436
    0.127451    0.281655   -0.000000   -0.000001    0.000000       -3.550444        1.000000    8.533515    1.255332    0.920670   41.010436
    0.137255    0.281655    0.000000    0.000000    0.000000       -3.550443        1.000000    9.245042    1.355534    0.920670   41.010436
    0.147059    0.281655   -0.000000    0.000000    0.000000       -3.550443        1.000000    9.956569    1.455737    0.920670   41.010436
    0.156863    0.281655    0.000000   -0.000000    0.000000       -3.550443        1.000000   10.668096    1.555939    0.920670   41.010436
    0.166667    0.281655    0.000000    0.000000    0.000000       -3.550443        1.000000   11.379624    1.656142    0.920670   41.010436
    0.176471    0.281655   -0.000000   -0.000000    0.000000       -3.550443        1.000000   12.091151    1.756345    0.920670   41.010436
    0.186275    0.281655    0.000000    0.000000    0.000000       -3.550443        1.000000   12.802678    1.856547    0.920670   41.010436
    0.196078    0.281655   -0.000000   -0.000000    0.000000       -3.550443        1.000000   13.514205    1.956750    0.920670   41.010436
    0.205882    0.281655    0.000000   -0.000000    0.000000       -3.550443        1.000000   14.225733    2.056952    0.920670   41.010436
    0.215686    0.281655   -0.000000    0.000000    0.000000       -3.550443        1.000000   14.937260    2.157155    0.920670   41.010436
    0.225490    0.281655   -0.000000   -0.000000    0.000000       -3.550443        1.000000   15.648787    2.257358    0.920670   41.010436
    0.235294    0.281655    0.000000    0.000000    0.000000       -3.550443        1.000000   16.360315    2.357560    0.920670   41.010436
    0.245098    0.281655   -0.000000   -0.000000    0.000000       -3.550443        1.000000   17.071842    2.457763    0.920670   41.010436
    0.254902    0.281655    0.000000   -0.000000    0.000000       -3.550443        1.000000   17.783369    2.557966    0.920670   41.010436
    0.264706    0.281655   -0.000000    0.000000    0.000000       -3.550443        1.000000   18.494896    2.658168    0.920670   41.010436
    0.274510    0.281655   -0.000000   -0.000000    0.000000       -3.550443        1.000000   19.206424    2.758371    0.920670   41.010436
    0.284314    0.281655   -0.000000    0.000000    0.000000       -3.550443        1.000000   19.917951    2.858573    0.920670   41.010436
    0.294118    0.281655   -0.000000   -0.000000    0.000000       -3.550443        1.000000   20.629478    2.958776    0.920670   41.010436
    0.303922    0.281655   -0.000000    0.000000    0.000000       -3.550443        1.000000   21.341005    3.058979    0.920670   41.010436
    0.313725    0.281655   -0.000000   -0.000000    0.000000       -3.550443        1.000000   22.052533    3.159181    0.920670   41.010436
    0.323529    0.281655   -0.000000    0.000000    0.000000       -3.550443        1.000000   22.764060    3.259384    0.920670   41.010436
    0.333333    0.281655   -0.000000    0.000000    0.000000       -3.550443        1.000000   23.475587    3.359586    0.920670   41.010436
    0.343137    0.281655   -0.000000    0.000000    0.000000       -3.550443        1.000000   24.187115    3.459789    0.920670   41.010436
    0.352941    0.281655   -0.000000   -0.000000    0.000000       -3.550443        1.000000   24.898642    3.559992    0.920670   41.010436
    0.362745    0.281655   -0.000000    0.000000    0.000000       -3.550443        1.000000   25.610169    3.660194    0.920670   41.010436
    0.372549    0.281655   -0.000000   -0.000000    0.000000       -3.550443        1.000000   26.321696    3.760397    0.920670   41.010436
    0.382353    0.281655   -0.000000    0.000000    0.000000       -3.550443        1.000000   27.033224    3.860599    0.920670   41.010436
    0.392157    0.281655   -0.000000    0.000000    0.000000       -3.550443        1.000000   27.744751    3.960802    0.920670   41.010436
    0.401961    0.281655   -0.000000    0.000000    0.000000       -3.550443        1.000000   28.456278    4.061005    0.920670   41.010436
    0.411765    0.281655   -0.000000   -0.000000    0.000000       -3.550443        1.000000   29.167806    4.161207    0.920670   41.010436
    0.421569    0.281655   -0.000000    0.000000    0.000000       -3.550443        1.000000   29.879333    4.261410    0.920670   41.010436
    0.431373    0.281655   -0.000000    0.000000    0.000000       -3.550443        1.000000   30.590860    4.361612    0.920670   41.010436
    0.441176    0.281655   -0.000000   -0.000000    0.000000       -3.550443        1.000000   31.302387    4.461815    0.920670   41.010436
    0.450980    0.281655   -0.000000    0.000000    0.000000       -3.550443        1.000000   32.013915    4.562018    0.920670   41.010436
    0.460784    0.281655   -0.000000    0.000000    0.000000       -3.550443        1.000000   32.725442    4.662220    0.920670   41.010436
    0.470588    0.281655   -0.000000    0.000000    0.000000       -3.550443        1.000000   33.436969    4.762423    0.920670   41.010436
    0.480392    0.281655   -0.000000    0.000000    0.000000       -3.550443        1.000000   34.148496    4.862626    0.920670   41.010436
    0.490196    0.281655   -0.000000    0.000000    0.000000       -3.550443        1.000000   34.860024    4.962828    0.920670   41.010436
    0.500000    0.281655   -0.000000    0.000000    0.000000       -3.550443        1.000000   35.571551    5.063031    0.920670   41.010436
    0.509804    0.281655    0.000000   -0.000000    0.000000       -3.550443        1.000000   36.283078    5.163233    0.920670   41.010436
    0.519608    0.281655   -0.000000    0.000000    0.000000       -3.550443        1.000000   36.994606    5.263436    0.920670   41.010436
    0.529412    0.281655   -0.000000   -0.000000    0.000000       -3.550443        1.000000   37.706133    5.363639    0.920670   41.010436
    0.539216    0.281655    0.000000    0.000000    0.000000       -3.550443        1.000000   38.417660    5.463841    0.920670   41.010436
    0.549020    0.281655   -0.000000   -0.000000    0.000000       -3.550443        1.000000   39.129187    5.564044    0.920670   41.010436
    0.558824    0.281655    0.000000    0.000000    0.000000       -3.550443        1.000000   39.840715    5.664246    0.920670   41.010436
    0.568627    0.281655   -0.000000    0.000000    0.000000       -3.550443        1.000000   40.552242    5.764449    0.920670   41.010436
    0.578431    0.281655   -0.000000    0.000000    0.000000       -3.550443        1.000000   41.263769    5.864652    0.920670   41.010436
    0.588235    0.281655   -0.000000   -0.000000    0.000000       -3.550443        1.000000   41.975297    5.964854    0.920670   41.010436
    0.598039    0.281655   -0.000000    0.000000    0.000000       -3.550443        1.000000   42.686824    6.065057    0.920670   41.010436
    0.607843    0.281655   -0.000000    0.000000    0.000000       -3.550443        1.000000   43.398351    6.165259    0.920670   41.010436
    0.617647    0.281655   -0.000000   -0.000000    0.000000       -3.550443        1.000000   44.109878    6.265462    0.920670   41.010436
    0.627451    0.281655   -0.000000    0.000000    0.000000       -3.550443        1.000000   44.821406    6.365665    0.920670   41.010436
    0.637255    0.281655   -0.000000    0.000000    0.000000       -3.550443        1.000000   45.532933    6.465867    0.920670   41.010436
    0.647059    0.281655   -0.000000    0.000000    0.000000       -3.550443        1.000000   46.244460    6.566070    0.920670   41.010436
    0.656863    0.281655   -0.000000   -0.000000    0.000000       -3.550443        1.000000   46.955987    6.666272    0.920670   41.010436
    0.666667    0.281655   -0.000000    0.000000    0.000000       -3.550443        1.000000   47.667515    6.766475    0.920670   41.010436
    0.676471    0.281655   -0.000000    0.000000    0.000000       -3.550443        1.000000   48.379042    6.866678    0.920670   41.010436
    0.686275    0.281655   -0.000000   -0.000000    0.000000       -3.550443        1.000000   49.090569    6.966880    0.920670   41.010436
    0.696078    0.281655   -0.000000    0.000000    0.000000       -3.550443        1.000000   49.802097    7.067083    0.920670   41.010436
    0.705882    0.281655   -0.000000   -0.000000    0.000000       -3.550443        1.000000   50.513624    7.167286    0.920670   41.010436
    0.715686    0.281655   -0.000000    0.000000    0.000000       -3.550443        1.000000   51.225151    7.267488    0.920670   41.010436
    0.725490    0.281655   -0.000000    0.000000    0.000000       -3.550443        1.000000   51.936678    7.367691    0.920670   41.010436
    0.735294    0.281655   -0.000000   -0.000000    0.000000       -3.550443        1.000000   52.648206    7.467893    0.920670   41.010436
    0.745098    0.281655   -0.000000   -0.000000    0.000000       -3.550443        1.000000   53.359733    7.568096    0.920670   41.010436
    0.754902    0.281655   -0.000000    0.000000    0.000000       -3.550443        1.000000   54.071260    7.668299    0.920670   41.010436
    0.764706    0.281655   -0.000000   -0.000000    0.000000       -3.550443        1.000000   54.782787    7.768501    0.920670   41.010436
    0.774510    0.281655   -0.000000    0.000000    0.000000       -3.550443        1.000000   55.494315    7.868704    0.920670   41.010436
    0.784314    0.281655   -0.000000   -0.000000    0.000000       -3.550443        1.000000   56.205842    7.968906    0.920670   41.010436
    0.794118    0.281655   -0.000000    0.000000    0.000000       -3.550443        1.000000   56.917369    8.069109    0.920670   41.010436
    0.803922    0.281655   -0.000000    0.000000    0.000000       -3.550443        1.000000   57.628897    8.169312    0.920670   41.010436
    0.813725    0.281655   -0.000000   -0.000000    0.000000       -3.550443        1.000000   58.340424    8.269514    0.920670   41.010436
    0.823529    0.281655   -0.000000   -0.000000    0.000000       -3.550443        1.000000   59.051951    8.369717    0.920670   41.010436
    0.833333    0.281655   -0.000000   -0.000000    0.000000       -3.550443        1.000000   59.763478    8.469919    0.920670   41.010436
    0.843137    0.281655   -0.000000   -0.000000    0.000000       -3.550443        1.000000   60.475006    8.570122    0.920670   41.010436
    0.852941    0.281655    0.000000   -0.000000    0.000000       -3.550443        1.000000   61.186533    8.670325    0.920670   41.010436
    0.862745    0.281655    0.000000   -0.000000    0.000000       -3.550443        1.000000   61.898060    8.770527    0.920670   41.010436
    0.872549    0.281655    0.000000   -0.000000    0.000000       -3.550443        1.000000   62.609588    8.870730    0.920670   41.010436
    0.882353    0.281655    0.000000   -0.000000    0.000000       -3.550443        1.000000   63.321115    8.970932    0.920670   41.010436
    0.892157    0.281655    0.000000   -0.000000    0.000000       -3.550443        1.000000   64.032642    9.071135    0.920670   41.010436
    0.901961    0.281655    0.000000   -0.000000    0.000000       -3.550443        1.000000   64.744169    9.171338    0.920670   41.010436
    0.911765    0.281655    0.000000   -0.000000    0.000000       -3.550443        1.000000   65.455697    9.271540    0.920670   41.010436
    0.921569    0.281655    0.000000   -0.000000    0.000000       -3.550443        1.000000   66.167224    9.371743    0.920670   41.010436
    0.931373    0.281655    0.000000   -0.000000    0.000000       -3.550443        1.000000   66.878751    9.471946    0.920670   41.010436
    0.941176    0.281655    0.000001   -0.000005    0.000000       -3.550450        1.000000   67.590278    9.572148    0.920670   41.010436
    0.950980    0.281653    0.000011   -0.000066    0.000000       -3.550530        1.000000   68.301801    9.672350    0.920670   41.010436
    0.960784    0.281634    0.000127   -0.000785    0.000000       -3.551487        1.000000   69.013276    9.772547    0.920670   41.010436
    0.970588    0.281409    0.001522   -0.009396    0.000000       -3.562944        1.000000   69.724181    9.872685    0.920670   41.010436
    0.980392    0.278708    0.018171   -0.111840    0.000000       -3.699236        1.000000   70.428263    9.972112    0.920670   41.010436
    0.990196    0.247093    0.209536   -1.238956    0.000000       -5.197492        1.000000   71.052479   10.063064    0.920670   41.010436
    1.000000    0.000000    1.570796   -5.296021    0.000000      -10.592041        1.000000   71.052479   10.094984    0.920670   41.010436
