           t           r         psi          cs          qs               p             sig           A           V          Q2           S
    0.000000    0.000000   -1.570796   -2.728592    0.000000       -5.457185        1.000000    0.000000    0.000000    0.940705   30.116462
    0.009804    0.249465   -0.499471   -4.448136    0.000000       -7.967008        1.000000    0.000000    0.014693    0.940705   30.116462
    0.019608    0.260394    0.175082    0.078624    0.000000       -3.702999        1.000000    0.483075    0.081672    0.940705   30.116462
    0.029412    0.235138   -0.015025    0.445822    0.000000       -3.806513        1.000000    0.919297    0.135975    0.940705   30.116462
    0.039216    0.244569   -0.016976   -0.190970    0.000000       -4.279208        1.000000    1.373014    0.189379    0.940705   30.116462
    0.049020    0.244115    0.008555    0.019738    0.000000       -4.076547        1.000000    1.825888    0.245041    0.940705   30.116462
    0.058824    0.243129   -0.001299    0.015904    0.000000       -4.097135        1.000000    2.276934    0.299975    0.940705   30.116462
    0.068627    0.243581   -0.000556   -0.008830    0.000000       -4.114244        1.000000    2.728817    0.354920    0.940705   30.116462
    0.078431    0.243524    0.000385    0.001527    0.000000       -4.104838        1.000000    3.180596    0.409953    0.940705   30.116462
    0.088235    0.243490   -0.000084    0.000497    0.000000       -4.106443        1.000000    3.632312    0.464949    0.940705   30.116462
    0.098039    0.243511   -0.000015   -0.000390    0.000000       -4.106981        1.000000    4.084066    0.519949    0.940705   30.116462
    0.107843    0.243507    0.000016    0.000093    0.000000       -4.106566        1.000000    4.535813    0.574952    0.940705   30.116462
    0.117647    0.243506   -0.000005    0.000012    0.000000       -4.106664        1.000000    4.987558    0.629953    0.940705   30.116462
    0.127451    0.243507   -0.000000   -0.000016    0.000000       -4.106677        1.000000    5.439304    0.684954    0.940705   30.116462
    0.137255    0.243507    0.000001    0.000005    0.000000       -4.106659        1.000000    5.891050    0.739956    0.940705   30.116462
    0.147059    0.243507   -0.000000    0.000000    0.000000       -4.106665        1.000000    6.342796    0.794958    0.940705   30.116462
    0.156863    0.243507    0.000000   -0.000001    0.000000       -4.106665        1.000000    6.794543    0.849959    0.940705   30.116462
    0.166667    0.243507    0.000000    0.000000    0.000000       -4.106664        1.000000    7.246289    0.904961    0.940705   30.116462
    0.176471    0.243507   -0.000000   -0.000000    0.000000       -4.106664        1.000000    7.698035    0.959962    0.940705   30.116462
    0.186275    0.243507    0.000000   -0.000000    0.000000       -4.106664        1.000000    8.149781    1.014964    0.940705   30.116462
    0.196078    0.243507    0.000000    0.000000    0.000000       -4.106664        1.000000    8.601527    1.069966    0.940705   30.116462
    0.205882    0.243507   -0.000000   -0.000000    0.000000       -4.106664        1.000000    9.053273    1.124967    0.940705   30.116462
    0.215686    0.243507    0.000000   -0.000000    0.000000       -4.106664        1.000000    9.505019    1.179969    0.940705   30.116462
    0.225490    0.243507    0.000000    0.000000    0.000000       -4.106664        1.000000    9.956766    1.234970    0.940705   30.116462
    0.235294    0.243507   -0.000000   -0.000000    0.000000       -4.106664        1.000000   10.408512    1.289972    0.940705   30.116462
    0.245098    0.243507    0.000000   -0.000000    0.000000       -4.106664        1.000000   10.860258    1.344974    0.940705   30.116462
    0.254902    0.243507    0.000000    0.000000    0.000000       -4.106664        1.000000   11.312004    1.399975    0.940705   30.116462
    0.264706    0.243507   -0.000000   -0.000000    0.000000       -4.106664        1.000000   11.763750    1.454977    0.940705   30.116462
    0.274510    0.243507    0.000000   -0.000000    0.000000       -4.106664        1.000000   12.215496    1.509978    0.940705   30.116462
    0.284314    0.243507   -0.000000    0.000000    0.000000       -4.106664        1.000000   12.667242    1.564980    0.940705   30.116462
    0.294118    0.243507   -0.000000   -0.000000    0.000000       -4.106664        1.000000   13.118989    1.619982    0.940705   30.116462
    0.303922    0.243507    0.000000    0.000000    0.000000       -4.106664        1.000000   13.570735    1.674983    0.940705   30.116462
    0.313725    0.243507    0.000000    0.000000    0.000000       -4.106664        1.000000   14.022481    1.729985    0.940705   30.116462
    0.323529    0.243507   -0.000000    0.000000    0.000000       -4.106664        1.000000   14.474227    1.784986    0.940705   30.116462
    0.333333    0.243507   -0.000000   -0.000000    0.000000       -4.106664        1.000000   14.925973    1.839988    0.940705   30.116462
    0.343137    0.243507    0.000000    0.000000    0.000000       -4.106664        1.000000   15.377719    1.894989    0.940705   30.116462
    0.352941    0.243507   -0.000000    0.000000    0.000000       -4.106664        1.000000   15.829465    1.949991    0.940705   30.116462
    0.362745    0.243507   -0.000000   -0.000000    0.000000       -4.106664        1.000000   16.281212    2.004993    0.940705   30.116462
    0.372549    0.243507   -0.000000   -0.000000    0.000000       -4.106664        1.000000   16.732958    2.059994    0.940705   30.116462
    0.382353    0.243507   -0.000000    0.000000    0.000000       -4.106664        1.000000   17.184704    2.114996    0.940705   30.116462
    0.392157    0.243507   -0.000000    0.000000    0.000000       -4.106664        1.000000   17.636450    2.169997    0.940705   30.116462
    0.401961    0.243507   -0.000000   -0.000000    0.000000       -4.106664        1.000000   18.088196    2.224999    0.940705   30.116462
    0.411765    0.243507   -0.000000    0.000000    0.000000       -4.106664        1.000000   18.539942    2.280001    0.940705   30.116462
    0.421569    0.243507   -0.000000   -0.000000    0.000000       -4.106664        1.000000   18.991688    2.335002    0.940705   30.116462
    0.431373    0.243507   -0.000000    0.000000    0.000000       -4.106664        1.000000   19.443435    2.390004    0.940705   30.116462
    0.441176    0.243507    0.000000   -0.000000    0.000000       -4.106664        1.000000   19.895181    2.445005    0.940705   30.116462
    0.450980    0.243507   -0.000000    0.000000    0.000000       -4.106664        1.000000   20.346927    2.500007    0.940705   30.116462
    0.460784    0.243507   -0.000000   -0.000000    0.000000       -4.106664        1.000000   20.798673    2.555009    0.940705   30.116462
    0.470588    0.243507   -0.000000    0.000000    0.000000       -4.106664        1.000000   21.250419    2.610010    0.940705   30.116462
    0.480392    0.243507    0.000000   -0.000000    0.000000       -4.106664        1.000000   21.702165    2.665012    0.940705   30.116462
    0.490196    0.243507    0.000000   -0.000000    0.000000       -4.106664        1.000000   22.153911    2.720013    0.940705   30.116462
    0.500000    0.243507    0.000000   -0.000000    0.000000       -4.106664        1.000000   22.605658    2.775015    0.940705   30.116462
    0.509804    0.243507    0.000000    0.000000    0.000000       -4.106664        1.000000   23.057404    2.830017    0.940705   30.116462
    0.519608    0.243507   -0.000000    0.000000    0.000000       -4.106664        1.000000   23.509150    2.885018    0.940705   30.116462
    0.529412    0.243507   -0.000000   -0.000000    0.000000       -4.106664        1.000000   23.960896    2.940020    0.940705   30.116462
    0.539216    0.243507    0.000000   -0.000000    0.000000       -4.106664        1.000000   24.412642    2.995021    0.940705   30.116462
    0.549020    0.243507    0.000000   -0.000000    0.000000       -4.106664        1.000000   24.864388    3.050023    0.940705   30.116462
    0.558824    0.243507   -0.000000    0.000000    0.000000       -4.106664        1.000000   25.316134    3.105024    0.940705   30.116462
    0.568627    0.243507    0.000000   -0.000000    0.000000       -4.106664        1.000000   25.767881    3.160026    0.940705   30.116462
    0.578431    0.243507    0.000000   -0.000000    0.000000       -4.106664        1.000000   26.219627    3.215028    0.940705   30.116462
    0.588235    0.243507    0.000000    0.000000    0.000000       -4.106664        1.000000   26.671373    3.270029    0.940705   30.116462
    0.598039    0.243507   -0.000000    0.000000    0.000000       -4.106664        1.000000   27.123119    3.325031    0.940705   30.116462
    0.607843    0.243507    0.000000   -0.000000    0.000000       -4.106664        1.000000   27.574865    3.380032    0.940705   30.116462
    0.617647    0.243507    0.000000    0.000000    0.000000       -4.106664        1.000000   28.026611    3.435034    0.940705   30.116462
    0.627451    0.243507    0.000000    0.000000    0.000000       -4.106664        1.000000   28.478357    3.490036    0.940705   30.116462
    0.637255    0.243507    0.000000    0.000000    0.000000       -4.106664        1.000000   28.930104    3.545037    0.940705   30.116462
    0.647059    0.243507    0.000000   -0.000000    0.000000       -4.106664        1.000000   29.381850    3.600039    0.940705   30.116462
    0.656863    0.243507    0.000000    0.000000    0.000000       -4.106664        1.000000   29.833596    3.655040    0.940705   30.116462
    0.666667    0.243507    0.000000   -0.000000    0.000000       -4.106664        1.000000   30.285342    3.710042    0.940705   30.116462
    0.676471    0.243507    0.000000   -0.000000    0.000000       -4.106664        1.000000   30.737088    3.765044    0.940705   30.116462
    0.686275    0.243507   -0.000000    0.000000    0.000000       -4.106664        1.000000   31.188834    3.820045    0.940705   30.116462
    0.696078    0.243507    0.000000   -0.000000    0.000000       -4.106664        1.000000   31.640580    3.875047    0.940705   30.116462
    0.705882    0.243507    0.000000   -0.000000    0.000000       -4.106664        1.000000   32.092326    3.930048    0.940705   30.116462
    0.715686    0.243507    0.000000    0.000000    0.000000       -4.106664        1.000000   32.544073    3.985050    0.940705   30.116462
    0.725490    0.243507    0.000000    0.000000    0.000000       -4.106664        1.000000   32.995819    4.040052    0.940705   30.116462
    0.735294    0.243507    0.000000   -0.000000    0.000000       -4.106664        1.000000   33.447565    4.095053    0.940705   30.116462
    0.745098    0.243507    0.000000    0.000000    0.000000       -4.106664        1.000000   33.899311    4.150055    0.940705   30.116462
    0.754902    0.243507    0.000000    0.000000    0.000000       -4.106664        1.000000   34.351057    4.205056    0.940705   30.116462
    0.764706    0.243507    0.000000   -0.000000    0.000000       -4.106664        1.000000   34.802803    4.260058    0.940705   30.116462
    0.774510    0.243507    0.000000   -0.000000    0.000000       -4.106664        1.000000   35.254549    4.315060    0.940705   30.116462
    0.784314    0.243507    0.000000    0.000000    0.000000       -4.106664        1.000000   35.706296    4.370061    0.940705   30.116462
    0.794118    0.243507    0.000000    0.000000    0.000000       -4.106664        1.000000   36.158042    4.425063    0.940705   30.116462
    0.803922    0.243507    0.000000   -0.000000    0.000000       -4.106664        1.000000   36.609788    4.480064    0.940705   30.116462
    0.813725    0.243507    0.000000   -0.000000    0.000000       -4.106664        1.000000   37.061534    4.535066    0.940705   30.116462
    0.823529    0.243507    0.000000   -0.000000    0.000000       -4.106664        1.000000   37.513280    4.590067    0.940705   30.116462
    0.833333    0.243507    0.000000   -0.000000    0.000000       -4.106664        1.000000   37.965026    4.645069    0.940705   30.116462
    0.843137    0.243507    0.000000   -0.000000    0.000000       -4.106664        1.000000   38.416772    4.700071    0.940705   30.116462
    0.852941    0.243507    0.000000   -0.000000    0.000000       -4.106664        1.000000   38.868519    4.755072    0.940705   30.116462
    0.862745    0.243507    0.000000   -0.000000    0.000000       -4.106664        1.000000   39.320265    4.810074    0.940705   30.116462
    0.872549    0.243507    0.000000   -0.000000    0.000000       -4.106664        1.000000   39.772011    4.865075    0.940705   30.116462
    0.882353    0.243507    0.000000   -0.000000    0.000000       -4.106664        1.000000   40.223757    4.920077    0.940705   30.116462
    0.892157    0.243507    0.000000   -0.000000    0.000000       -4.106664        1.000000   40.675503    4.975079    0.940705   30.116462
    0.901961    0.243507    0.000000   -0.000000    0.000000       -4.106664        1.000000   41.127249    5.030080    0.940705   30.116462
    0.911765    0.243507    0.000000   -0.000000    0.000000       -4.106664        1.000000   41.578995    5.085082    0.940705   30.116462
    0.921569    0.243507    0.000000   -0.000001    0.000000       -4.106666        1.000000   42.030742    5.140083    0.940705   30.116462
    0.931373    0.243506    0.000001   -0.000009    0.000000       -4.106676        1.000000   42.482487    5.195085    0.940705   30.116462
    0.941176    0.243505    0.000010   -0.000068    0.000000       -4.106756        1.000000   42.934231    5.250086    0.940705   30.116462
    0.950980    0.243496    0.000078   -0.000546    0.000000       -4.107396        1.000000   43.385957    5.305086    0.940705   30.116462
    0.960784    0.243419    0.000619   -0.004352    0.000000       -4.112500        1.000000   43.837540    5.360071    0.940705   30.116462
    0.970588    0.242805    0.004934   -0.034679    0.000000       -4.153163        1.000000   44.287984    5.414939    0.940705   30.116462
    0.980392    0.237923    0.039157   -0.273700    0.000000       -4.473520        1.000000   44.729371    5.468873    0.940705   30.116462
    0.990196    0.200162    0.298225   -1.980058    0.000000       -6.755488        1.000000   45.100706    5.515466    0.940705   30.116462
    1.000000    0.000000    1.570796   -6.173622    0.000000      -12.347244        1.000000   45.100706    5.529203    0.940705   30.116462
