           t           r         psi          cs          qs               p             sig           A           V          Q2           S
    0.000000   -0.000000   -1.570796   -1.206885    0.000000       -2.413770        1.000000    0.000000    0.000000    0.606654    5.625706
    0.009804    0.055113   -1.504153   -1.211186    0.000000       -2.419502        1.000000    0.000000    0.000009    0.606654    5.625706
    0.019608    0.109981   -1.437032   -1.224231    0.000000       -2.436859        1.000000    0.038113    0.000140    0.606654    5.625706
    0.029412    0.164350   -1.368942   -1.246417    0.000000       -2.466287        1.000000    0.095067    0.000706    0.606654    5.625706
    0.039216    0.217958   -1.299364   -1.278336    0.000000       -2.508443        1.000000    0.170599    0.002220    0.606654    5.625706
    0.049020    0.270521   -1.227740   -1.320675    0.000000       -2.564077        1.000000    0.264346    0.005383    0.606654    5.625706
    0.058824    0.321730   -1.153479   -1.374062    0.000000       -2.633841        1.000000    0.375840    0.011066    0.606654    5.625706
    0.068627    0.371242   -1.075961   -1.438804    0.000000       -2.717989        1.000000    0.504491    0.020278    0.606654    5.625706
    0.078431    0.418671   -0.994566   -1.514468    0.000000       -2.815889        1.000000    0.649578    0.034127    0.606654    5.625706
    0.088235    0.463585   -0.908734   -1.599236    0.000000       -2.925302        1.000000    0.810230    0.053755    0.606654    5.625706
    0.098039    0.505506   -0.818064   -1.689010    0.000000       -3.041389        1.000000    0.985409    0.080257    0.606654    5.625706
    0.107843    0.543912   -0.722465   -1.776364    0.000000       -3.155590        1.000000    1.173898    0.114565    0.606654    5.625706
    0.117647    0.578267   -0.622371   -1.849718    0.000000       -3.254776        1.000000    1.374292    0.157313    0.606654    5.625706
    0.127451    0.608057   -0.518969   -1.893493    0.000000       -3.321535        1.000000    1.585010    0.208696    0.606654    5.625706
    0.137255    0.632859   -0.414370   -1.890258    0.000000       -3.336661        1.000000    1.804323    0.268352    0.606654    5.625706
    0.147059    0.652419   -0.311598   -1.825335    0.000000       -3.284282        1.000000    2.030414    0.335336    0.606654    5.625706
    0.156863    0.666716   -0.214276   -1.692610    0.000000       -3.158198        1.000000    2.261459    0.408212    0.606654    5.625706
    0.166667    0.676004   -0.126028   -1.498388    0.000000       -2.965937        1.000000    2.495723    0.485264    0.606654    5.625706
    0.176471    0.680785   -0.049800   -1.260379    0.000000       -2.727451        1.000000    2.731644    0.564770    0.606654    5.625706
    0.186275    0.681744    0.012630   -1.002105    0.000000       -2.468814        1.000000    2.967898    0.645231    0.606654    5.625706
    0.196078    0.679655    0.060785   -0.746098    0.000000       -2.214715        1.000000    3.203427    0.725504    0.606654    5.625706
    0.205882    0.675296    0.095289   -0.509348    0.000000       -1.983463        1.000000    3.437446    0.804815    0.606654    5.625706
    0.215686    0.669386    0.117515   -0.302015    0.000000       -1.785618        1.000000    3.669417    0.882713    0.606654    5.625706
    0.225490    0.662556    0.129227   -0.128420    0.000000       -1.625143        1.000000    3.899021    0.958983    0.606654    5.625706
    0.235294    0.655329    0.132308    0.011141    0.000000       -1.501474        1.000000    4.126120    1.033573    0.606654    5.625706
    0.245098    0.648127    0.128587    0.118713    0.000000       -1.411455        1.000000    4.350724    1.106537    0.606654    5.625706
    0.254902    0.641277    0.119743    0.197479    0.000000       -1.350743        1.000000    4.572954    1.177990    0.606654    5.625706
    0.264706    0.635017    0.107267    0.251030    0.000000       -1.314681        1.000000    4.793014    1.248082    0.606654    5.625706
    0.274510    0.629510    0.092449    0.282975    0.000000       -1.298778        1.000000    5.011167    1.316988    0.606654    5.625706
    0.284314    0.624857    0.076386    0.296769    0.000000       -1.298931        1.000000    5.227706    1.384886    0.606654    5.625706
    0.294118    0.621099    0.059987    0.295648    0.000000       -1.311506        1.000000    5.442943    1.451960    0.606654    5.625706
    0.303922    0.618236    0.043993    0.282607    0.000000       -1.333333        1.000000    5.657189    1.518388    0.606654    5.625706
    0.313725    0.616230    0.028982    0.260407    0.000000       -1.361682        1.000000    5.870739    1.584341    0.606654    5.625706
    0.323529    0.615014    0.015389    0.231573    0.000000       -1.394214        1.000000    6.083867    1.649979    0.606654    5.625706
    0.333333    0.614501    0.003517    0.198388    0.000000       -1.428939        1.000000    6.296818    1.715448    0.606654    5.625706
    0.343137    0.614591   -0.006452    0.162886    0.000000       -1.464179        1.000000    6.509800    1.780877    0.606654    5.625706
    0.352941    0.615176   -0.014441    0.126844    0.000000       -1.498538        1.000000    6.722984    1.846376    0.606654    5.625706
    0.362745    0.616147   -0.020462    0.091767    0.000000       -1.530882        1.000000    6.936506    1.912037    0.606654    5.625706
    0.372549    0.617398   -0.024604    0.058888    0.000000       -1.560322        1.000000    7.150461    1.977929    0.606654    5.625706
    0.382353    0.618829   -0.027016    0.029165    0.000000       -1.586200        1.000000    7.364911    2.044106    0.606654    5.625706
    0.392157    0.620350   -0.027892    0.003285    0.000000       -1.608082        1.000000    7.579889    2.110597    0.606654    5.625706
    0.401961    0.621881   -0.027457   -0.018325    0.000000       -1.625742        1.000000    7.795397    2.177417    0.606654    5.625706
    0.411765    0.623358   -0.025953   -0.035476    0.000000       -1.639149        1.000000    8.011418    2.244564    0.606654    5.625706
    0.421569    0.624729   -0.023625   -0.048196    0.000000       -1.648444        1.000000    8.227913    2.312023    0.606654    5.625706
    0.431373    0.625954   -0.020714   -0.056697    0.000000       -1.653917        1.000000    8.444832    2.379767    0.606654    5.625706
    0.441176    0.627007   -0.017442   -0.061338    0.000000       -1.655974        1.000000    8.662117    2.447763    0.606654    5.625706
    0.450980    0.627874   -0.014010   -0.062588    0.000000       -1.655107        1.000000    8.879702    2.515972    0.606654    5.625706
    0.460784    0.628552   -0.010590   -0.060990    0.000000       -1.651858        1.000000    9.097523    2.584352    0.606654    5.625706
    0.470588    0.629046   -0.007324   -0.057120    0.000000       -1.646788        1.000000    9.315514    2.652862    0.606654    5.625706
    0.480392    0.629365   -0.004321   -0.051559    0.000000       -1.640446        1.000000    9.533616    2.721461    0.606654    5.625706
    0.490196    0.629528   -0.001658   -0.044860    0.000000       -1.633349        1.000000    9.751774    2.790114    0.606654    5.625706
    0.500000    0.629555    0.000616   -0.037534    0.000000       -1.625956        1.000000    9.969942    2.858788    0.606654    5.625706
    0.509804    0.629468    0.002479   -0.030027    0.000000       -1.618666        1.000000   10.188079    2.927455    0.606654    5.625706
    0.519608    0.629289    0.003932   -0.022719    0.000000       -1.611801        1.000000   10.406155    2.996092    0.606654    5.625706
    0.529412    0.629041    0.004995   -0.015913    0.000000       -1.605613        1.000000   10.624145    3.064681    0.606654    5.625706
    0.539216    0.628745    0.005701   -0.009841    0.000000       -1.600285        1.000000   10.842032    3.133211    0.606654    5.625706
    0.549020    0.628418    0.006097   -0.004668    0.000000       -1.595936        1.000000   11.059805    3.201672    0.606654    5.625706
    0.558824    0.628077    0.006234   -0.000498    0.000000       -1.592628        1.000000   11.277461    3.270060    0.606654    5.625706
    0.568627    0.627734    0.006171    0.002620    0.000000       -1.590381        1.000000   11.494998    3.338374    0.606654    5.625706
    0.578431    0.627399    0.005965    0.004674    0.000000       -1.589180        1.000000   11.712418    3.406614    0.606654    5.625706
    0.588235    0.627078    0.005675    0.005688    0.000000       -1.588985        1.000000   11.929727    3.474782    0.606654    5.625706
    0.598039    0.626774    0.005356    0.005706    0.000000       -1.589744        1.000000   12.146931    3.542883    0.606654    5.625706
    0.607843    0.626487    0.005063    0.004784    0.000000       -1.591399        1.000000   12.364035    3.610919    0.606654    5.625706
    0.617647    0.626214    0.004844    0.002980    0.000000       -1.593899        1.000000   12.581045    3.678895    0.606654    5.625706
    0.627451    0.625950    0.004749    0.000349    0.000000       -1.597205        1.000000   12.797964    3.746813    0.606654    5.625706
    0.637255    0.625687    0.004821   -0.003073    0.000000       -1.601298        1.000000   13.014791    3.814673    0.606654    5.625706
    0.647059    0.625414    0.005102   -0.007269    0.000000       -1.606188        1.000000   13.231524    3.882476    0.606654    5.625706
    0.656863    0.625119    0.005637   -0.012248    0.000000       -1.611917        1.000000   13.448154    3.950218    0.606654    5.625706
    0.666667    0.624787    0.006469   -0.018059    0.000000       -1.618571        1.000000   13.664669    4.017891    0.606654    5.625706
    0.676471    0.624400    0.007646   -0.024788    0.000000       -1.626280        1.000000   13.881051    4.085487    0.606654    5.625706
    0.686275    0.623936    0.009222   -0.032569    0.000000       -1.635228        1.000000   14.097271    4.152990    0.606654    5.625706
    0.696078    0.623374    0.011261   -0.041589    0.000000       -1.645661        1.000000   14.313297    4.220382    0.606654    5.625706
    0.705882    0.622684    0.013837   -0.052094    0.000000       -1.657890        1.000000   14.529083    4.287637    0.606654    5.625706
    0.715686    0.621836    0.017040   -0.064397    0.000000       -1.672304        1.000000   14.744576    4.354724    0.606654    5.625706
    0.725490    0.620791    0.020980   -0.078880    0.000000       -1.689373        1.000000   14.959707    4.421604    0.606654    5.625706
    0.735294    0.619506    0.025790   -0.096004    0.000000       -1.709657        1.000000   15.174392    4.488228    0.606654    5.625706
    0.745098    0.617928    0.031629   -0.116314    0.000000       -1.733817        1.000000   15.388530    4.554537    0.606654    5.625706
    0.754902    0.615995    0.038690   -0.140440    0.000000       -1.762614        1.000000   15.601999    4.620457    0.606654    5.625706
    0.764706    0.613634    0.047204   -0.169097    0.000000       -1.796917        1.000000   15.814649    4.685901    0.606654    5.625706
    0.774510    0.610759    0.057441   -0.203086    0.000000       -1.837694        1.000000   16.026303    4.750762    0.606654    5.625706
    0.784314    0.607264    0.069720   -0.243271    0.000000       -1.886000        1.000000   16.236746    4.814910    0.606654    5.625706
    0.794118    0.603030    0.084407   -0.290566    0.000000       -1.942954        1.000000   16.445722    4.878190    0.606654    5.625706
    0.803922    0.597913    0.101919   -0.345887    0.000000       -2.009692        1.000000   16.652925    4.940412    0.606654    5.625706
    0.813725    0.591748    0.122724   -0.410102    0.000000       -2.087301        1.000000   16.857990    5.001355    0.606654    5.625706
    0.823529    0.584342    0.147334   -0.483948    0.000000       -2.176735        1.000000   17.060490    5.060751    0.606654    5.625706
    0.833333    0.575477    0.176294   -0.567938    0.000000       -2.278692        1.000000   17.259917    5.118289    0.606654    5.625706
    0.843137    0.564910    0.210172   -0.662240    0.000000       -2.393481        1.000000   17.455682    5.173609    0.606654    5.625706
    0.852941    0.552371    0.249529   -0.766566    0.000000       -2.520875        1.000000   17.647102    5.226301    0.606654    5.625706
    0.862745    0.537571    0.294899   -0.880059    0.000000       -2.659977        1.000000   17.833394    5.275912    0.606654    5.625706
    0.872549    0.520209    0.346748   -1.001224    0.000000       -2.809118        1.000000   18.013668    5.321958    0.606654    5.625706
    0.882353    0.499984    0.405444   -1.127920    0.000000       -2.965834        1.000000   18.186934    5.363949    0.606654    5.625706
    0.892157    0.476609    0.471219   -1.257436    0.000000       -3.126926        1.000000   18.352099    5.401419    0.606654    5.625706
    0.901961    0.449830    0.544144   -1.386646    0.000000       -3.288632        1.000000   18.507985    5.433975    0.606654    5.625706
    0.911765    0.419449    0.624111   -1.512246    0.000000       -3.446886        1.000000   18.653342    5.461351    0.606654    5.625706
    0.921569    0.385343    0.710831   -1.631021    0.000000       -3.597632        1.000000   18.786880    5.483457    0.606654    5.625706
    0.931373    0.347487    0.803847   -1.740100    0.000000       -3.737132        1.000000   18.907299    5.500433    0.606654    5.625706
    0.941176    0.305967    0.902556   -1.837150    0.000000       -3.862220        1.000000   19.013329    5.512665    0.606654    5.625706
    0.950980    0.260996    1.006246   -1.920475    0.000000       -3.970453        1.000000   19.103776    5.520780    0.606654    5.625706
    0.960784    0.212909    1.114128   -1.989020    0.000000       -4.060143        1.000000   19.177558    5.525591    0.606654    5.625706
    0.970588    0.162163    1.225370   -2.042278    0.000000       -4.130294        1.000000   19.233754    5.528018    0.606654    5.625706
    0.980392    0.109320    1.339124   -2.080145    0.000000       -4.180448        1.000000   19.271638    5.528963    0.606654    5.625706
    0.990196    0.055030    1.454545   -2.102746    0.000000       -4.210501        1.000000   19.290708    5.529188    0.606654    5.625706
    1.000000    0.000000    1.570796   -2.110252    0.000000       -4.220505        1.000000   19.290708    5.529203    0.606654    5.625706
