           t           r         psi          cs          qs               p             sig           A           V          Q2           S
    0.000000    0.000000   -1.570796   -1.002591    0.000000       -2.005183        1.000000    0.000000   -0.000000    0.210201    6.437040
    0.009804    0.063066   -1.507516   -1.002991    0.000000       -2.005715        1.000000    0.000000    0.000012    0.210201    6.437040
    0.019608    0.125880   -1.444185   -1.004218    0.000000       -2.007345        1.000000    0.049914    0.000199    0.210201    6.437040
    0.029412    0.188188   -1.380748   -1.006355    0.000000       -2.010170        1.000000    0.124534    0.001000    0.210201    6.437040
    0.039216    0.249740   -1.317144   -1.009545    0.000000       -2.014355        1.000000    0.223561    0.003134    0.210201    6.437040
    0.049020    0.310282   -1.253300   -1.013998    0.000000       -2.020142        1.000000    0.346595    0.007567    0.210201    6.437040
    0.058824    0.369564   -1.189128   -1.020007    0.000000       -2.027868        1.000000    0.493134    0.015476    0.210201    6.437040
    0.068627    0.427332   -1.124518   -1.027974    0.000000       -2.037988        1.000000    0.662581    0.028210    0.210201    6.437040
    0.078431    0.483334   -1.059329   -1.038441    0.000000       -2.051112        1.000000    0.854232    0.047231    0.210201    6.437040
    0.088235    0.537310   -0.993381   -1.052142    0.000000       -2.068054        1.000000    1.067287    0.074060    0.210201    6.437040
    0.098039    0.588998   -0.926443   -1.070052    0.000000       -2.089889        1.000000    1.300837    0.110218    0.210201    6.437040
    0.107843    0.638125   -0.858208   -1.093465    0.000000       -2.118020        1.000000    1.553867    0.157157    0.210201    6.437040
    0.117647    0.684404   -0.788279   -1.124036    0.000000       -2.154228        1.000000    1.825247    0.216193    0.210201    6.437040
    0.127451    0.727523   -0.716143   -1.163766    0.000000       -2.200631        1.000000    2.113725    0.288441    0.210201    6.437040
    0.137255    0.767142   -0.641156   -1.214719    0.000000       -2.259381        1.000000    2.417913    0.374733    0.210201    6.437040
    0.147059    0.802881   -0.562562   -1.278107    0.000000       -2.331677        1.000000    2.736272    0.475539    0.210201    6.437040
    0.156863    0.834310   -0.479614   -1.351894    0.000000       -2.415255        1.000000    3.067093    0.590857    0.210201    6.437040
    0.166667    0.860962   -0.391917   -1.425787    0.000000       -2.499212        1.000000    3.408482    0.720093    0.210201    6.437040
    0.176471    0.882375   -0.300186   -1.473780    0.000000       -2.556405        1.000000    3.758363    0.861914    0.210201    6.437040
    0.186275    0.898207   -0.207384   -1.451183    0.000000       -2.540657        1.000000    4.114520    1.014151    0.210201    6.437040
    0.196078    0.908427   -0.119482   -1.313167    0.000000       -2.406123        1.000000    4.474730    1.173907    0.210201    6.437040
    0.205882    0.913499   -0.044174   -1.057071    0.000000       -2.150695        1.000000    4.836952    1.338007    0.210201    6.437040
    0.215686    0.914388    0.012644   -0.740112    0.000000       -1.833653        1.000000    5.199525    1.503682    0.210201    6.437040
    0.225490    0.912325    0.049570   -0.437609    0.000000       -1.532364        1.000000    5.561281    1.669047    0.210201    6.437040
    0.235294    0.908500    0.069171   -0.195275    0.000000       -1.293359        1.000000    5.921520    1.833108    0.210201    6.437040
    0.245098    0.903875    0.075702   -0.022901    0.000000       -1.126079        1.000000    6.279925    1.995489    0.210201    6.437040
    0.254902    0.899140    0.073339    0.088850    0.000000       -1.020335        1.000000    6.636453    2.156160    0.210201    6.437040
    0.264706    0.894742    0.065462    0.154218    0.000000       -0.961028        1.000000    6.991237    2.315258    0.210201    6.437040
    0.274510    0.890946    0.054577    0.186097    0.000000       -0.934633        1.000000    7.344515    2.472999    0.210201    6.437040
    0.284314    0.887883    0.042465    0.194516    0.000000       -0.930744        1.000000    7.696579    2.629626    0.210201    6.437040
    0.294118    0.885588    0.030362    0.186890    0.000000       -0.941783        1.000000    8.047733    2.785392    0.210201    6.437040
    0.303922    0.884033    0.019098    0.168676    0.000000       -0.962296        1.000000    8.398271    2.940539    0.210201    6.437040
    0.313725    0.883148    0.009208    0.143949    0.000000       -0.988316        1.000000    8.748458    3.095293    0.210201    6.437040
    0.323529    0.882836    0.001000    0.115825    0.000000       -1.016888        1.000000    9.098520    3.249854    0.210201    6.437040
    0.333333    0.882984   -0.005391    0.086738    0.000000       -1.045769        1.000000    9.448642    3.404392    0.210201    6.437040
    0.343137    0.883478   -0.009968    0.058597    0.000000       -1.073237        1.000000    9.798959    3.559041    0.210201    6.437040
    0.352941    0.884206   -0.012838    0.032876    0.000000       -1.097989        1.000000   10.149565    3.713901    0.210201    6.437040
    0.362745    0.885066   -0.014191    0.010651    0.000000       -1.119094        1.000000   10.500512    3.869039    0.210201    6.437040
    0.372549    0.885970   -0.014271   -0.007384    0.000000       -1.135975        1.000000   10.851818    4.024488    0.210201    6.437040
    0.382353    0.886846   -0.013354   -0.020907    0.000000       -1.148398        1.000000   11.203470    4.180251    0.210201    6.437040
    0.392157    0.887641   -0.011726   -0.029944    0.000000       -1.156448        1.000000   11.555438    4.336313    0.210201    6.437040
    0.401961    0.888317   -0.009662   -0.034819    0.000000       -1.160491        1.000000   11.907675    4.492637    0.210201    6.437040
    0.411765    0.888856   -0.007408   -0.036097    0.000000       -1.161107        1.000000   12.260125    4.649179    0.210201    6.437040
    0.421569    0.889253   -0.005167   -0.034491    0.000000       -1.159016        1.000000   12.612732    4.805889    0.210201    6.437040
    0.431373    0.889512   -0.003098   -0.030784    0.000000       -1.154990        1.000000   12.965442    4.962716    0.210201    6.437040
    0.441176    0.889649   -0.001310   -0.025746    0.000000       -1.149783        1.000000   13.318206    5.119613    0.210201    6.437040
    0.450980    0.889685    0.000138   -0.020073    0.000000       -1.144066        1.000000   13.670984    5.276540    0.210201    6.437040
    0.460784    0.889640    0.001223   -0.014341    0.000000       -1.138390        1.000000   14.023745    5.433465    0.210201    6.437040
    0.470588    0.889538    0.001956   -0.008992    0.000000       -1.133169        1.000000   14.376465    5.590363    0.210201    6.437040
    0.480392    0.889400    0.002372   -0.004330    0.000000       -1.128681        1.000000   14.729131    5.747218    0.210201    6.437040
    0.490196    0.889244    0.002521   -0.000530    0.000000       -1.125077        1.000000   15.081734    5.904020    0.210201    6.437040
    0.500000    0.889086    0.002459    0.002338    0.000000       -1.122409        1.000000   15.434275    6.060767    0.210201    6.437040
    0.509804    0.888937    0.002245    0.004289    0.000000       -1.120648        1.000000   15.786757    6.217459    0.210201    6.437040
    0.519608    0.888804    0.001935    0.005396    0.000000       -1.119709        1.000000   16.139186    6.374102    0.210201    6.437040
    0.529412    0.888693    0.001579    0.005770    0.000000       -1.119476        1.000000   16.491572    6.530702    0.210201    6.437040
    0.539216    0.888605    0.001220    0.005542    0.000000       -1.119816        1.000000   16.843922    6.687267    0.210201    6.437040
    0.549020    0.888539    0.000890    0.004845    0.000000       -1.120598        1.000000   17.196246    6.843805    0.210201    6.437040
    0.558824    0.888492    0.000615    0.003801    0.000000       -1.121702        1.000000   17.548552    7.000323    0.210201    6.437040
    0.568627    0.888460    0.000415    0.002514    0.000000       -1.123029        1.000000   17.900844    7.156827    0.210201    6.437040
    0.578431    0.888437    0.000302    0.001063    0.000000       -1.124508        1.000000   18.253128    7.313322    0.210201    6.437040
    0.588235    0.888420    0.000283   -0.000503    0.000000       -1.126098        1.000000   18.605405    7.469810    0.210201    6.437040
    0.598039    0.888400    0.000367   -0.002172    0.000000       -1.127792        1.000000   18.957674    7.626291    0.210201    6.437040
    0.607843    0.888371    0.000560   -0.003965    0.000000       -1.129620        1.000000   19.309931    7.782764    0.210201    6.437040
    0.617647    0.888326    0.000871   -0.005940    0.000000       -1.131652        1.000000   19.662171    7.939225    0.210201    6.437040
    0.627451    0.888258    0.001316   -0.008200    0.000000       -1.133998        1.000000   20.014384    8.095665    0.210201    6.437040
    0.637255    0.888157    0.001915   -0.010890    0.000000       -1.136815        1.000000   20.366557    8.252076    0.210201    6.437040
    0.647059    0.888012    0.002703   -0.014207    0.000000       -1.140313        1.000000   20.718672    8.408444    0.210201    6.437040
    0.656863    0.887811    0.003727   -0.018406    0.000000       -1.144764        1.000000   21.070707    8.564751    0.210201    6.437040
    0.666667    0.887536    0.005052   -0.023812    0.000000       -1.150513        1.000000   21.422634    8.720974    0.210201    6.437040
    0.676471    0.887165    0.006767   -0.030836    0.000000       -1.157997        1.000000   21.774413    8.877083    0.210201    6.437040
    0.686275    0.886671    0.008989   -0.039987    0.000000       -1.167756        1.000000   22.125996    9.033039    0.210201    6.437040
    0.696078    0.886017    0.011871   -0.051891    0.000000       -1.180458        1.000000   22.477320    9.188790    0.210201    6.437040
    0.705882    0.885155    0.015612   -0.067305    0.000000       -1.196914        1.000000   22.828303    9.344270    0.210201    6.437040
    0.715686    0.884023    0.020459   -0.087124    0.000000       -1.218079        1.000000   23.178836    9.499392    0.210201    6.437040
    0.725490    0.882543    0.026722   -0.112366    0.000000       -1.245051        1.000000   23.528783    9.654042    0.210201    6.437040
    0.735294    0.880613    0.034779   -0.144137    0.000000       -1.279023        1.000000   23.877964    9.808068    0.210201    6.437040
    0.745098    0.878107    0.045075   -0.183539    0.000000       -1.321196        1.000000   24.226152    9.961275    0.210201    6.437040
    0.754902    0.874868    0.058126   -0.231538    0.000000       -1.372637        1.000000   24.573055   10.113407    0.210201    6.437040
    0.764706    0.870705    0.074494   -0.288757    0.000000       -1.434066        1.000000   24.918308   10.264132    0.210201    6.437040
    0.774510    0.865393    0.094767   -0.355249    0.000000       -1.505608        1.000000   25.261454   10.413028    0.210201    6.437040
    0.784314    0.858669    0.119512   -0.430269    0.000000       -1.586554        1.000000   25.601934   10.559558    0.210201    6.437040
    0.794118    0.850243    0.149219   -0.512152    0.000000       -1.675217        1.000000   25.939073   10.703059    0.210201    6.437040
    0.803922    0.839798    0.184246   -0.598368    0.000000       -1.768977        1.000000   26.272070   10.842732    0.210201    6.437040
    0.813725    0.827011    0.224768   -0.685786    0.000000       -1.864544        1.000000   26.599997   10.977644    0.210201    6.437040
    0.823529    0.811563    0.270759   -0.771119    0.000000       -1.958418        1.000000   26.921799   11.106744    0.210201    6.437040
    0.833333    0.793160    0.321990   -0.851413    0.000000       -2.047398        1.000000   27.236303   11.228910    0.210201    6.437040
    0.843137    0.771544    0.378068   -0.924428    0.000000       -2.128999        1.000000   27.542237   11.343001    0.210201    6.437040
    0.852941    0.746512    0.438486   -0.988831    0.000000       -2.201666        1.000000   27.838244   11.447940    0.210201    6.437040
    0.862745    0.717919    0.502683   -1.044166    0.000000       -2.264767        1.000000   28.122914   11.542789    0.210201    6.437040
    0.872549    0.685688    0.570091   -1.090679    0.000000       -2.318427        1.000000   28.394803   11.626834    0.210201    6.437040
    0.882353    0.649806    0.640174   -1.129089    0.000000       -2.363292        1.000000   28.652465   11.699648    0.210201    6.437040
    0.892157    0.610321    0.712451   -1.160360    0.000000       -2.400300        1.000000   28.894470   11.761139    0.210201    6.437040
    0.901961    0.567344    0.786502   -1.185532    0.000000       -2.430499        1.000000   29.119434   11.811569    0.210201    6.437040
    0.911765    0.521037    0.861977   -1.205605    0.000000       -2.454918        1.000000   29.326036   11.851547    0.210201    6.437040
    0.921569    0.471607    0.938581   -1.221479    0.000000       -2.474500        1.000000   29.513037   11.881995    0.210201    6.437040
    0.931373    0.419305    1.016076   -1.233926    0.000000       -2.490066        1.000000   29.679300   11.904090    0.210201    6.437040
    0.941176    0.364417    1.094265   -1.243586    0.000000       -2.502308        1.000000   29.823799   11.919187    0.210201    6.437040
    0.950980    0.307260    1.172989   -1.250977    0.000000       -2.511791        1.000000   29.945634   11.928731    0.210201    6.437040
    0.960784    0.248174    1.252119   -1.256509    0.000000       -2.518971        1.000000   30.044041   11.934157    0.210201    6.437040
    0.970588    0.187522    1.331549   -1.260501    0.000000       -2.524201        1.000000   30.118397   11.936801    0.210201    6.437040
    0.980392    0.125681    1.411188   -1.263187    0.000000       -2.527750        1.000000   30.168232   11.937802    0.210201    6.437040
    0.990196    0.063041    1.490960   -1.264733    0.000000       -2.529803        1.000000   30.193229   11.938036    0.210201    6.437040
    1.000000    0.000000    1.570796   -1.265238    0.000000       -2.530475        1.000000   30.193229   11.938052    0.210201    6.437040
