           t           r         psi          cs          qs               p             sig           A           V          Q2           S
    0.000000    0.000000   -1.570796   -1.091563    0.000000       -2.183127        1.000000    0.000000   -0.000000    0.461066    5.927360
    0.009804    0.058072   -1.507326   -1.093538    0.000000       -2.185759        1.000000    0.000000    0.000010    0.461066    5.927360
    0.019608    0.115910   -1.443624   -1.099558    0.000000       -2.193763        1.000000    0.042322    0.000156    0.461066    5.927360
    0.029412    0.173277   -1.379449   -1.109901    0.000000       -2.207463        1.000000    0.105589    0.000785    0.461066    5.927360
    0.039216    0.229930   -1.314536   -1.125019    0.000000       -2.227375        1.000000    0.189542    0.002465    0.461066    5.927360
    0.049020    0.285619   -1.248592   -1.145528    0.000000       -2.254202        1.000000    0.293829    0.005967    0.461066    5.927360
    0.058824    0.340082   -1.181280   -1.172195    0.000000       -2.288810        1.000000    0.418001    0.012242    0.461066    5.927360
    0.068627    0.393040   -1.112219   -1.205905    0.000000       -2.332184        1.000000    0.561510    0.022391    0.461066    5.927360
    0.078431    0.444193   -1.040972   -1.247584    0.000000       -2.385336        1.000000    0.723695    0.037629    0.461066    5.927360
    0.088235    0.493214   -0.967052   -1.298032    0.000000       -2.449113        1.000000    0.903780    0.059230    0.461066    5.927360
    0.098039    0.539743   -0.889934   -1.357611    0.000000       -2.523838        1.000000    1.100853    0.088474    0.461066    5.927360
    0.107843    0.583383   -0.809101   -1.425676    0.000000       -2.608687        1.000000    1.313861    0.126566    0.461066    5.927360
    0.117647    0.623698   -0.724121   -1.499660    0.000000       -2.700693        1.000000    1.541588    0.174542    0.461066    5.927360
    0.127451    0.660218   -0.634801   -1.573782    0.000000       -2.793364        1.000000    1.782650    0.233149    0.461066    5.927360
    0.137255    0.692460   -0.541408   -1.637633    0.000000       -2.875226        1.000000    2.035484    0.302715    0.461066    5.927360
    0.147059    0.719971   -0.444971   -1.675519    0.000000       -2.929212        1.000000    2.298364    0.383006    0.461066    5.927360
    0.156863    0.742390   -0.347552   -1.668146    0.000000       -2.934609        1.000000    2.569428    0.473144    0.461066    5.927360
    0.166667    0.759534   -0.252315   -1.598085    0.000000       -2.872995        1.000000    2.846753    0.571607    0.461066    5.927360
    0.176471    0.771478   -0.163187   -1.457926    0.000000       -2.736919        1.000000    3.128438    0.676391    0.461066    5.927360
    0.186275    0.778585   -0.084074   -1.256185    0.000000       -2.536030        1.000000    3.412719    0.785308    0.461066    5.927360
    0.196078    0.781480   -0.017944   -1.015653    0.000000       -2.295070        1.000000    3.698056    0.896322    0.461066    5.927360
    0.205882    0.780949    0.033769   -0.764662    0.000000       -2.044424        1.000000    3.983200    1.007793    0.461066    5.927360
    0.215686    0.777834    0.071202   -0.527584    0.000000       -1.809947        1.000000    4.267206    1.118577    0.461066    5.927360
    0.225490    0.772933    0.095661   -0.319905    0.000000       -1.607762        1.000000    4.549423    1.227977    0.461066    5.927360
    0.235294    0.766947    0.109086   -0.148321    0.000000       -1.444442        1.000000    4.829454    1.335643    0.461066    5.927360
    0.245098    0.760452    0.113610   -0.013308    0.000000       -1.319839        1.000000    5.107114    1.441460    0.461066    5.927360
    0.254902    0.753903    0.111285    0.088085    0.000000       -1.230141        1.000000    5.382382    1.545456    0.461066    5.927360
    0.264706    0.747641    0.103939    0.160236    0.000000       -1.170085        1.000000    5.655365    1.647751    0.461066    5.927360
    0.274510    0.741911    0.093138    0.207791    0.000000       -1.134238        1.000000    5.926255    1.748509    0.461066    5.927360
    0.284314    0.736874    0.080181    0.235117    0.000000       -1.117607        1.000000    6.195305    1.847923    0.461066    5.927360
    0.294118    0.732624    0.066128    0.246107    0.000000       -1.115867        1.000000    6.462804    1.946197    0.461066    5.927360
    0.303922    0.729199    0.051828    0.244156    0.000000       -1.125370        1.000000    6.729052    2.043539    0.461066    5.927360
    0.313725    0.726595    0.037945    0.232209    0.000000       -1.143084        1.000000    6.994350    2.140151    0.461066    5.927360
    0.323529    0.724772    0.024984    0.212817    0.000000       -1.166496        1.000000    7.258982    2.236227    0.461066    5.927360
    0.333333    0.723666    0.013312    0.188202    0.000000       -1.193528        1.000000    7.523210    2.331946    0.461066    5.927360
    0.343137    0.723195    0.003174    0.160293    0.000000       -1.222452        1.000000    7.787267    2.427474    0.461066    5.927360
    0.352941    0.723265   -0.005287    0.130762    0.000000       -1.251838        1.000000    8.051348    2.522954    0.461066    5.927360
    0.362745    0.723776   -0.012020    0.101036    0.000000       -1.280507        1.000000    8.315617    2.618510    0.461066    5.927360
    0.372549    0.724629   -0.017049    0.072312    0.000000       -1.307504        1.000000    8.580196    2.714241    0.461066    5.927360
    0.382353    0.725726   -0.020462    0.045563    0.000000       -1.332078        1.000000    8.845177    2.810226    0.461066    5.927360
    0.392157    0.726978   -0.022398    0.021540    0.000000       -1.353672        1.000000    9.110614    2.906519    0.461066    5.927360
    0.401961    0.728304   -0.023029    0.000775    0.000000       -1.371914        1.000000    9.376536    3.003153    0.461066    5.927360
    0.411765    0.729633   -0.022557   -0.016406    0.000000       -1.386609        1.000000    9.642943    3.100141    0.461066    5.927360
    0.421569    0.730908   -0.021194   -0.029875    0.000000       -1.397729        1.000000    9.909815    3.197479    0.461066    5.927360
    0.431373    0.732083   -0.019156   -0.039680    0.000000       -1.405394        1.000000   10.177117    3.295148    0.461066    5.927360
    0.441176    0.733125   -0.016650   -0.046022    0.000000       -1.409857        1.000000   10.444799    3.393118    0.461066    5.927360
    0.450980    0.734013   -0.013868   -0.049227    0.000000       -1.411470        1.000000   10.712805    3.491351    0.461066    5.927360
    0.460784    0.734735   -0.010981   -0.049710    0.000000       -1.410663        1.000000   10.981075    3.589804    0.461066    5.927360
    0.470588    0.735290   -0.008134   -0.047945    0.000000       -1.407908        1.000000   11.249547    3.688431    0.461066    5.927360
    0.480392    0.735683   -0.005443   -0.044430    0.000000       -1.403690        1.000000   11.518163    3.787188    0.461066    5.927360
    0.490196    0.735927   -0.002995   -0.039659    0.000000       -1.398483        1.000000   11.786868    3.886031    0.461066    5.927360
    0.500000    0.736037   -0.000849   -0.034100    0.000000       -1.392726        1.000000   12.055613    3.984922    0.461066    5.927360
    0.509804    0.736032    0.000961   -0.028174    0.000000       -1.386809        1.000000   12.324357    4.083827    0.461066    5.927360
    0.519608    0.735932    0.002426   -0.022246    0.000000       -1.381063        1.000000   12.593063    4.182717    0.461066    5.927360
    0.529412    0.735757    0.003553   -0.016617    0.000000       -1.375753        1.000000   12.861706    4.281570    0.461066    5.927360
    0.539216    0.735525    0.004367   -0.011523    0.000000       -1.371082        1.000000   13.130265    4.380367    0.461066    5.927360
    0.549020    0.735255    0.004906   -0.007140    0.000000       -1.367196        1.000000   13.398724    4.479096    0.461066    5.927360
    0.558824    0.734960    0.005213   -0.003587    0.000000       -1.364188        1.000000   13.667076    4.577748    0.461066    5.927360
    0.568627    0.734652    0.005340   -0.000938    0.000000       -1.362106        1.000000   13.935316    4.676320    0.461066    5.927360
    0.578431    0.734342    0.005340    0.000775    0.000000       -1.360969        1.000000   14.203442    4.774808    0.461066    5.927360
    0.588235    0.734033    0.005268    0.001546    0.000000       -1.360772        1.000000   14.471455    4.873213    0.461066    5.927360
    0.598039    0.733730    0.005179    0.001387    0.000000       -1.361495        1.000000   14.739358    4.971537    0.461066    5.927360
    0.607843    0.733431    0.005125    0.000319    0.000000       -1.363118        1.000000   15.007151    5.069779    0.461066    5.927360
    0.617647    0.733132    0.005159   -0.001636    0.000000       -1.365628        1.000000   15.274836    5.167942    0.461066    5.927360
    0.627451    0.732828    0.005332   -0.004468    0.000000       -1.369025        1.000000   15.542409    5.266024    0.461066    5.927360
    0.637255    0.732509    0.005695   -0.008183    0.000000       -1.373332        1.000000   15.809866    5.364023    0.461066    5.927360
    0.647059    0.732162    0.006301   -0.012816    0.000000       -1.378607        1.000000   16.077196    5.461933    0.461066    5.927360
    0.656863    0.731771    0.007204   -0.018432    0.000000       -1.384945        1.000000   16.344384    5.559744    0.461066    5.927360
    0.666667    0.731318    0.008464   -0.025140    0.000000       -1.392487        1.000000   16.611406    5.657442    0.461066    5.927360
    0.676471    0.730779    0.010150   -0.033098    0.000000       -1.401430        1.000000   16.878231    5.755007    0.461066    5.927360
    0.686275    0.730128    0.012339   -0.042516    0.000000       -1.412034        1.000000   17.144819    5.852412    0.461066    5.927360
    0.696078    0.729333    0.015125   -0.053671    0.000000       -1.424629        1.000000   17.411116    5.949623    0.461066    5.927360
    0.705882    0.728357    0.018617   -0.066906    0.000000       -1.439621        1.000000   17.677057    6.046593    0.461066    5.927360
    0.715686    0.727154    0.022949   -0.082639    0.000000       -1.457502        1.000000   17.942559    6.143268    0.461066    5.927360
    0.725490    0.725671    0.028279   -0.101365    0.000000       -1.478850        1.000000   18.207519    6.239577    0.461066    5.927360
    0.735294    0.723844    0.034799   -0.123657    0.000000       -1.504333        1.000000   18.471812    6.335433    0.461066    5.927360
    0.745098    0.721600    0.042733   -0.150159    0.000000       -1.534704        1.000000   18.735286    6.430729    0.461066    5.927360
    0.754902    0.718847    0.052346   -0.181575    0.000000       -1.570786        1.000000   18.997754    6.525333    0.461066    5.927360
    0.764706    0.715480    0.063945   -0.218643    0.000000       -1.613449        1.000000   19.258994    6.619086    0.461066    5.927360
    0.774510    0.711375    0.077881   -0.262100    0.000000       -1.663567        1.000000   19.518734    6.711791    0.461066    5.927360
    0.784314    0.706386    0.094544   -0.312627    0.000000       -1.721962        1.000000   19.776653    6.803212    0.461066    5.927360
    0.794118    0.700343    0.114363   -0.370777    0.000000       -1.789321        1.000000   20.032365    6.893064    0.461066    5.927360
    0.803922    0.693055    0.137791   -0.436889    0.000000       -1.866101        1.000000   20.285417    6.981006    0.461066    5.927360
    0.813725    0.684303    0.165295   -0.510995    0.000000       -1.952418        1.000000   20.535272    7.066635    0.461066    5.927360
    0.823529    0.673847    0.197328   -0.592722    0.000000       -2.047939        1.000000   20.781310    7.149485    0.461066    5.927360
    0.833333    0.661428    0.234314   -0.681232    0.000000       -2.151799        1.000000   21.022814    7.229021    0.461066    5.927360
    0.843137    0.646770    0.276609   -0.775190    0.000000       -2.262560        1.000000   21.258966    7.304650    0.461066    5.927360
    0.852941    0.629595    0.324480   -0.872802    0.000000       -2.378241        1.000000   21.488846    7.375733    0.461066    5.927360
    0.862745    0.609627    0.378078   -0.971922    0.000000       -2.496420        1.000000   21.711436    7.441610    0.461066    5.927360
    0.872549    0.586612    0.437423   -1.070215    0.000000       -2.614414        1.000000   21.925622    7.501640    0.461066    5.927360
    0.882353    0.560328    0.502400   -1.165362    0.000000       -2.729500        1.000000   22.130212    7.555250    0.461066    5.927360
    0.892157    0.530599    0.572763   -1.255263    0.000000       -2.839146        1.000000   22.323946    7.601988    0.461066    5.927360
    0.901961    0.497314    0.648155   -1.338197    0.000000       -2.941207        1.000000   22.505528    7.641586    0.461066    5.927360
    0.911765    0.460433    0.728132   -1.412926    0.000000       -3.034048        1.000000   22.673643    7.674008    0.461066    5.927360
    0.921569    0.419998    0.812195   -1.478717    0.000000       -3.116596        1.000000   22.826995    7.699487    0.461066    5.927360
    0.931373    0.376135    0.899814   -1.535298    0.000000       -3.188308        1.000000   22.964331    7.718529    0.461066    5.927360
    0.941176    0.329056    0.990455   -1.582778    0.000000       -3.249089        1.000000   23.084478    7.731897    0.461066    5.927360
    0.950980    0.279051    1.083600   -1.621535    0.000000       -3.299183        1.000000   23.186366    7.740553    0.461066    5.927360
    0.960784    0.226489    1.178756   -1.652100    0.000000       -3.339045        1.000000   23.269063    7.745577    0.461066    5.927360
    0.970588    0.171800    1.275464   -1.675064    0.000000       -3.369232        1.000000   23.331791    7.748066    0.461066    5.927360
    0.980392    0.115467    1.373300   -1.690987    0.000000       -3.390299        1.000000   23.373951    7.749021    0.461066    5.927360
    0.990196    0.058017    1.471868   -1.700334    0.000000       -3.402722        1.000000   23.395134    7.749247    0.461066    5.927360
    1.000000    0.000000    1.570796   -1.703412    0.000000       -3.406824        1.000000   23.395134    7.749262    0.461066    5.927360
