           t           r         psi          cs          qs               p             sig           A           V          Q2           S
    0.000000    0.000000   -1.570796   -0.998879    0.000000       -1.997758        1.000000    0.000000   -0.000000    0.003357    4.909160
    0.009804    0.048110   -1.522721   -0.998879    0.000000       -1.997759        1.000000    0.000000    0.000004    0.003357    4.909160
    0.019608    0.096110   -1.474646   -0.998880    0.000000       -1.997760        1.000000    0.029064    0.000067    0.003357    4.909160
    0.029412    0.143887   -1.426571   -0.998882    0.000000       -1.997762        1.000000    0.072576    0.000339    0.003357    4.909160
    0.039216    0.191332   -1.378496   -0.998884    0.000000       -1.997765        1.000000    0.130435    0.001064    0.003357    4.909160
    0.049020    0.238334   -1.330420   -0.998888    0.000000       -1.997770        1.000000    0.202508    0.002581    0.003357    4.909160
    0.058824    0.284786   -1.282345   -0.998892    0.000000       -1.997775        1.000000    0.288629    0.005306    0.003357    4.909160
    0.068627    0.330580   -1.234269   -0.998897    0.000000       -1.997782        1.000000    0.388597    0.009732    0.003357    4.909160
    0.078431    0.375610   -1.186193   -0.998904    0.000000       -1.997791        1.000000    0.502183    0.016412    0.003357    4.909160
    0.088235    0.419772   -1.138116   -0.998913    0.000000       -1.997802        1.000000    0.629124    0.025947    0.003357    4.909160
    0.098039    0.462964   -1.090039   -0.998923    0.000000       -1.997815        1.000000    0.769125    0.038971    0.003357    4.909160
    0.107843    0.505086   -1.041962   -0.998937    0.000000       -1.997832        1.000000    0.921865    0.056141    0.003357    4.909160
    0.117647    0.546040   -0.993884   -0.998954    0.000000       -1.997852        1.000000    1.086990    0.078112    0.003357    4.909160
    0.127451    0.585733   -0.945805   -0.998975    0.000000       -1.997878        1.000000    1.264117    0.105531    0.003357    4.909160
    0.137255    0.624072   -0.897724   -0.999001    0.000000       -1.997910        1.000000    1.452839    0.139014    0.003357    4.909160
    0.147059    0.660969   -0.849643   -0.999036    0.000000       -1.997950        1.000000    1.652718    0.179134    0.003357    4.909160
    0.156863    0.696339   -0.801559   -0.999080    0.000000       -1.998001        1.000000    1.863294    0.226403    0.003357    4.909160
    0.166667    0.730098   -0.753473   -0.999138    0.000000       -1.998068        1.000000    2.084078    0.281262    0.003357    4.909160
    0.176471    0.762171   -0.705384   -0.999214    0.000000       -1.998154        1.000000    2.314561    0.344068    0.003357    4.909160
    0.186275    0.792481   -0.657290   -0.999316    0.000000       -1.998269        1.000000    2.554210    0.415078    0.003357    4.909160
    0.196078    0.820959   -0.609191   -0.999457    0.000000       -1.998425        1.000000    2.802471    0.494449    0.003357    4.909160
    0.205882    0.847539   -0.561083   -0.999654    0.000000       -1.998640        1.000000    3.058770    0.582222    0.003357    4.909160
    0.215686    0.872158   -0.512965   -0.999937    0.000000       -1.998945        1.000000    3.322513    0.678323    0.003357    4.909160
    0.225490    0.894760   -0.464829   -1.000356    0.000000       -1.999393        1.000000    3.593092    0.782558    0.003357    4.909160
    0.235294    0.915291   -0.416669   -1.001003    0.000000       -2.000075        1.000000    3.869879    0.894614    0.003357    4.909160
    0.245098    0.933702   -0.368468   -1.002046    0.000000       -2.001166        1.000000    4.152234    1.014061    0.003357    4.909160
    0.254902    0.949947   -0.320202   -1.003836    0.000000       -2.003019        1.000000    4.439501    1.140354    0.003357    4.909160
    0.264706    0.963986   -0.271817   -1.007157    0.000000       -2.006429        1.000000    4.731014    1.272846    0.003357    4.909160
    0.274510    0.975777   -0.223200   -1.014015    0.000000       -2.013417        1.000000    5.026093    1.410787    0.003357    4.909160
    0.284314    0.985277   -0.174062   -1.030500    0.000000       -2.030107        1.000000    5.324044    1.553342    0.003357    4.909160
    0.294118    0.992420   -0.123512   -1.079940    0.000000       -2.079902        1.000000    5.624155    1.699598    0.003357    4.909160
    0.303922    0.997056   -0.068021   -1.266089    0.000000       -2.266723        1.000000    5.925668    1.848565    0.003357    4.909160
    0.313725    0.998781   -0.005114   -0.988696    0.000000       -1.989903        1.000000    6.227703    1.999093    0.003357    4.909160
    0.323529    0.998474    0.008884    0.115947    0.000000       -0.885542        1.000000    6.529645    2.149891    0.003357    4.909160
    0.333333    0.998222    0.001580    0.126860    0.000000       -0.874919        1.000000    6.831511    2.300582    0.003357    4.909160
    0.343137    0.998247   -0.001686    0.013609    0.000000       -0.988145        1.000000    7.133385    2.451246    0.003357    4.909160
    0.352941    0.998319   -0.000962   -0.028822    0.000000       -1.030505        1.000000    7.435280    2.601930    0.003357    4.909160
    0.362745    0.998336    0.000111   -0.011908    0.000000       -1.013575        1.000000    7.737180    2.752628    0.003357    4.909160
    0.372549    0.998325    0.000248    0.003307    0.000000       -0.998372        1.000000    8.039077    2.903325    0.003357    4.909160
    0.382353    0.998318    0.000043    0.003601    0.000000       -0.998084        1.000000    8.340972    3.054020    0.003357    4.909160
    0.392157    0.998318   -0.000045    0.000255    0.000000       -1.001429        1.000000    8.642867    3.204713    0.003357    4.909160
    0.401961    0.998320   -0.000023   -0.000759    0.000000       -1.002442        1.000000    8.944763    3.355407    0.003357    4.909160
    0.411765    0.998320    0.000004   -0.000273    0.000000       -1.001955        1.000000    9.246658    3.506101    0.003357    4.909160
    0.421569    0.998320    0.000006    0.000098    0.000000       -1.001585        1.000000    9.548554    3.656796    0.003357    4.909160
    0.431373    0.998320    0.000001    0.000090    0.000000       -1.001593        1.000000    9.850449    3.807490    0.003357    4.909160
    0.441176    0.998320   -0.000001    0.000003    0.000000       -1.001680        1.000000   10.152345    3.958184    0.003357    4.909160
    0.450980    0.998320   -0.000001   -0.000020    0.000000       -1.001703        1.000000   10.454240    4.108878    0.003357    4.909160
    0.460784    0.998320    0.000000   -0.000006    0.000000       -1.001689        1.000000   10.756136    4.259572    0.003357    4.909160
    0.470588    0.998320    0.000000    0.000003    0.000000       -1.001680        1.000000   11.058031    4.410266    0.003357    4.909160
    0.480392    0.998320    0.000000    0.000002    0.000000       -1.001681        1.000000   11.359927    4.560961    0.003357    4.909160
    0.490196    0.998320   -0.000000   -0.000000    0.000000       -1.001683        1.000000   11.661822    4.711655    0.003357    4.909160
    0.500000    0.998320   -0.000000   -0.000001    0.000000       -1.001683        1.000000   11.963718    4.862349    0.003357    4.909160
    0.509804    0.998320    0.000000   -0.000000    0.000000       -1.001683        1.000000   12.265613    5.013043    0.003357    4.909160
    0.519608    0.998320    0.000000    0.000000    0.000000       -1.001683        1.000000   12.567509    5.163737    0.003357    4.909160
    0.529412    0.998320    0.000000    0.000000    0.000000       -1.001683        1.000000   12.869404    5.314431    0.003357    4.909160
    0.539216    0.998320   -0.000000   -0.000000    0.000000       -1.001683        1.000000   13.171300    5.465126    0.003357    4.909160
    0.549020    0.998320   -0.000000   -0.000000    0.000000       -1.001683        1.000000   13.473195    5.615820    0.003357    4.909160
    0.558824    0.998320    0.000000   -0.000000    0.000000       -1.001683        1.000000   13.775091    5.766514    0.003357    4.909160
    0.568627    0.998320    0.000000   -0.000000    0.000000       -1.001683        1.000000   14.076986    5.917208    0.003357    4.909160
    0.578431    0.998320    0.000000   -0.000000    0.000000       -1.001683        1.000000   14.378882    6.067902    0.003357    4.909160
    0.588235    0.998320    0.000000   -0.000001    0.000000       -1.001684        1.000000   14.680777    6.218596    0.003357    4.909160
    0.598039    0.998320    0.000000   -0.000005    0.000000       -1.001688        1.000000   14.982673    6.369291    0.003357    4.909160
    0.607843    0.998320    0.000001   -0.000021    0.000000       -1.001704        1.000000   15.284568    6.519985    0.003357    4.909160
    0.617647    0.998320    0.000003   -0.000093    0.000000       -1.001776        1.000000   15.586464    6.670679    0.003357    4.909160
    0.627451    0.998320    0.000013   -0.000403    0.000000       -1.002087        1.000000   15.888359    6.821373    0.003357    4.909160
    0.637255    0.998318    0.000057   -0.001750    0.000000       -1.003435        1.000000   16.190254    6.972067    0.003357    4.909160
    0.647059    0.998312    0.000249   -0.007558    0.000000       -1.009249        1.000000   16.492147    7.122760    0.003357    4.909160
    0.656863    0.998285    0.001066   -0.031959    0.000000       -1.033677        1.000000   16.794032    7.273448    0.003357    4.909160
    0.666667    0.998171    0.004378   -0.124345    0.000000       -1.126168        1.000000   17.095883    7.424118    0.003357    4.909160
    0.676471    0.997738    0.015618   -0.372047    0.000000       -1.374191        1.000000   17.397602    7.574709    0.003357    4.909160
    0.686275    0.996427    0.041497   -0.693037    0.000000       -1.695759        1.000000   17.698925    7.725001    0.003357    4.909160
    0.696078    0.993541    0.079972   -0.879579    0.000000       -1.882862        1.000000   17.999375    7.874458    0.003357    4.909160
    0.705882    0.988647    0.124337   -0.952185    0.000000       -1.955860        1.000000   18.298346    8.022250    0.003357    4.909160
    0.715686    0.981574    0.170930   -0.979818    0.000000       -1.983744        1.000000   18.595177    8.167432    0.003357    4.909160
    0.725490    0.972267    0.218406   -0.991492    0.000000       -1.995583        1.000000   18.889194    8.309054    0.003357    4.909160
    0.735294    0.960719    0.266274   -0.997021    0.000000       -2.001226        1.000000   19.179719    8.446211    0.003357    4.909160
    0.745098    0.946944    0.314336   -0.999906    0.000000       -2.004192        1.000000   19.466078    8.578064    0.003357    4.909160
    0.754902    0.930967    0.362503   -1.001534    0.000000       -2.005879        1.000000   19.747606    8.703854    0.003357    4.909160
    0.764706    0.912822    0.410731   -1.002511    0.000000       -2.006901        1.000000   20.023646    8.822920    0.003357    4.909160
    0.774510    0.892548    0.458997   -1.003129    0.000000       -2.007554        1.000000   20.293556    8.934705    0.003357    4.909160
    0.784314    0.870191    0.507287   -1.003535    0.000000       -2.007987        1.000000   20.556705    9.038764    0.003357    4.909160
    0.794118    0.845803    0.555593   -1.003811    0.000000       -2.008286        1.000000   20.812479    9.134768    0.003357    4.909160
    0.803922    0.819440    0.603911   -1.004005    0.000000       -2.008498        1.000000   21.060280    9.222509    0.003357    4.909160
    0.813725    0.791162    0.652236   -1.004144    0.000000       -2.008652        1.000000   21.299530    9.301900    0.003357    4.909160
    0.823529    0.761037    0.700567   -1.004246    0.000000       -2.008766        1.000000   21.529671    9.372969    0.003357    4.909160
    0.833333    0.729134    0.748902   -1.004322    0.000000       -2.008853        1.000000   21.750163    9.435860    0.003357    4.909160
    0.843137    0.695527    0.797241   -1.004380    0.000000       -2.008919        1.000000   21.960493    9.490822    0.003357    4.909160
    0.852941    0.660294    0.845582   -1.004424    0.000000       -2.008970        1.000000   22.160168    9.538201    0.003357    4.909160
    0.862745    0.623519    0.893924   -1.004458    0.000000       -2.009011        1.000000   22.348723    9.578432    0.003357    4.909160
    0.872549    0.585287    0.942269   -1.004485    0.000000       -2.009043        1.000000   22.525716    9.612021    0.003357    4.909160
    0.882353    0.545687    0.990614   -1.004507    0.000000       -2.009068        1.000000   22.690733    9.639537    0.003357    4.909160
    0.892157    0.504812    1.038960   -1.004523    0.000000       -2.009089        1.000000   22.843390    9.661594    0.003357    4.909160
    0.901961    0.462757    1.087307   -1.004537    0.000000       -2.009106        1.000000   22.983329    9.678835    0.003357    4.909160
    0.911765    0.419620    1.135655   -1.004548    0.000000       -2.009119        1.000000   23.110224    9.691917    0.003357    4.909160
    0.921569    0.375503    1.184003   -1.004556    0.000000       -2.009130        1.000000   23.223777    9.701497    0.003357    4.909160
    0.931373    0.330508    1.232352   -1.004563    0.000000       -2.009139        1.000000   23.323724    9.708210    0.003357    4.909160
    0.941176    0.284741    1.280700   -1.004568    0.000000       -2.009146        1.000000   23.409831    9.712658    0.003357    4.909160
    0.950980    0.238308    1.329049   -1.004573    0.000000       -2.009151        1.000000   23.481896    9.715398    0.003357    4.909160
    0.960784    0.191318    1.377399   -1.004576    0.000000       -2.009155        1.000000   23.539751    9.716923    0.003357    4.909160
    0.970588    0.143881    1.425748   -1.004578    0.000000       -2.009159        1.000000   23.583262    9.717653    0.003357    4.909160
    0.980392    0.096108    1.474097   -1.004580    0.000000       -2.009161        1.000000   23.612325    9.717926    0.003357    4.909160
    0.990196    0.048110    1.522447   -1.004581    0.000000       -2.009162        1.000000   23.626874    9.717989    0.003357    4.909160
    1.000000    0.000000    1.570796   -1.004581    0.000000       -2.009162        1.000000   23.626874    9.717993    0.003357    4.909160
