           t           r         psi          cs          qs               p             sig           A           V          Q2           S
    0.000000    0.000000   -1.570796   -0.991006    0.000000       -1.982013        1.000000    0.000000    0.000000    0.086365    5.123046
    0.009804    0.050205   -1.521021   -0.991059    0.000000       -1.982082        1.000000    0.000000    0.000005    0.086365    5.123046
    0.019608    0.100286   -1.471241   -0.991218    0.000000       -1.982294        1.000000    0.031648    0.000079    0.086365    5.123046
    0.029412    0.150118   -1.421450   -0.991492    0.000000       -1.982657        1.000000    0.079022    0.000398    0.086365    5.123046
    0.039216    0.199579   -1.371642   -0.991892    0.000000       -1.983185        1.000000    0.142005    0.001252    0.086365    5.123046
    0.049020    0.248544   -1.321810   -0.992437    0.000000       -1.983899        1.000000    0.220440    0.003033    0.086365    5.123046
    0.058824    0.296892   -1.271947   -0.993151    0.000000       -1.984828        1.000000    0.314133    0.006234    0.086365    5.123046
    0.068627    0.344503   -1.222042   -0.994068    0.000000       -1.986008        1.000000    0.422851    0.011427    0.086365    5.123046
    0.078431    0.391258   -1.172086   -0.995228    0.000000       -1.987490        1.000000    0.546324    0.019257    0.086365    5.123046
    0.088235    0.437037   -1.122065   -0.996690    0.000000       -1.989335        1.000000    0.684244    0.030422    0.086365    5.123046
    0.098039    0.481726   -1.071961   -0.998525    0.000000       -1.991628        1.000000    0.836266    0.045655    0.086365    5.123046
    0.107843    0.525210   -1.021753   -1.000832    0.000000       -1.994474        1.000000    1.002012    0.065709    0.086365    5.123046
    0.117647    0.567377   -0.971415   -1.003737    0.000000       -1.998017        1.000000    1.181064    0.091333    0.086365    5.123046
    0.127451    0.608115   -0.920913   -1.007413    0.000000       -2.002444        1.000000    1.372972    0.123257    0.086365    5.123046
    0.137255    0.647316   -0.870202   -1.012092    0.000000       -2.008008        1.000000    1.577251    0.162170    0.086365    5.123046
    0.147059    0.684871   -0.819225   -1.018093    0.000000       -2.015052        1.000000    1.793382    0.208702    0.086365    5.123046
    0.156863    0.720672   -0.767903   -1.025853    0.000000       -2.024045        1.000000    2.020811    0.263407    0.086365    5.123046
    0.166667    0.754611   -0.716136   -1.035986    0.000000       -2.035637        1.000000    2.258950    0.326744    0.086365    5.123046
    0.176471    0.786579   -0.663783   -1.049352    0.000000       -2.050736        1.000000    2.507178    0.399062    0.086365    5.123046
    0.186275    0.816461   -0.610652   -1.067169    0.000000       -2.070615        1.000000    2.764835    0.480590    0.086365    5.123046
    0.196078    0.844136   -0.556481   -1.091141    0.000000       -2.097044        1.000000    3.031227    0.571417    0.086365    5.123046
    0.205882    0.869473   -0.500904   -1.123599    0.000000       -2.132428        1.000000    3.305614    0.671487    0.086365    5.123046
    0.215686    0.892321   -0.443422   -1.167483    0.000000       -2.179773        1.000000    3.587212    0.780579    0.086365    5.123046
    0.225490    0.912507   -0.383386   -1.225702    0.000000       -2.242026        1.000000    3.875180    0.898297    0.086365    5.123046
    0.235294    0.929822   -0.320049   -1.298483    0.000000       -2.319346        1.000000    4.168612    1.024037    0.086365    5.123046
    0.245098    0.944026   -0.252863   -1.375669    0.000000       -2.401276        1.000000    4.466527    1.156953    0.086365    5.123046
    0.254902    0.954878   -0.182366   -1.421251    0.000000       -2.451139        1.000000    4.767866    1.295894    0.086365    5.123046
    0.264706    0.962226   -0.111825   -1.363507    0.000000       -2.396273        1.000000    5.071524    1.439374    0.086365    5.123046
    0.274510    0.966194   -0.048249   -1.139536    0.000000       -2.173321        1.000000    5.376435    1.585669    0.086365    5.123046
    0.284314    0.967319    0.000454   -0.788217    0.000000       -1.822002        1.000000    5.681700    1.733152    0.086365    5.123046
    0.294118    0.966457    0.030897   -0.433130    0.000000       -1.467343        1.000000    5.986694    1.880677    0.086365    5.123046
    0.303922    0.964484    0.045399   -0.161061    0.000000       -1.196816        1.000000    6.291065    2.027661    0.086365    5.123046
    0.313725    0.962085    0.048710    0.014429    0.000000       -1.023747        1.000000    6.594678    2.173914    0.086365    5.123046
    0.323529    0.959706    0.045220    0.114031    0.000000       -0.926889        1.000000    6.897541    2.319436    0.086365    5.123046
    0.333333    0.957604    0.038116    0.161985    0.000000       -0.881529        1.000000    7.199741    2.464311    0.086365    5.123046
    0.343137    0.955903    0.029501    0.176730    0.000000       -0.868946        1.000000    7.501404    2.608654    0.086365    5.123046
    0.352941    0.954644    0.020709    0.170716    0.000000       -0.876570        1.000000    7.802669    2.752587    0.086365    5.123046
    0.362745    0.953812    0.012561    0.152160    0.000000       -0.896182        1.000000    8.103672    2.896232    0.086365    5.123046
    0.372549    0.953363    0.005540    0.126595    0.000000       -0.922308        1.000000    8.404534    3.039700    0.086365    5.123046
    0.382353    0.953233   -0.000104    0.097895    0.000000       -0.951167        1.000000    8.705354    3.183088    0.086365    5.123046
    0.392157    0.953349   -0.004289    0.068890    0.000000       -0.980034        1.000000    9.006211    3.326475    0.086365    5.123046
    0.401961    0.953640   -0.007055    0.041687    0.000000       -1.006901        1.000000    9.307159    3.469924    0.086365    5.123046
    0.411765    0.954036   -0.008533    0.017830    0.000000       -1.030310        1.000000    9.608233    3.613475    0.086365    5.123046
    0.421569    0.954478   -0.008919   -0.001642    0.000000       -1.049293        1.000000    9.909446    3.757154    0.086365    5.123046
    0.431373    0.954918   -0.008450   -0.016186    0.000000       -1.063359        1.000000   10.210798    3.900966    0.086365    5.123046
    0.441176    0.955317   -0.007377   -0.025736    0.000000       -1.072480        1.000000   10.512276    4.044906    0.086365    5.123046
    0.450980    0.955653   -0.005943   -0.030652    0.000000       -1.077039        1.000000   10.813860    4.188958    0.086365    5.123046
    0.460784    0.955912   -0.004364   -0.031635    0.000000       -1.077747        1.000000   11.115525    4.333102    0.086365    5.123046
    0.470588    0.956092   -0.002816   -0.029598    0.000000       -1.075519        1.000000   11.417248    4.477313    0.086365    5.123046
    0.480392    0.956197   -0.001425   -0.025533    0.000000       -1.071341        1.000000   11.719003    4.621568    0.086365    5.123046
    0.490196    0.956239   -0.000269   -0.020391    0.000000       -1.066155        1.000000   12.020772    4.765844    0.086365    5.123046
    0.500000    0.956229    0.000619   -0.014988    0.000000       -1.060763        1.000000   12.322538    4.910125    0.086365    5.123046
    0.509804    0.956181    0.001243   -0.009964    0.000000       -1.055790        1.000000   12.624288    5.054397    0.086365    5.123046
    0.519608    0.956108    0.001634   -0.005766    0.000000       -1.051672        1.000000   12.926016    5.198651    0.086365    5.123046
    0.529412    0.956020    0.001841   -0.002672    0.000000       -1.048674        1.000000   13.227716    5.342880    0.086365    5.123046
    0.539216    0.955925    0.001923   -0.000822    0.000000       -1.046927        1.000000   13.529385    5.487081    0.086365    5.123046
    0.549020    0.955828    0.001945   -0.000264    0.000000       -1.046476        1.000000   13.831024    5.631252    0.086365    5.123046
    0.558824    0.955730    0.001971   -0.001001    0.000000       -1.047321        1.000000   14.132633    5.775395    0.086365    5.123046
    0.568627    0.955629    0.002067   -0.003036    0.000000       -1.049466        1.000000   14.434209    5.919507    0.086365    5.123046
    0.578431    0.955520    0.002299   -0.006411    0.000000       -1.052959        1.000000   14.735751    6.063588    0.086365    5.123046
    0.588235    0.955394    0.002736   -0.011248    0.000000       -1.057933        1.000000   15.037253    6.207634    0.086365    5.123046
    0.598039    0.955240    0.003457   -0.017788    0.000000       -1.064639        1.000000   15.338706    6.351638    0.086365    5.123046
    0.607843    0.955041    0.004558   -0.026425    0.000000       -1.073490        1.000000   15.640097    6.495588    0.086365    5.123046
    0.617647    0.954774    0.006156   -0.037742    0.000000       -1.085091        1.000000   15.941404    6.639468    0.086365    5.123046
    0.627451    0.954411    0.008407   -0.052542    0.000000       -1.100271        1.000000   16.242596    6.783253    0.086365    5.123046
    0.637255    0.953915    0.011510   -0.071857    0.000000       -1.120099        1.000000   16.543631    6.926905    0.086365    5.123046
    0.647059    0.953237    0.015722   -0.096936    0.000000       -1.145864        1.000000   16.844453    7.070376    0.086365    5.123046
    0.656863    0.952312    0.021367   -0.129174    0.000000       -1.179010        1.000000   17.144982    7.213597    0.086365    5.123046
    0.666667    0.951060    0.028841   -0.169954    0.000000       -1.220976        1.000000   17.445117    7.356473    0.086365    5.123046
    0.676471    0.949377    0.038601   -0.220393    0.000000       -1.272930        1.000000   17.744720    7.498875    0.086365    5.123046
    0.686275    0.947137    0.051150   -0.280975    0.000000       -1.335408        1.000000   18.043616    7.640631    0.086365    5.123046
    0.696078    0.944186    0.066987   -0.351176    0.000000       -1.407913        1.000000   18.341582    7.781513    0.086365    5.123046
    0.705882    0.940351    0.086558   -0.429196    0.000000       -1.488648        1.000000   18.638337    7.921223    0.086365    5.123046
    0.715686    0.935435    0.110181   -0.511993    0.000000       -1.574532        1.000000   18.933540    8.059382    0.086365    5.123046
    0.725490    0.929236    0.138004   -0.595707    0.000000       -1.661628        1.000000   19.226788    8.195522    0.086365    5.123046
    0.735294    0.921550    0.169970   -0.676372    0.000000       -1.745863        1.000000   19.517609    8.329087    0.086365    5.123046
    0.745098    0.912183    0.205839   -0.750666    0.000000       -1.823794        1.000000   19.805475    8.459443    0.086365    5.123046
    0.754902    0.900966    0.245232   -0.816401    0.000000       -1.893113        1.000000   20.089801    8.585891    0.086365    5.123046
    0.764706    0.887753    0.287689   -0.872634    0.000000       -1.952780        1.000000   20.369957    8.707700    0.086365    5.123046
    0.774510    0.872431    0.332732   -0.919465    0.000000       -2.002821        1.000000   20.645278    8.824137    0.086365    5.123046
    0.784314    0.854920    0.379906   -0.957685    0.000000       -2.043984        1.000000   20.915073    8.934498    0.086365    5.123046
    0.794118    0.835168    0.428808   -0.988435    0.000000       -2.077392        1.000000   21.178634    9.038144    0.086365    5.123046
    0.803922    0.813150    0.479092   -1.012945    0.000000       -2.104274        1.000000   21.435247    9.134521    0.086365    5.123046
    0.813725    0.788866    0.530475   -1.032376    0.000000       -2.125802        1.000000   21.684197    9.223189    0.086365    5.123046
    0.823529    0.762337    0.582728   -1.047742    0.000000       -2.143011        1.000000   21.924775    9.303837    0.086365    5.123046
    0.833333    0.733603    0.635669   -1.059892    0.000000       -2.156773        1.000000   22.156284    9.376289    0.086365    5.123046
    0.843137    0.702718    0.689154   -1.069511    0.000000       -2.167795        1.000000   22.378047    9.440513    0.086365    5.123046
    0.852941    0.669752    0.743070   -1.077142    0.000000       -2.176646        1.000000   22.589407    9.496621    0.086365    5.123046
    0.862745    0.634786    0.797329   -1.083214    0.000000       -2.183774        1.000000   22.789732    9.544861    0.086365    5.123046
    0.872549    0.597912    0.851861   -1.088058    0.000000       -2.189531        1.000000   22.978420    9.585605    0.086365    5.123046
    0.882353    0.559231    0.906610   -1.091933    0.000000       -2.194194        1.000000   23.154902    9.619341    0.086365    5.123046
    0.892157    0.518852    0.961535   -1.095039    0.000000       -2.197978        1.000000   23.318641    9.646649    0.086365    5.123046
    0.901961    0.476893    1.016599   -1.097533    0.000000       -2.201053        1.000000   23.469138    9.668187    0.086365    5.123046
    0.911765    0.433478    1.071776   -1.099535    0.000000       -2.203550        1.000000   23.605935    9.684662    0.086365    5.123046
    0.921569    0.388735    1.127043   -1.101140    0.000000       -2.205574        1.000000   23.728611    9.696813    0.086365    5.123046
    0.931373    0.342801    1.182382   -1.102421    0.000000       -2.207207        1.000000   23.836792    9.705383    0.086365    5.123046
    0.941176    0.295813    1.237778   -1.103435    0.000000       -2.208513        1.000000   23.930144    9.711094    0.086365    5.123046
    0.950980    0.247916    1.293220   -1.104229    0.000000       -2.209544        1.000000   24.008381    9.714628    0.086365    5.123046
    0.960784    0.199256    1.348697   -1.104835    0.000000       -2.210338        1.000000   24.071262    9.716602    0.086365    5.123046
    0.970588    0.149982    1.404200   -1.105281    0.000000       -2.210926        1.000000   24.118593    9.717550    0.086365    5.123046
    0.980392    0.100245    1.459722   -1.105586    0.000000       -2.211330        1.000000   24.150229    9.717905    0.086365    5.123046
    0.990196    0.050200    1.515256   -1.105764    0.000000       -2.211567        1.000000   24.166071    9.717988    0.086365    5.123046
    1.000000    0.000000    1.570796   -1.105822    0.000000       -2.211645        1.000000   24.166071    9.717993    0.086365    5.123046
