           t           r         psi          cs          qs               p             sig           A           V          Q2           S
    0.000000   -0.000000   -1.570796   -2.532874    0.000000       -5.065747        1.000000    0.000000    0.000000    0.930613   45.051700
    0.009804    0.301384   -0.060810   -2.744011    0.000000       -6.055905        1.000000    0.000000    0.049610    0.930613   45.051700
    0.019608    0.254672    0.022303    0.637548    0.000000       -3.288101        1.000000    0.706759    0.156503    0.930613   45.051700
    0.029412    0.265192   -0.007869   -0.154139    0.000000       -3.924873        1.000000    1.442715    0.249897    0.930613   45.051700
    0.039216    0.263057    0.002379    0.036076    0.000000       -3.765377        1.000000    2.172743    0.346876    0.930613   45.051700
    0.049020    0.263482   -0.000678   -0.008349    0.000000       -3.803668        1.000000    2.903954    0.442988    0.930613   45.051700
    0.058824    0.263402    0.000185    0.001898    0.000000       -3.794575        1.000000    3.634943    0.539308    0.930613   45.051700
    0.068627    0.263416   -0.000049   -0.000424    0.000000       -3.796698        1.000000    4.365970    0.635580    0.930613   45.051700
    0.078431    0.263414    0.000013    0.000093    0.000000       -3.796210        1.000000    5.096991    0.731863    0.930613   45.051700
    0.088235    0.263414   -0.000003   -0.000020    0.000000       -3.796320        1.000000    5.828013    0.828143    0.930613   45.051700
    0.098039    0.263414    0.000001    0.000004    0.000000       -3.796296        1.000000    6.559035    0.924424    0.930613   45.051700
    0.107843    0.263414   -0.000000   -0.000001    0.000000       -3.796301        1.000000    7.290056    1.020705    0.930613   45.051700
    0.117647    0.263414    0.000000    0.000000    0.000000       -3.796300        1.000000    8.021078    1.116986    0.930613   45.051700
    0.127451    0.263414   -0.000000   -0.000000    0.000000       -3.796300        1.000000    8.752100    1.213267    0.930613   45.051700
    0.137255    0.263414    0.000000    0.000000    0.000000       -3.796300        1.000000    9.483122    1.309547    0.930613   45.051700
    0.147059    0.263414   -0.000000   -0.000000    0.000000       -3.796300        1.000000   10.214144    1.405828    0.930613   45.051700
    0.156863    0.263414    0.000000   -0.000000    0.000000       -3.796300        1.000000   10.945166    1.502109    0.930613   45.051700
    0.166667    0.263414   -0.000000    0.000000    0.000000       -3.796300        1.000000   11.676188    1.598390    0.930613   45.051700
    0.176471    0.263414    0.000000   -0.000000    0.000000       -3.796300        1.000000   12.407209    1.694671    0.930613   45.051700
    0.186275    0.263414   -0.000000    0.000000    0.000000       -3.796300        1.000000   13.138231    1.790952    0.930613   45.051700
    0.196078    0.263414    0.000000   -0.000000    0.000000       -3.796300        1.000000   13.869253    1.887233    0.930613   45.051700
    0.205882    0.263414   -0.000000    0.000000    0.000000       -3.796300        1.000000   14.600275    1.983513    0.930613   45.051700
    0.215686    0.263414    0.000000   -0.000000    0.000000       -3.796300        1.000000   15.331297    2.079794    0.930613   45.051700
    0.225490    0.263414   -0.000000    0.000000    0.000000       -3.796300        1.000000   16.062319    2.176075    0.930613   45.051700
    0.235294    0.263414   -0.000000   -0.000000    0.000000       -3.796300        1.000000   16.793341    2.272356    0.930613   45.051700
    0.245098    0.263414    0.000000    0.000000    0.000000       -3.796300        1.000000   17.524363    2.368637    0.930613   45.051700
    0.254902    0.263414    0.000000    0.000000    0.000000       -3.796300        1.000000   18.255384    2.464918    0.930613   45.051700
    0.264706    0.263414    0.000000   -0.000000    0.000000       -3.796300        1.000000   18.986406    2.561198    0.930613   45.051700
    0.274510    0.263414   -0.000000    0.000000    0.000000       -3.796300        1.000000   19.717428    2.657479    0.930613   45.051700
    0.284314    0.263414    0.000000   -0.000000    0.000000       -3.796300        1.000000   20.448450    2.753760    0.930613   45.051700
    0.294118    0.263414   -0.000000    0.000000    0.000000       -3.796300        1.000000   21.179472    2.850041    0.930613   45.051700
    0.303922    0.263414    0.000000   -0.000000    0.000000       -3.796300        1.000000   21.910494    2.946322    0.930613   45.051700
    0.313725    0.263414    0.000000    0.000000    0.000000       -3.796300        1.000000   22.641516    3.042603    0.930613   45.051700
    0.323529    0.263414    0.000000   -0.000000    0.000000       -3.796300        1.000000   23.372537    3.138883    0.930613   45.051700
    0.333333    0.263414   -0.000000    0.000000    0.000000       -3.796300        1.000000   24.103559    3.235164    0.930613   45.051700
    0.343137    0.263414   -0.000000   -0.000000    0.000000       -3.796300        1.000000   24.834581    3.331445    0.930613   45.051700
    0.352941    0.263414    0.000000   -0.000000    0.000000       -3.796300        1.000000   25.565603    3.427726    0.930613   45.051700
    0.362745    0.263414   -0.000000   -0.000000    0.000000       -3.796300        1.000000   26.296625    3.524007    0.930613   45.051700
    0.372549    0.263414   -0.000000   -0.000000    0.000000       -3.796300        1.000000   27.027647    3.620288    0.930613   45.051700
    0.382353    0.263414    0.000000    0.000000    0.000000       -3.796300        1.000000   27.758669    3.716568    0.930613   45.051700
    0.392157    0.263414   -0.000000   -0.000000    0.000000       -3.796300        1.000000   28.489690    3.812849    0.930613   45.051700
    0.401961    0.263414    0.000000    0.000000    0.000000       -3.796300        1.000000   29.220712    3.909130    0.930613   45.051700
    0.411765    0.263414    0.000000   -0.000000    0.000000       -3.796300        1.000000   29.951734    4.005411    0.930613   45.051700
    0.421569    0.263414   -0.000000    0.000000    0.000000       -3.796300        1.000000   30.682756    4.101692    0.930613   45.051700
    0.431373    0.263414    0.000000   -0.000000    0.000000       -3.796300        1.000000   31.413778    4.197973    0.930613   45.051700
    0.441176    0.263414   -0.000000   -0.000000    0.000000       -3.796300        1.000000   32.144800    4.294253    0.930613   45.051700
    0.450980    0.263414    0.000000    0.000000    0.000000       -3.796300        1.000000   32.875822    4.390534    0.930613   45.051700
    0.460784    0.263414    0.000000   -0.000000    0.000000       -3.796300        1.000000   33.606843    4.486815    0.930613   45.051700
    0.470588    0.263414    0.000000    0.000000    0.000000       -3.796300        1.000000   34.337865    4.583096    0.930613   45.051700
    0.480392    0.263414    0.000000   -0.000000    0.000000       -3.796300        1.000000   35.068887    4.679377    0.930613   45.051700
    0.490196    0.263414   -0.000000    0.000000    0.000000       -3.796300        1.000000   35.799909    4.775658    0.930613   45.051700
    0.500000    0.263414    0.000000   -0.000000    0.000000       -3.796300        1.000000   36.530931    4.871938    0.930613   45.051700
    0.509804    0.263414    0.000000   -0.000000    0.000000       -3.796300        1.000000   37.261953    4.968219    0.930613   45.051700
    0.519608    0.263414   -0.000000    0.000000    0.000000       -3.796300        1.000000   37.992975    5.064500    0.930613   45.051700
    0.529412    0.263414   -0.000000   -0.000000    0.000000       -3.796300        1.000000   38.723996    5.160781    0.930613   45.051700
    0.539216    0.263414   -0.000000    0.000000    0.000000       -3.796300        1.000000   39.455018    5.257062    0.930613   45.051700
    0.549020    0.263414   -0.000000   -0.000000    0.000000       -3.796300        1.000000   40.186040    5.353343    0.930613   45.051700
    0.558824    0.263414   -0.000000    0.000000    0.000000       -3.796300        1.000000   40.917062    5.449623    0.930613   45.051700
    0.568627    0.263414   -0.000000   -0.000000    0.000000       -3.796300        1.000000   41.648084    5.545904    0.930613   45.051700
    0.578431    0.263414   -0.000000    0.000000    0.000000       -3.796300        1.000000   42.379106    5.642185    0.930613   45.051700
    0.588235    0.263414   -0.000000   -0.000000    0.000000       -3.796300        1.000000   43.110128    5.738466    0.930613   45.051700
    0.598039    0.263414   -0.000000    0.000000    0.000000       -3.796300        1.000000   43.841149    5.834747    0.930613   45.051700
    0.607843    0.263414   -0.000000   -0.000000    0.000000       -3.796300        1.000000   44.572171    5.931028    0.930613   45.051700
    0.617647    0.263414   -0.000000   -0.000000    0.000000       -3.796300        1.000000   45.303193    6.027308    0.930613   45.051700
    0.627451    0.263414   -0.000000   -0.000000    0.000000       -3.796300        1.000000   46.034215    6.123589    0.930613   45.051700
    0.637255    0.263414   -0.000000    0.000000    0.000000       -3.796300        1.000000   46.765237    6.219870    0.930613   45.051700
    0.647059    0.263414   -0.000000    0.000000    0.000000       -3.796300        1.000000   47.496259    6.316151    0.930613   45.051700
    0.656863    0.263414   -0.000000   -0.000000    0.000000       -3.796300        1.000000   48.227281    6.412432    0.930613   45.051700
    0.666667    0.263414   -0.000000   -0.000000    0.000000       -3.796300        1.000000   48.958303    6.508713    0.930613   45.051700
    0.676471    0.263414   -0.000000    0.000000    0.000000       -3.796300        1.000000   49.689324    6.604993    0.930613   45.051700
    0.686275    0.263414   -0.000000   -0.000000    0.000000       -3.796300        1.000000   50.420346    6.701274    0.930613   45.051700
    0.696078    0.263414   -0.000000   -0.000000    0.000000       -3.796300        1.000000   51.151368    6.797555    0.930613   45.051700
    0.705882    0.263414   -0.000000   -0.000000    0.000000       -3.796300        1.000000   51.882390    6.893836    0.930613   45.051700
    0.715686    0.263414   -0.000000    0.000000    0.000000       -3.796300        1.000000   52.613412    6.990117    0.930613   45.051700
    0.725490    0.263414   -0.000000   -0.000000    0.000000       -3.796300        1.000000   53.344434    7.086398    0.930613   45.051700
    0.735294    0.263414   -0.000000   -0.000000    0.000000       -3.796300        1.000000   54.075456    7.182678    0.930613   45.051700
    0.745098    0.263414   -0.000000    0.000000    0.000000       -3.796300        1.000000   54.806477    7.278959    0.930613   45.051700
    0.754902    0.263414   -0.000000   -0.000000    0.000000       -3.796300        1.000000   55.537499    7.375240    0.930613   45.051700
    0.764706    0.263414   -0.000000   -0.000000    0.000000       -3.796300        1.000000   56.268521    7.471521    0.930613   45.051700
    0.774510    0.263414   -0.000000    0.000000    0.000000       -3.796300        1.000000   56.999543    7.567802    0.930613   45.051700
    0.784314    0.263414   -0.000000   -0.000000    0.000000       -3.796300        1.000000   57.730565    7.664083    0.930613   45.051700
    0.794118    0.263414   -0.000000    0.000000    0.000000       -3.796300        1.000000   58.461587    7.760364    0.930613   45.051700
    0.803922    0.263414   -0.000000   -0.000000    0.000000       -3.796300        1.000000   59.192609    7.856644    0.930613   45.051700
    0.813725    0.263414   -0.000000   -0.000000    0.000000       -3.796300        1.000000   59.923630    7.952925    0.930613   45.051700
    0.823529    0.263414   -0.000000    0.000000    0.000000       -3.796300        1.000000   60.654652    8.049206    0.930613   45.051700
    0.833333    0.263414   -0.000000   -0.000000    0.000000       -3.796300        1.000000   61.385674    8.145487    0.930613   45.051700
    0.843137    0.263414   -0.000000   -0.000000    0.000000       -3.796300        1.000000   62.116696    8.241768    0.930613   45.051700
    0.852941    0.263414   -0.000000   -0.000000    0.000000       -3.796300        1.000000   62.847718    8.338049    0.930613   45.051700
    0.862745    0.263414   -0.000000   -0.000000    0.000000       -3.796300        1.000000   63.578740    8.434329    0.930613   45.051700
    0.872549    0.263414   -0.000000   -0.000000    0.000000       -3.796300        1.000000   64.309762    8.530610    0.930613   45.051700
    0.882353    0.263414    0.000000   -0.000000    0.000000       -3.796300        1.000000   65.040783    8.626891    0.930613   45.051700
    0.892157    0.263414    0.000000   -0.000000    0.000000       -3.796300        1.000000   65.771805    8.723172    0.930613   45.051700
    0.901961    0.263414    0.000000   -0.000000    0.000000       -3.796300        1.000000   66.502827    8.819453    0.930613   45.051700
    0.911765    0.263414    0.000000   -0.000000    0.000000       -3.796300        1.000000   67.233849    8.915734    0.930613   45.051700
    0.921569    0.263414    0.000000   -0.000000    0.000000       -3.796300        1.000000   67.964871    9.012014    0.930613   45.051700
    0.931373    0.263414    0.000000   -0.000000    0.000000       -3.796300        1.000000   68.695893    9.108295    0.930613   45.051700
    0.941176    0.263414    0.000000   -0.000000    0.000000       -3.796301        1.000000   69.426915    9.204576    0.930613   45.051700
    0.950980    0.263414    0.000001   -0.000009    0.000000       -3.796312        1.000000   70.157936    9.300857    0.930613   45.051700
    0.960784    0.263411    0.000024   -0.000157    0.000000       -3.796510        1.000000   70.888948    9.397137    0.930613   45.051700
    0.970588    0.263348    0.000434   -0.002844    0.000000       -3.800098        1.000000   71.619786    9.493402    0.930613   45.051700
    0.980392    0.262218    0.007833   -0.051261    0.000000       -3.864762        1.000000   72.347488    9.589397    0.930613   45.051700
    0.990196    0.242069    0.138288   -0.883197    0.000000       -4.974813        1.000000   73.019272    9.680518    0.930613   45.051700
    1.000000    0.000000    1.570796   -5.684639    0.000000      -11.369277        1.000000   73.019272    9.717993    0.930613   45.051700
