           t           r         psi          cs          qs               p             sig           A           V          Q2           S
    0.000000    0.000000   -1.570796   -0.999812    0.000000       -1.999624        1.000000    0.000000   -0.000000    0.006445    3.143892
    0.009804    0.030818   -1.539980   -0.999812    0.000000       -1.999625        1.000000    0.000000    0.000001    0.006445    3.143892
    0.019608    0.061606   -1.509163   -0.999813    0.000000       -1.999625        1.000000    0.011931    0.000011    0.006445    3.143892
    0.029412    0.092336   -1.478346   -0.999814    0.000000       -1.999627        1.000000    0.029813    0.000057    0.006445    3.143892
    0.039216    0.122978   -1.447529   -0.999816    0.000000       -1.999629        1.000000    0.053629    0.000181    0.006445    3.143892
    0.049020    0.153503   -1.416713   -0.999817    0.000000       -1.999631        1.000000    0.083357    0.000439    0.006445    3.143892
    0.058824    0.183883   -1.385896   -0.999820    0.000000       -1.999635        1.000000    0.118968    0.000908    0.006445    3.143892
    0.068627    0.214088   -1.355079   -0.999823    0.000000       -1.999639        1.000000    0.160429    0.001675    0.006445    3.143892
    0.078431    0.244090   -1.324262   -0.999826    0.000000       -1.999643        1.000000    0.207701    0.002845    0.006445    3.143892
    0.088235    0.273859   -1.293445   -0.999831    0.000000       -1.999649        1.000000    0.260737    0.004532    0.006445    3.143892
    0.098039    0.303369   -1.262627   -0.999836    0.000000       -1.999655        1.000000    0.319489    0.006866    0.006445    3.143892
    0.107843    0.332591   -1.231810   -0.999842    0.000000       -1.999663        1.000000    0.383899    0.009986    0.006445    3.143892
    0.117647    0.361497   -1.200992   -0.999848    0.000000       -1.999671        1.000000    0.453908    0.014041    0.006445    3.143892
    0.127451    0.390060   -1.170174   -0.999856    0.000000       -1.999681        1.000000    0.529448    0.019187    0.006445    3.143892
    0.137255    0.418252   -1.139356   -0.999865    0.000000       -1.999693        1.000000    0.610448    0.025588    0.006445    3.143892
    0.147059    0.446047   -1.108537   -0.999876    0.000000       -1.999706        1.000000    0.696831    0.033411    0.006445    3.143892
    0.156863    0.473418   -1.077719   -0.999888    0.000000       -1.999721        1.000000    0.788515    0.042829    0.006445    3.143892
    0.166667    0.500340   -1.046899   -0.999901    0.000000       -1.999738        1.000000    0.885413    0.054014    0.006445    3.143892
    0.176471    0.526787   -1.016080   -0.999917    0.000000       -1.999757        1.000000    0.987432    0.067140    0.006445    3.143892
    0.186275    0.552733   -0.985260   -0.999936    0.000000       -1.999780        1.000000    1.094476    0.082377    0.006445    3.143892
    0.196078    0.578154   -0.954439   -0.999957    0.000000       -1.999806        1.000000    1.206443    0.099893    0.006445    3.143892
    0.205882    0.603027   -0.923617   -0.999982    0.000000       -1.999836        1.000000    1.323227    0.119851    0.006445    3.143892
    0.215686    0.627326   -0.892795   -1.000011    0.000000       -1.999871        1.000000    1.444717    0.142405    0.006445    3.143892
    0.225490    0.651030   -0.861971   -1.000045    0.000000       -1.999911        1.000000    1.570798    0.167702    0.006445    3.143892
    0.235294    0.674115   -0.831147   -1.000085    0.000000       -1.999958        1.000000    1.701349    0.195879    0.006445    3.143892
    0.245098    0.696560   -0.800321   -1.000133    0.000000       -2.000012        1.000000    1.836248    0.227061    0.006445    3.143892
    0.254902    0.718343   -0.769494   -1.000189    0.000000       -2.000077        1.000000    1.975364    0.261358    0.006445    3.143892
    0.264706    0.739444   -0.738664   -1.000255    0.000000       -2.000153        1.000000    2.118567    0.298869    0.006445    3.143892
    0.274510    0.759842   -0.707833   -1.000335    0.000000       -2.000244        1.000000    2.265721    0.339675    0.006445    3.143892
    0.284314    0.779519   -0.676999   -1.000432    0.000000       -2.000352        1.000000    2.416685    0.383841    0.006445    3.143892
    0.294118    0.798454   -0.646161   -1.000549    0.000000       -2.000483        1.000000    2.571316    0.431414    0.006445    3.143892
    0.303922    0.816631   -0.615320   -1.000692    0.000000       -2.000641        1.000000    2.729468    0.482423    0.006445    3.143892
    0.313725    0.834031   -0.584473   -1.000870    0.000000       -2.000836        1.000000    2.890989    0.536877    0.006445    3.143892
    0.323529    0.850638   -0.553621   -1.001091    0.000000       -2.001077        1.000000    3.055727    0.594768    0.006445    3.143892
    0.333333    0.866437   -0.522760   -1.001370    0.000000       -2.001379        1.000000    3.223524    0.656064    0.006445    3.143892
    0.343137    0.881411   -0.491890   -1.001727    0.000000       -2.001761        1.000000    3.394221    0.720716    0.006445    3.143892
    0.352941    0.895547   -0.461008   -1.002188    0.000000       -2.002253        1.000000    3.567655    0.788654    0.006445    3.143892
    0.362745    0.908829   -0.430109   -1.002795    0.000000       -2.002895        1.000000    3.743662    0.859787    0.006445    3.143892
    0.372549    0.921246   -0.399189   -1.003607    0.000000       -2.003748        1.000000    3.922074    0.934005    0.006445    3.143892
    0.382353    0.932785   -0.368239   -1.004715    0.000000       -2.004906        1.000000    4.102720    1.011179    0.006445    3.143892
    0.392157    0.943433   -0.337248   -1.006264    0.000000       -2.006514        1.000000    4.285428    1.091161    0.006445    3.143892
    0.401961    0.953179   -0.306201   -1.008490    0.000000       -2.008812        1.000000    4.470024    1.173784    0.006445    3.143892
    0.411765    0.962011   -0.275069   -1.011790    0.000000       -2.012200        1.000000    4.656331    1.258865    0.006445    3.143892
    0.421569    0.969919   -0.243811   -1.016871    0.000000       -2.017393        1.000000    4.844168    1.346206    0.006445    3.143892
    0.431373    0.976888   -0.212353   -1.025048    0.000000       -2.025713        1.000000    5.033356    1.435590    0.006445    3.143892
    0.441176    0.982905   -0.180564   -1.038894    0.000000       -2.039746        1.000000    5.223708    1.526791    0.006445    3.143892
    0.450980    0.987951   -0.148200   -1.063635    0.000000       -2.064735        1.000000    5.415038    1.619564    0.006445    3.143892
    0.460784    0.991996   -0.114782   -1.109521    0.000000       -2.110957        1.000000    5.607151    1.713655    0.006445    3.143892
    0.470588    0.994990   -0.079447   -1.188940    0.000000       -2.190805        1.000000    5.799845    1.808791    0.006445    3.143892
    0.480392    0.996859   -0.041554   -1.252244    0.000000       -2.254529        1.000000    5.992900    1.904672    0.006445    3.143892
    0.490196    0.997562   -0.005129   -1.049529    0.000000       -2.051960        1.000000    6.186091    2.000952    0.006445    3.143892
    0.500000    0.997279    0.021921   -0.741666    0.000000       -1.744154        1.000000    6.379227    2.097291    0.006445    3.143892
    0.509804    0.996265    0.043727   -0.712080    0.000000       -1.714869        1.000000    6.572167    2.193455    0.006445    3.143892
    0.519608    0.994567    0.066963   -0.799615    0.000000       -1.802824        1.000000    6.764778    2.289265    0.006445    3.143892
    0.529412    0.992113    0.092881   -0.877313    0.000000       -1.880919        1.000000    6.956914    2.384518    0.006445    3.143892
    0.539216    0.988831    0.120747   -0.926598    0.000000       -1.930530        1.000000    7.148414    2.478984    0.006445    3.143892
    0.549020    0.984676    0.149795   -0.955676    0.000000       -1.959866        1.000000    7.339110    2.572418    0.006445    3.143892
    0.558824    0.979625    0.179539   -0.972888    0.000000       -1.977278        1.000000    7.528828    2.664572    0.006445    3.143892
    0.568627    0.973666    0.209700   -0.983365    0.000000       -1.987913        1.000000    7.717391    2.755202    0.006445    3.143892
    0.578431    0.966792    0.240119   -0.989968    0.000000       -1.994641        1.000000    7.904623    2.844070    0.006445    3.143892
    0.588235    0.959006    0.270703   -0.994276    0.000000       -1.999049        1.000000    8.090347    2.930949    0.006445    3.143892
    0.598039    0.950309    0.301396   -0.997177    0.000000       -2.002032        1.000000    8.274388    3.015625    0.006445    3.143892
    0.607843    0.940709    0.332165   -0.999189    0.000000       -2.004111        1.000000    8.456568    3.097896    0.006445    3.143892
    0.617647    0.930210    0.362985   -1.000619    0.000000       -2.005597        1.000000    8.636716    3.177577    0.006445    3.143892
    0.627451    0.918824    0.393844   -1.001658    0.000000       -2.006684        1.000000    8.814658    3.254499    0.006445    3.143892
    0.637255    0.906558    0.424730   -1.002430    0.000000       -2.007495        1.000000    8.990225    3.328510    0.006445    3.143892
    0.647059    0.893425    0.455637   -1.003012    0.000000       -2.008112        1.000000    9.163249    3.399478    0.006445    3.143892
    0.656863    0.879436    0.486559   -1.003459    0.000000       -2.008588        1.000000    9.333564    3.467289    0.006445    3.143892
    0.666667    0.864605    0.517494   -1.003806    0.000000       -2.008960        1.000000    9.501006    3.531848    0.006445    3.143892
    0.676471    0.848945    0.548438   -1.004079    0.000000       -2.009256        1.000000    9.665415    3.593083    0.006445    3.143892
    0.686275    0.832471    0.579390   -1.004297    0.000000       -2.009493        1.000000    9.826635    3.650938    0.006445    3.143892
    0.696078    0.815199    0.610347   -1.004472    0.000000       -2.009685        1.000000    9.984509    3.705382    0.006445    3.143892
    0.705882    0.797145    0.641310   -1.004614    0.000000       -2.009843        1.000000   10.138887    3.756399    0.006445    3.143892
    0.715686    0.778326    0.672277   -1.004731    0.000000       -2.009972        1.000000   10.289620    3.803998    0.006445    3.143892
    0.725490    0.758761    0.703246   -1.004827    0.000000       -2.010080        1.000000   10.436564    3.848203    0.006445    3.143892
    0.735294    0.738467    0.734219   -1.004906    0.000000       -2.010170        1.000000   10.579578    3.889058    0.006445    3.143892
    0.745098    0.717465    0.765194   -1.004973    0.000000       -2.010246        1.000000   10.718524    3.926627    0.006445    3.143892
    0.754902    0.695774    0.796170   -1.005029    0.000000       -2.010311        1.000000   10.853270    3.960988    0.006445    3.143892
    0.764706    0.673415    0.827148   -1.005076    0.000000       -2.010366        1.000000   10.983686    3.992237    0.006445    3.143892
    0.774510    0.650410    0.858128   -1.005116    0.000000       -2.010413        1.000000   11.109647    4.020482    0.006445    3.143892
    0.784314    0.626781    0.889109   -1.005150    0.000000       -2.010453        1.000000   11.231031    4.045847    0.006445    3.143892
    0.794118    0.602550    0.920090   -1.005179    0.000000       -2.010488        1.000000   11.347723    4.068468    0.006445    3.143892
    0.803922    0.577740    0.951073   -1.005204    0.000000       -2.010518        1.000000   11.459610    4.088489    0.006445    3.143892
    0.813725    0.552376    0.982056   -1.005226    0.000000       -2.010544        1.000000   11.566585    4.106065    0.006445    3.143892
    0.823529    0.526482    1.013040   -1.005244    0.000000       -2.010566        1.000000   11.668545    4.121358    0.006445    3.143892
    0.833333    0.500082    1.044024   -1.005260    0.000000       -2.010586        1.000000   11.765393    4.134534    0.006445    3.143892
    0.843137    0.473203    1.075009   -1.005274    0.000000       -2.010603        1.000000   11.857035    4.145764    0.006445    3.143892
    0.852941    0.445868    1.105994   -1.005286    0.000000       -2.010618        1.000000   11.943383    4.155221    0.006445    3.143892
    0.862745    0.418106    1.136980   -1.005297    0.000000       -2.010631        1.000000   12.024355    4.163079    0.006445    3.143892
    0.872549    0.389943    1.167966   -1.005306    0.000000       -2.010643        1.000000   12.099873    4.169509    0.006445    3.143892
    0.882353    0.361405    1.198952   -1.005314    0.000000       -2.010653        1.000000   12.169864    4.174679    0.006445    3.143892
    0.892157    0.332520    1.229938   -1.005320    0.000000       -2.010661        1.000000   12.234260    4.178753    0.006445    3.143892
    0.901961    0.303316    1.260925   -1.005326    0.000000       -2.010669        1.000000   12.293002    4.181888    0.006445    3.143892
    0.911765    0.273820    1.291912   -1.005331    0.000000       -2.010675        1.000000   12.346031    4.184234    0.006445    3.143892
    0.921569    0.244062    1.322898   -1.005336    0.000000       -2.010681        1.000000   12.393296    4.185930    0.006445    3.143892
    0.931373    0.214069    1.353885   -1.005339    0.000000       -2.010686        1.000000   12.434754    4.187106    0.006445    3.143892
    0.941176    0.183871    1.384873   -1.005342    0.000000       -2.010690        1.000000   12.470363    4.187877    0.006445    3.143892
    0.950980    0.153497    1.415860   -1.005345    0.000000       -2.010693        1.000000   12.500090    4.188348    0.006445    3.143892
    0.960784    0.122974    1.446847   -1.005347    0.000000       -2.010696        1.000000   12.523905    4.188609    0.006445    3.143892
    0.970588    0.092334    1.477834   -1.005348    0.000000       -2.010697        1.000000   12.541787    4.188733    0.006445    3.143892
    0.980392    0.061605    1.508822   -1.005349    0.000000       -2.010699        1.000000   12.553718    4.188779    0.006445    3.143892
    0.990196    0.030818    1.539809   -1.005350    0.000000       -2.010700        1.000000   12.559686    4.188789    0.006445    3.143892
    1.000000    0.000000    1.570796   -1.005350    0.000000       -2.010700        1.000000   12.559686    4.188790    0.006445    3.143892
