           t           r         psi          cs          qs               p             sig           A           V          Q2           S
    0.000000    0.000000   -1.570796   -0.991445    0.000000       -1.982890        1.000000    0.000000    0.000000    0.223485    3.327399
    0.009804    0.032616   -1.538452   -0.991585    0.000000       -1.983077        1.000000    0.000000    0.000001    0.223485    3.327399
    0.019608    0.065198   -1.506099   -0.992009    0.000000       -1.983641        1.000000    0.013363    0.000014    0.223485    3.327399
    0.029412    0.097711   -1.473727   -0.992724    0.000000       -1.984592        1.000000    0.033391    0.000071    0.223485    3.327399
    0.039216    0.130122   -1.441327   -0.993742    0.000000       -1.985944        1.000000    0.060062    0.000225    0.223485    3.327399
    0.049020    0.162397   -1.408889   -0.995083    0.000000       -1.987719        1.000000    0.093348    0.000547    0.223485    3.327399
    0.058824    0.194501   -1.376401   -0.996771    0.000000       -1.989944        1.000000    0.133214    0.001130    0.223485    3.327399
    0.068627    0.226400   -1.343853   -0.998833    0.000000       -1.992654        1.000000    0.179619    0.002085    0.223485    3.327399
    0.078431    0.258059   -1.311230   -1.001308    0.000000       -1.995891        1.000000    0.232512    0.003539    0.223485    3.327399
    0.088235    0.289446   -1.278519   -1.004237    0.000000       -1.999704        1.000000    0.291839    0.005639    0.223485    3.327399
    0.098039    0.320524   -1.245705   -1.007672    0.000000       -2.004151        1.000000    0.357536    0.008543    0.223485    3.327399
    0.107843    0.351260   -1.212769   -1.011673    0.000000       -2.009302        1.000000    0.429533    0.012424    0.223485    3.327399
    0.117647    0.381618   -1.179693   -1.016311    0.000000       -2.015237        1.000000    0.507752    0.017468    0.223485    3.327399
    0.127451    0.411565   -1.146454   -1.021668    0.000000       -2.022048        1.000000    0.592110    0.023870    0.223485    3.327399
    0.137255    0.441063   -1.113028   -1.027840    0.000000       -2.029845        1.000000    0.682513    0.031831    0.223485    3.327399
    0.147059    0.470078   -1.079385   -1.034940    0.000000       -2.038754        1.000000    0.778864    0.041562    0.223485    3.327399
    0.156863    0.498574   -1.045493   -1.043099    0.000000       -2.048918        1.000000    0.881055    0.053275    0.223485    3.327399
    0.166667    0.526513   -1.011317   -1.052467    0.000000       -2.060506        1.000000    0.988973    0.067184    0.223485    3.327399
    0.176471    0.553857   -0.976812   -1.063220    0.000000       -2.073712        1.000000    1.102495    0.083503    0.223485    3.327399
    0.186275    0.580567   -0.941931   -1.075561    0.000000       -2.088754        1.000000    1.221493    0.102443    0.223485    3.327399
    0.196078    0.606605   -0.906619   -1.089720    0.000000       -2.105886        1.000000    1.345827    0.124208    0.223485    3.327399
    0.205882    0.631927   -0.870812   -1.105960    0.000000       -2.125390        1.000000    1.475351    0.148997    0.223485    3.327399
    0.215686    0.656491   -0.834437   -1.124574    0.000000       -2.147581        1.000000    1.609911    0.176997    0.223485    3.327399
    0.225490    0.680252   -0.797412   -1.145883    0.000000       -2.172798        1.000000    1.749340    0.208379    0.223485    3.327399
    0.235294    0.703160   -0.759643   -1.170225    0.000000       -2.201401        1.000000    1.893465    0.243302    0.223485    3.327399
    0.245098    0.725165   -0.721026   -1.197938    0.000000       -2.233742        1.000000    2.042100    0.281903    0.223485    3.327399
    0.254902    0.746211   -0.681446   -1.229323    0.000000       -2.270130        1.000000    2.195049    0.324297    0.223485    3.327399
    0.264706    0.766242   -0.640779   -1.264586    0.000000       -2.310770        1.000000    2.352103    0.370570    0.223485    3.327399
    0.274510    0.785193   -0.598898   -1.303741    0.000000       -2.355656        1.000000    2.513042    0.420779    0.223485    3.327399
    0.284314    0.802999   -0.555680   -1.346462    0.000000       -2.404424        1.000000    2.677631    0.474945    0.223485    3.327399
    0.294118    0.819586   -0.511021   -1.391873    0.000000       -2.456124        1.000000    2.845619    0.533043    0.223485    3.327399
    0.303922    0.834882   -0.464859   -1.438258    0.000000       -2.508931        1.000000    3.016742    0.595003    0.223485    3.327399
    0.313725    0.848809   -0.417205   -1.482729    0.000000       -2.559797        1.000000    3.190720    0.660698    0.223485    3.327399
    0.323529    0.861295   -0.368189   -1.520911    0.000000       -2.604142        1.000000    3.367258    0.729936    0.223485    3.327399
    0.333333    0.872271   -0.318109   -1.546812    0.000000       -2.635726        1.000000    3.546045    0.802461    0.223485    3.327399
    0.343137    0.881687   -0.267483   -1.553128    0.000000       -2.646985        1.000000    3.726762    0.877942    0.223485    3.327399
    0.352941    0.889510   -0.217075   -1.532246    0.000000       -2.630076        1.000000    3.909082    0.955989    0.223485    3.327399
    0.362745    0.895745   -0.167879   -1.478002    0.000000       -2.578696        1.000000    4.092681    1.036158    0.223485    3.327399
    0.372549    0.900433   -0.121038   -1.387794    0.000000       -2.490245        1.000000    4.277240    1.117976    0.223485    3.327399
    0.382353    0.903658   -0.077700   -1.264145    0.000000       -2.367420        1.000000    4.462460    1.200972    0.223485    3.327399
    0.392157    0.905544   -0.038842   -1.114781    0.000000       -2.218256        1.000000    4.648067    1.284709    0.223485    3.327399
    0.401961    0.906247   -0.005126   -0.950967    0.000000       -2.054405        1.000000    4.833818    1.368805    0.223485    3.327399
    0.411765    0.905938    0.023177   -0.784849    0.000000       -1.888381        1.000000    5.019506    1.452952    0.223485    3.327399
    0.421569    0.904793    0.046171   -0.626997    0.000000       -1.731045        1.000000    5.204959    1.536915    0.223485    3.327399
    0.431373    0.902980    0.064258   -0.484990    0.000000       -1.590148        1.000000    5.390040    1.620524    0.223485    3.327399
    0.441176    0.900650    0.078034   -0.363153    0.000000       -1.470083        1.000000    5.574644    1.703664    0.223485    3.327399
    0.450980    0.897934    0.088189   -0.263080    0.000000       -1.372420        1.000000    5.758691    1.786262    0.223485    3.327399
    0.460784    0.894936    0.095431   -0.184436    0.000000       -1.296751        1.000000    5.942124    1.868272    0.223485    3.327399
    0.470588    0.891741    0.100439   -0.125742    0.000000       -1.241493        1.000000    6.124901    1.949669    0.223485    3.327399
    0.480392    0.888411    0.103830   -0.084964    0.000000       -1.204507        1.000000    6.306997    2.030438    0.223485    3.327399
    0.490196    0.884990    0.106153   -0.059910    0.000000       -1.183506        1.000000    6.488391    2.110572    0.223485    3.327399
    0.500000    0.881505    0.107887   -0.048460    0.000000       -1.176288        1.000000    6.669070    2.190065    0.223485    3.327399
    0.509804    0.877967    0.109442   -0.048677    0.000000       -1.180857        1.000000    6.849025    2.268914    0.223485    3.327399
    0.519608    0.874377    0.111171   -0.058852    0.000000       -1.195464        1.000000    7.028243    2.347111    0.223485    3.327399
    0.529412    0.870724    0.113374   -0.077505    0.000000       -1.218602        1.000000    7.206713    2.424647    0.223485    3.327399
    0.539216    0.866988    0.116306   -0.103362    0.000000       -1.248988        1.000000    7.384417    2.501505    0.223485    3.327399
    0.549020    0.863143    0.120184   -0.135327    0.000000       -1.285528        1.000000    7.561333    2.577665    0.223485    3.327399
    0.558824    0.859154    0.125191   -0.172452    0.000000       -1.327279        1.000000    7.737432    2.653097    0.223485    3.327399
    0.568627    0.854982    0.131482   -0.213903    0.000000       -1.373422        1.000000    7.912675    2.727762    0.223485    3.327399
    0.578431    0.850585    0.139185   -0.258935    0.000000       -1.423227        1.000000    8.087017    2.801616    0.223485    3.327399
    0.588235    0.845914    0.148407   -0.306869    0.000000       -1.476027        1.000000    8.260402    2.874600    0.223485    3.327399
    0.598039    0.840921    0.159231   -0.357076    0.000000       -1.531205        1.000000    8.432763    2.946648    0.223485    3.327399
    0.607843    0.835552    0.171722   -0.408960    0.000000       -1.588171        1.000000    8.604024    3.017681    0.223485    3.327399
    0.617647    0.829754    0.185925   -0.461953    0.000000       -1.646359        1.000000    8.774096    3.087609    0.223485    3.327399
    0.627451    0.823473    0.201867   -0.515508    0.000000       -1.705218        1.000000    8.942881    3.156332    0.223485    3.327399
    0.637255    0.816655    0.219559   -0.569104    0.000000       -1.764216        1.000000    9.110269    3.223738    0.223485    3.327399
    0.647059    0.809246    0.238993   -0.622246    0.000000       -1.822842        1.000000    9.276138    3.289706    0.223485    3.327399
    0.656863    0.801193    0.260146   -0.674471    0.000000       -1.880612        1.000000    9.440356    3.354107    0.223485    3.327399
    0.666667    0.792447    0.282983   -0.725356    0.000000       -1.937080        1.000000    9.602782    3.416803    0.223485    3.327399
    0.676471    0.782960    0.307452   -0.774529    0.000000       -1.991842        1.000000    9.763263    3.477653    0.223485    3.327399
    0.686275    0.772688    0.333493   -0.821670    0.000000       -2.044550        1.000000    9.921639    3.536513    0.223485    3.327399
    0.696078    0.761591    0.361035   -0.866520    0.000000       -2.094911        1.000000   10.077740    3.593238    0.223485    3.327399
    0.705882    0.749630    0.390001   -0.908879    0.000000       -2.142699        1.000000   10.231390    3.647688    0.223485    3.327399
    0.715686    0.736776    0.420305   -0.948611    0.000000       -2.187746        1.000000   10.382405    3.699726    0.223485    3.327399
    0.725490    0.723000    0.451861   -0.985639    0.000000       -2.229948        1.000000   10.530596    3.749228    0.223485    3.327399
    0.735294    0.708282    0.484581   -1.019938    0.000000       -2.269257        1.000000   10.675771    3.796080    0.223485    3.327399
    0.745098    0.692603    0.518376   -1.051532    0.000000       -2.305678        1.000000   10.817732    3.840185    0.223485    3.327399
    0.754902    0.675953    0.553158   -1.080484    0.000000       -2.339255        1.000000   10.956280    3.881462    0.223485    3.327399
    0.764706    0.658325    0.588842   -1.106891    0.000000       -2.370074        1.000000   11.091215    3.919854    0.223485    3.327399
    0.774510    0.639717    0.625349   -1.130872    0.000000       -2.398243        1.000000   11.222336    3.955325    0.223485    3.327399
    0.784314    0.620135    0.662599   -1.152566    0.000000       -2.423896        1.000000   11.349443    3.987861    0.223485    3.327399
    0.794118    0.599585    0.700522   -1.172119    0.000000       -2.447176        1.000000   11.472339    4.017478    0.223485    3.327399
    0.803922    0.578083    0.739050   -1.189686    0.000000       -2.468237        1.000000   11.590827    4.044212    0.223485    3.327399
    0.813725    0.555645    0.778121   -1.205422    0.000000       -2.487235        1.000000   11.704716    4.068129    0.223485    3.327399
    0.823529    0.532294    0.817677   -1.219476    0.000000       -2.504325        1.000000   11.813819    4.089317    0.223485    3.327399
    0.833333    0.508056    0.857667   -1.231996    0.000000       -2.519657        1.000000   11.917954    4.107889    0.223485    3.327399
    0.843137    0.482960    0.898042   -1.243119    0.000000       -2.533376        1.000000   12.016945    4.123977    0.223485    3.327399
    0.852941    0.457040    0.938758   -1.252974    0.000000       -2.545618        1.000000   12.110623    4.137734    0.223485    3.327399
    0.862745    0.430333    0.979777   -1.261682    0.000000       -2.556511        1.000000   12.198827    4.149330    0.223485    3.327399
    0.872549    0.402878    1.021063   -1.269353    0.000000       -2.566172        1.000000   12.281404    4.158947    0.223485    3.327399
    0.882353    0.374717    1.062583   -1.276085    0.000000       -2.574710        1.000000   12.358209    4.166777    0.223485    3.327399
    0.892157    0.345896    1.104309   -1.281971    0.000000       -2.582222        1.000000   12.429106    4.173018    0.223485    3.327399
    0.901961    0.316461    1.146215   -1.287091    0.000000       -2.588797        1.000000   12.493970    4.177873    0.223485    3.327399
    0.911765    0.286462    1.188276   -1.291517    0.000000       -2.594515        1.000000   12.552686    4.181540    0.223485    3.327399
    0.921569    0.255951    1.230471   -1.295312    0.000000       -2.599447        1.000000   12.605147    4.184215    0.223485    3.327399
    0.931373    0.224979    1.272780   -1.298534    0.000000       -2.603654        1.000000   12.651261    4.186082    0.223485    3.327399
    0.941176    0.193602    1.315185   -1.301230    0.000000       -2.607192        1.000000   12.690943    4.187316    0.223485    3.327399
    0.950980    0.161875    1.357671   -1.303441    0.000000       -2.610106        1.000000   12.724122    4.188074    0.223485    3.327399
    0.960784    0.129854    1.400221   -1.305203    0.000000       -2.612437        1.000000   12.750737    4.188495    0.223485    3.327399
    0.970588    0.097598    1.442822   -1.306544    0.000000       -2.614216        1.000000   12.770742    4.188696    0.223485    3.327399
    0.980392    0.065164    1.485459   -1.307486    0.000000       -2.615468        1.000000   12.784098    4.188772    0.223485    3.327399
    0.990196    0.032612    1.528122   -1.308044    0.000000       -2.616212        1.000000   12.790783    4.188789    0.223485    3.327399
    1.000000    0.000000    1.570796   -1.308230    0.000000       -2.616459        1.000000   12.790783    4.188790    0.223485    3.327399
