           t           r         psi          cs          qs               p             sig           A           V          Q2           S
    0.000000    0.000000   -1.570796   -0.998272    0.000000       -1.996543        1.000000    0.000000    0.000000    0.005535    5.732013
    0.009804    0.056167   -1.514697   -0.998272    0.000000       -1.996544        1.000000    0.000000    0.000008    0.005535    5.732013
    0.019608    0.112157   -1.458598   -0.998275    0.000000       -1.996548        1.000000    0.039602    0.000125    0.005535    5.732013
    0.029412    0.167794   -1.402499   -0.998280    0.000000       -1.996554        1.000000    0.098848    0.000627    0.005535    5.732013
    0.039216    0.222903   -1.346399   -0.998287    0.000000       -1.996564        1.000000    0.177553    0.001968    0.005535    5.732013
    0.049020    0.277311   -1.290299   -0.998297    0.000000       -1.996577        1.000000    0.275469    0.004761    0.005535    5.732013
    0.058824    0.330846   -1.234198   -0.998310    0.000000       -1.996594        1.000000    0.392288    0.009758    0.005535    5.732013
    0.068627    0.383341   -1.178096   -0.998328    0.000000       -1.996616        1.000000    0.527642    0.017833    0.005535    5.732013
    0.078431    0.434629   -1.121993   -0.998350    0.000000       -1.996644        1.000000    0.681106    0.029947    0.005535    5.732013
    0.088235    0.484549   -1.065889   -0.998379    0.000000       -1.996681        1.000000    0.852196    0.047120    0.005535    5.732013
    0.098039    0.532945   -1.009783   -0.998417    0.000000       -1.996727        1.000000    1.040374    0.070398    0.005535    5.732013
    0.107843    0.579664   -0.953674   -0.998467    0.000000       -1.996787        1.000000    1.245049    0.100819    0.005535    5.732013
    0.117647    0.624558   -0.897563   -0.998532    0.000000       -1.996865        1.000000    1.465575    0.139376    0.005535    5.732013
    0.127451    0.667487   -0.841446   -0.998619    0.000000       -1.996968        1.000000    1.701259    0.186986    0.005535    5.732013
    0.137255    0.708315   -0.785325   -0.998737    0.000000       -1.997104        1.000000    1.951358    0.244457    0.005535    5.732013
    0.147059    0.746913   -0.729195   -0.998898    0.000000       -1.997289        1.000000    2.215087    0.312456    0.005535    5.732013
    0.156863    0.783159   -0.673055   -0.999124    0.000000       -1.997543        1.000000    2.491613    0.391486    0.005535    5.732013
    0.166667    0.816939   -0.616899   -0.999447    0.000000       -1.997902        1.000000    2.780067    0.481864    0.005535    5.732013
    0.176471    0.848145   -0.560722   -0.999925    0.000000       -1.998424        1.000000    3.079540    0.583702    0.005535    5.732013
    0.186275    0.876677   -0.504511   -1.000654    0.000000       -1.999210        1.000000    3.389087    0.696895    0.005535    5.732013
    0.196078    0.902443   -0.448248   -1.001818    0.000000       -2.000449        1.000000    3.707731    0.821119    0.005535    5.732013
    0.205882    0.925359   -0.391899   -1.003779    0.000000       -2.002510        1.000000    4.034467    0.955826    0.005535    5.732013
    0.215686    0.945346   -0.335402   -1.007328    0.000000       -2.006199        1.000000    4.368261    1.100255    0.005535    5.732013
    0.225490    0.962328   -0.278619   -1.014391    0.000000       -2.013463        1.000000    4.708050    1.253438    0.005535    5.732013
    0.235294    0.976229   -0.221230   -1.030422    0.000000       -2.029806        1.000000    5.052748    1.414220    0.005535    5.732013
    0.245098    0.986950   -0.162315   -1.074243    0.000000       -2.074147        1.000000    5.401232    1.581273    0.005535    5.732013
    0.254902    0.994298   -0.098656   -1.221363    0.000000       -2.222207        1.000000    5.752310    1.753111    0.005535    5.732013
    0.264706    0.997770   -0.023618   -1.299448    0.000000       -2.301403        1.000000    6.104614    1.928008    0.005535    5.732013
    0.274510    0.997727    0.012373   -0.045819    0.000000       -1.048020        1.000000    6.456902    2.103808    0.005535    5.732013
    0.284314    0.997167    0.005818    0.163313    0.000000       -0.839511        1.000000    6.808993    2.279432    0.005535    5.732013
    0.294118    0.997056   -0.000945    0.067350    0.000000       -0.935602        1.000000    7.161045    2.454947    0.005535    5.732013
    0.303922    0.997164   -0.002121   -0.014540    0.000000       -1.017382        1.000000    7.513135    2.630472    0.005535    5.732013
    0.313725    0.997246   -0.000686   -0.026516    0.000000       -1.029278        1.000000    7.865253    2.806034    0.005535    5.732013
    0.323529    0.997252    0.000275   -0.006988    0.000000       -1.009743        1.000000    8.217374    2.981611    0.005535    5.732013
    0.333333    0.997233    0.000287    0.004045    0.000000       -0.998729        1.000000    8.569489    3.157185    0.005535    5.732013
    0.343137    0.997224    0.000044    0.003438    0.000000       -0.999346        1.000000    8.921600    3.332753    0.005535    5.732013
    0.352941    0.997226   -0.000057    0.000348    0.000000       -1.002434        1.000000    9.273711    3.508320    0.005535    5.732013
    0.362745    0.997228   -0.000035   -0.000762    0.000000       -1.003541        1.000000    9.625824    3.683888    0.005535    5.732013
    0.372549    0.997229    0.000001   -0.000403    0.000000       -1.003182        1.000000    9.977937    3.859456    0.005535    5.732013
    0.382353    0.997229    0.000009    0.000035    0.000000       -1.002744        1.000000   10.330049    4.035025    0.005535    5.732013
    0.392157    0.997229    0.000004    0.000120    0.000000       -1.002659        1.000000   10.682162    4.210593    0.005535    5.732013
    0.401961    0.997228   -0.000001    0.000040    0.000000       -1.002739        1.000000   11.034275    4.386161    0.005535    5.732013
    0.411765    0.997229   -0.000001   -0.000015    0.000000       -1.002794        1.000000   11.386387    4.561730    0.005535    5.732013
    0.421569    0.997229   -0.000000   -0.000017    0.000000       -1.002796        1.000000   11.738500    4.737298    0.005535    5.732013
    0.431373    0.997229    0.000000   -0.000003    0.000000       -1.002782        1.000000   12.090612    4.912867    0.005535    5.732013
    0.441176    0.997229    0.000000    0.000003    0.000000       -1.002776        1.000000   12.442725    5.088435    0.005535    5.732013
    0.450980    0.997229    0.000000    0.000002    0.000000       -1.002777        1.000000   12.794838    5.264003    0.005535    5.732013
    0.460784    0.997229   -0.000000   -0.000000    0.000000       -1.002779        1.000000   13.146950    5.439572    0.005535    5.732013
    0.470588    0.997229   -0.000000   -0.000001    0.000000       -1.002780        1.000000   13.499063    5.615140    0.005535    5.732013
    0.480392    0.997229    0.000000   -0.000000    0.000000       -1.002779        1.000000   13.851175    5.790708    0.005535    5.732013
    0.490196    0.997229    0.000000    0.000000    0.000000       -1.002779        1.000000   14.203288    5.966277    0.005535    5.732013
    0.500000    0.997229    0.000000    0.000000    0.000000       -1.002779        1.000000   14.555401    6.141845    0.005535    5.732013
    0.509804    0.997229   -0.000000    0.000000    0.000000       -1.002779        1.000000   14.907513    6.317414    0.005535    5.732013
    0.519608    0.997229   -0.000000   -0.000000    0.000000       -1.002779        1.000000   15.259626    6.492982    0.005535    5.732013
    0.529412    0.997229   -0.000000   -0.000000    0.000000       -1.002779        1.000000   15.611738    6.668550    0.005535    5.732013
    0.539216    0.997229    0.000000   -0.000000    0.000000       -1.002779        1.000000   15.963851    6.844119    0.005535    5.732013
    0.549020    0.997229    0.000000    0.000000    0.000000       -1.002779        1.000000   16.315964    7.019687    0.005535    5.732013
    0.558824    0.997229   -0.000000    0.000000    0.000000       -1.002779        1.000000   16.668076    7.195255    0.005535    5.732013
    0.568627    0.997229   -0.000000   -0.000000    0.000000       -1.002779        1.000000   17.020189    7.370824    0.005535    5.732013
    0.578431    0.997229    0.000000   -0.000000    0.000000       -1.002779        1.000000   17.372301    7.546392    0.005535    5.732013
    0.588235    0.997229    0.000000   -0.000000    0.000000       -1.002779        1.000000   17.724414    7.721961    0.005535    5.732013
    0.598039    0.997229    0.000000   -0.000000    0.000000       -1.002779        1.000000   18.076527    7.897529    0.005535    5.732013
    0.607843    0.997229    0.000000   -0.000000    0.000000       -1.002779        1.000000   18.428639    8.073097    0.005535    5.732013
    0.617647    0.997229    0.000000   -0.000000    0.000000       -1.002780        1.000000   18.780752    8.248666    0.005535    5.732013
    0.627451    0.997229    0.000000   -0.000001    0.000000       -1.002781        1.000000   19.132864    8.424234    0.005535    5.732013
    0.637255    0.997229    0.000000   -0.000006    0.000000       -1.002785        1.000000   19.484977    8.599802    0.005535    5.732013
    0.647059    0.997229    0.000001   -0.000021    0.000000       -1.002800        1.000000   19.837090    8.775371    0.005535    5.732013
    0.656863    0.997228    0.000003   -0.000080    0.000000       -1.002859        1.000000   20.189202    8.950939    0.005535    5.732013
    0.666667    0.997228    0.000013   -0.000306    0.000000       -1.003085        1.000000   20.541315    9.126507    0.005535    5.732013
    0.676471    0.997227    0.000049   -0.001165    0.000000       -1.003946        1.000000   20.893426    9.302075    0.005535    5.732013
    0.686275    0.997221    0.000186   -0.004424    0.000000       -1.007211        1.000000   21.245536    9.477642    0.005535    5.732013
    0.696078    0.997199    0.000705   -0.016642    0.000000       -1.019451        1.000000   21.597638    9.653205    0.005535    5.732013
    0.705882    0.997117    0.002622   -0.060366    0.000000       -1.063255        1.000000   21.949711    9.828751    0.005535    5.732013
    0.715686    0.996820    0.009164   -0.194273    0.000000       -1.197421        1.000000   22.301680   10.004236    0.005535    5.732013
    0.725490    0.995871    0.027191   -0.465842    0.000000       -1.469617        1.000000   22.653313   10.179496    0.005535    5.732013
    0.735294    0.993450    0.061616   -0.742713    0.000000       -1.747395        1.000000   23.004092   10.354047    0.005535    5.732013
    0.745098    0.988725    0.108159   -0.893318    0.000000       -1.898811        1.000000   23.353202   10.526907    0.005535    5.732013
    0.754902    0.981219    0.160378   -0.955786    0.000000       -1.961847        1.000000   23.699662   10.696717    0.005535    5.732013
    0.764706    0.970744    0.214916   -0.981634    0.000000       -1.988073        1.000000   24.042423   10.862005    0.005535    5.732013
    0.774510    0.957244    0.270448   -0.993297    0.000000       -1.999990        1.000000   24.380417   11.021332    0.005535    5.732013
    0.784314    0.940724    0.326448   -0.999085    0.000000       -2.005955        1.000000   24.712579   11.173368    0.005535    5.732013
    0.794118    0.921217    0.382689   -1.002206    0.000000       -2.009204        1.000000   25.037852   11.316937    0.005535    5.732013
    0.803922    0.898775    0.439064   -1.004008    0.000000       -2.011101        1.000000   25.355202   11.451040    0.005535    5.732013
    0.813725    0.873464    0.495519   -1.005108    0.000000       -2.012273        1.000000   25.663614   11.574878    0.005535    5.732013
    0.823529    0.845361    0.552023   -1.005810    0.000000       -2.013031        1.000000   25.962104   11.687867    0.005535    5.732013
    0.833333    0.814555    0.608560   -1.006276    0.000000       -2.013541        1.000000   26.249716   11.789646    0.005535    5.732013
    0.843137    0.781142    0.665118   -1.006595    0.000000       -2.013895        1.000000   26.525530   11.880075    0.005535    5.732013
    0.852941    0.745228    0.721692   -1.006819    0.000000       -2.014147        1.000000   26.788664   11.959234    0.005535    5.732013
    0.862745    0.706929    0.778276   -1.006980    0.000000       -2.014330        1.000000   27.038274   12.027410    0.005535    5.732013
    0.872549    0.666365    0.834868   -1.007097    0.000000       -2.014467        1.000000   27.273562   12.085083    0.005535    5.732013
    0.882353    0.623667    0.891465   -1.007185    0.000000       -2.014569        1.000000   27.493773   12.132900    0.005535    5.732013
    0.892157    0.578971    0.948067   -1.007250    0.000000       -2.014648        1.000000   27.698203   12.171654    0.005535    5.732013
    0.901961    0.532421    1.004672   -1.007300    0.000000       -2.014708        1.000000   27.886196   12.202251    0.005535    5.732013
    0.911765    0.484164    1.061280   -1.007338    0.000000       -2.014755        1.000000   28.057150   12.225679    0.005535    5.732013
    0.921569    0.434357    1.117889   -1.007368    0.000000       -2.014792        1.000000   28.210517   12.242972    0.005535    5.732013
    0.931373    0.383157    1.174500   -1.007390    0.000000       -2.014821        1.000000   28.345807   12.255176    0.005535    5.732013
    0.941176    0.330730    1.231112   -1.007408    0.000000       -2.014843        1.000000   28.462585   12.263315    0.005535    5.732013
    0.950980    0.277244    1.287725   -1.007421    0.000000       -2.014860        1.000000   28.560477   12.268353    0.005535    5.732013
    0.960784    0.222868    1.344339   -1.007431    0.000000       -2.014873        1.000000   28.639170   12.271169    0.005535    5.732013
    0.970588    0.167779    1.400953   -1.007438    0.000000       -2.014882        1.000000   28.698411   12.272522    0.005535    5.732013
    0.980392    0.112152    1.457567   -1.007443    0.000000       -2.014889        1.000000   28.738011   12.273030    0.005535    5.732013
    0.990196    0.056166    1.514182   -1.007446    0.000000       -2.014893        1.000000   28.757843   12.273147    0.005535    5.732013
    1.000000    0.000000    1.570796   -1.007447    0.000000       -2.014894        1.000000   28.757843   12.273155    0.005535    5.732013
