           t           r         psi          cs          qs               p             sig           A           V          Q2           S
    0.000000    0.000000   -1.570796   -0.991000    0.000000       -1.981999        1.000000    0.000000    0.000000    0.076812    5.977056
    0.009804    0.058566   -1.512724   -0.991058    0.000000       -1.982078        1.000000    0.000000    0.000009    0.076812    5.977056
    0.019608    0.116934   -1.454645   -0.991238    0.000000       -1.982317        1.000000    0.043053    0.000146    0.076812    5.977056
    0.029412    0.174908   -1.396551   -0.991551    0.000000       -1.982730        1.000000    0.107452    0.000736    0.076812    5.977056
    0.039216    0.232291   -1.338435   -0.992015    0.000000       -1.983340        1.000000    0.192978    0.002308    0.076812    5.977056
    0.049020    0.288891   -1.280286   -0.992660    0.000000       -1.984180        1.000000    0.299344    0.005579    0.076812    5.977056
    0.058824    0.344514   -1.222094   -0.993525    0.000000       -1.985295        1.000000    0.426189    0.011427    0.076812    5.977056
    0.068627    0.398972   -1.163842   -0.994666    0.000000       -1.986750        1.000000    0.573085    0.020866    0.076812    5.977056
    0.078431    0.452078   -1.105515   -0.996160    0.000000       -1.988630        1.000000    0.739534    0.035008    0.076812    5.977056
    0.088235    0.503650   -1.047087   -0.998109    0.000000       -1.991052        1.000000    0.924971    0.055026    0.076812    5.977056
    0.098039    0.553508   -0.988527   -1.000659    0.000000       -1.994177        1.000000    1.128764    0.082112    0.076812    5.977056
    0.107843    0.601477   -0.929796   -1.004014    0.000000       -1.998228        1.000000    1.350220    0.117441    0.076812    5.977056
    0.117647    0.647385   -0.870839   -1.008462    0.000000       -2.003520        1.000000    1.588578    0.162121    0.076812    5.977056
    0.127451    0.691062   -0.811578   -1.014422    0.000000       -2.010505        1.000000    1.843017    0.217158    0.076812    5.977056
    0.137255    0.732341   -0.751910   -1.022509    0.000000       -2.019839        1.000000    2.112655    0.283417    0.076812    5.977056
    0.147059    0.771056   -0.691684   -1.033639    0.000000       -2.032495        1.000000    2.396547    0.361581    0.076812    5.977056
    0.156863    0.807036   -0.630684   -1.049205    0.000000       -2.049934        1.000000    2.693686    0.452125    0.076812    5.977056
    0.166667    0.840106   -0.568592   -1.071333    0.000000       -2.074372        1.000000    3.003001    0.555288    0.076812    5.977056
    0.176471    0.870074   -0.504937   -1.103246    0.000000       -2.109144        1.000000    3.323350    0.671042    0.076812    5.977056
    0.186275    0.896722   -0.439014   -1.149602    0.000000       -2.159024        1.000000    3.653510    0.799077    0.076812    5.977056
    0.196078    0.919793   -0.369814   -1.215981    0.000000       -2.229682        1.000000    3.992165    0.938764    0.076812    5.977056
    0.205882    0.938963   -0.296064   -1.304282    0.000000       -2.322950        1.000000    4.337878    1.089113    0.076812    5.977056
    0.215686    0.953850   -0.216879   -1.394413    0.000000       -2.418237        1.000000    4.689071    1.248686    0.076812    5.977056
    0.225490    0.964082   -0.134161   -1.403890    0.000000       -2.431824        1.000000    5.044033    1.415475    0.076812    5.977056
    0.235294    0.969605   -0.056693   -1.195854    0.000000       -2.225544        1.000000    5.401028    1.586889    0.076812    5.977056
    0.245098    0.971096    0.001638   -0.774474    0.000000       -1.804237        1.000000    5.758572    1.760248    0.076812    5.977056
    0.254902    0.969927    0.034095   -0.350056    0.000000       -1.380462        1.000000    6.115685    1.933658    0.076812    5.977056
    0.264706    0.967515    0.045438   -0.062257    0.000000       -1.094766        1.000000    6.471910    2.106287    0.076812    5.977056
    0.274510    0.964852    0.044006    0.092676    0.000000       -0.942749        1.000000    6.827155    2.277960    0.076812    5.977056
    0.284314    0.962481    0.036281    0.159862    0.000000       -0.878436        1.000000    7.181527    2.448764    0.076812    5.977056
    0.294118    0.960644    0.026264    0.175725    0.000000       -0.864885        1.000000    7.535222    2.618875    0.076812    5.977056
    0.303922    0.959403    0.016240    0.162965    0.000000       -0.879213        1.000000    7.888461    2.788487    0.076812    5.977056
    0.313725    0.958716    0.007455    0.135186    0.000000       -0.907846        1.000000    8.241446    2.957788    0.076812    5.977056
    0.323529    0.958492    0.000523    0.100854    0.000000       -0.942451        1.000000    8.594350    3.126941    0.076812    5.977056
    0.333333    0.958615   -0.004347    0.065580    0.000000       -0.977582        1.000000    8.947298    3.296081    0.076812    5.977056
    0.343137    0.958963   -0.007221    0.033251    0.000000       -1.009515        1.000000    9.300374    3.465305    0.076812    5.977056
    0.352941    0.959427   -0.008354    0.006490    0.000000       -1.035763        1.000000    9.653622    3.634674    0.076812    5.977056
    0.362745    0.959915   -0.008121   -0.013204    0.000000       -1.054929        1.000000   10.007049    3.804212    0.076812    5.977056
    0.372549    0.960360   -0.006953   -0.025417    0.000000       -1.066668        1.000000   10.360640    3.973918    0.076812    5.977056
    0.382353    0.960720   -0.005277   -0.030718    0.000000       -1.071589        1.000000   10.714363    4.143768    0.076812    5.977056
    0.392157    0.960976   -0.003462   -0.030426    0.000000       -1.071028        1.000000   11.068181    4.313730    0.076812    5.977056
    0.401961    0.961129   -0.001787   -0.026264    0.000000       -1.066706        1.000000   11.422055    4.483764    0.076812    5.977056
    0.411765    0.961192   -0.000425   -0.019998    0.000000       -1.060374        1.000000   11.775952    4.653837    0.076812    5.977056
    0.421569    0.961186    0.000546   -0.013147    0.000000       -1.053528        1.000000   12.129847    4.823919    0.076812    5.977056
    0.431373    0.961135    0.001126   -0.006822    0.000000       -1.047257        1.000000   12.483723    4.993991    0.076812    5.977056
    0.441176    0.961061    0.001369   -0.001691    0.000000       -1.042207        1.000000   12.837572    5.164039    0.076812    5.977056
    0.450980    0.960980    0.001353    0.001964    0.000000       -1.038640        1.000000   13.191391    5.334060    0.076812    5.977056
    0.460784    0.960906    0.001167    0.004155    0.000000       -1.036529        1.000000   13.545183    5.504053    0.076812    5.977056
    0.470588    0.960845    0.000891    0.005085    0.000000       -1.035666        1.000000   13.898953    5.674022    0.076812    5.977056
    0.480392    0.960802    0.000590    0.005047    0.000000       -1.035750        1.000000   14.252706    5.843972    0.076812    5.977056
    0.490196    0.960775    0.000312    0.004365    0.000000       -1.036461        1.000000   14.606450    6.013911    0.076812    5.977056
    0.500000    0.960764    0.000086    0.003332    0.000000       -1.037507        1.000000   14.960189    6.183842    0.076812    5.977056
    0.509804    0.960764   -0.000076    0.002191    0.000000       -1.038647        1.000000   15.313929    6.353772    0.076812    5.977056
    0.519608    0.960772   -0.000173    0.001116    0.000000       -1.039714        1.000000   15.667672    6.523704    0.076812    5.977056
    0.529412    0.960783   -0.000211    0.000214    0.000000       -1.040604        1.000000   16.021418    6.693638    0.076812    5.977056
    0.539216    0.960795   -0.000202   -0.000471    0.000000       -1.041275        1.000000   16.375169    6.863578    0.076812    5.977056
    0.549020    0.960806   -0.000159   -0.000944    0.000000       -1.041737        1.000000   16.728925    7.033521    0.076812    5.977056
    0.558824    0.960814   -0.000095   -0.001246    0.000000       -1.042031        1.000000   17.082683    7.203467    0.076812    5.977056
    0.568627    0.960817   -0.000015   -0.001445    0.000000       -1.042226        1.000000   17.436442    7.373416    0.076812    5.977056
    0.578431    0.960815    0.000074   -0.001623    0.000000       -1.042406        1.000000   17.790200    7.543365    0.076812    5.977056
    0.588235    0.960808    0.000176   -0.001875    0.000000       -1.042666        1.000000   18.143956    7.713312    0.076812    5.977056
    0.598039    0.960794    0.000298   -0.002308    0.000000       -1.043114        1.000000   18.497707    7.883255    0.076812    5.977056
    0.607843    0.960772    0.000453   -0.003050    0.000000       -1.043879        1.000000   18.851450    8.053192    0.076812    5.977056
    0.617647    0.960740    0.000664   -0.004262    0.000000       -1.045126        1.000000   19.205180    8.223120    0.076812    5.977056
    0.627451    0.960693    0.000966   -0.006162    0.000000       -1.047077        1.000000   19.558894    8.393034    0.076812    5.977056
    0.637255    0.960624    0.001406   -0.009055    0.000000       -1.050044        1.000000   19.912582    8.562928    0.076812    5.977056
    0.647059    0.960524    0.002055   -0.013378    0.000000       -1.054474        1.000000   20.266233    8.732791    0.076812    5.977056
    0.656863    0.960377    0.003014   -0.019759    0.000000       -1.061012        1.000000   20.619831    8.902612    0.076812    5.977056
    0.666667    0.960162    0.004428   -0.029088    0.000000       -1.070568        1.000000   20.973349    9.072369    0.076812    5.977056
    0.676471    0.959846    0.006504   -0.042600    0.000000       -1.084412        1.000000   21.326750    9.242031    0.076812    5.977056
    0.686275    0.959381    0.009534   -0.061956    0.000000       -1.104247        1.000000   21.679981    9.411554    0.076812    5.977056
    0.696078    0.958702    0.013920   -0.089264    0.000000       -1.132240        1.000000   22.032961    9.580872    0.076812    5.977056
    0.705882    0.957713    0.020199   -0.126993    0.000000       -1.170934        1.000000   22.385577    9.749885    0.076812    5.977056
    0.715686    0.956285    0.029056   -0.177633    0.000000       -1.222906        1.000000   22.737668    9.918451    0.076812    5.977056
    0.725490    0.954242    0.041307   -0.243029    0.000000       -1.290087        1.000000   23.089006   10.086358    0.076812    5.977056
    0.735294    0.951362    0.057833   -0.323405    0.000000       -1.372773        1.000000   23.439284   10.253308    0.076812    5.977056
    0.745098    0.947369    0.079458   -0.416428    0.000000       -1.468653        1.000000   23.788092   10.418878    0.076812    5.977056
    0.754902    0.941949    0.106785   -0.516948    0.000000       -1.572529        1.000000   24.134904   10.582497    0.076812    5.977056
    0.764706    0.934764    0.140052   -0.617942    0.000000       -1.677256        1.000000   24.479071   10.743419    0.076812    5.977056
    0.774510    0.925481    0.179077   -0.712429    0.000000       -1.775669        1.000000   24.819820   10.900728    0.076812    5.977056
    0.784314    0.913795    0.223318   -0.795319    0.000000       -1.862483        1.000000   25.156266   11.053356    0.076812    5.977056
    0.794118    0.899450    0.272012   -0.864255    0.000000       -1.935168        1.000000   25.487430   11.200138    0.076812    5.977056
    0.803922    0.882252    0.324334   -0.919292    0.000000       -1.993660        1.000000   25.812263   11.339874    0.076812    5.977056
    0.813725    0.862067    0.379509   -0.961992    0.000000       -2.039456        1.000000   26.129664   11.471410    0.076812    5.977056
    0.823529    0.838818    0.436878   -0.994521    0.000000       -2.074704        1.000000   26.438505   11.593703    0.076812    5.977056
    0.833333    0.812478    0.495908   -1.019057    0.000000       -2.101593        1.000000   26.737648   11.705883    0.076812    5.977056
    0.843137    0.783064    0.556190   -1.037491    0.000000       -2.122043        1.000000   27.025961   11.807294    0.076812    5.977056
    0.852941    0.750626    0.617410   -1.051344    0.000000       -2.137611        1.000000   27.302331   11.897528    0.076812    5.977056
    0.862745    0.715247    0.679338   -1.061784    0.000000       -2.149505        1.000000   27.565675   11.976441    0.076812    5.977056
    0.872549    0.677033    0.741799   -1.069687    0.000000       -2.158636        1.000000   27.814949   12.044150    0.076812    5.977056
    0.882353    0.636113    0.804665   -1.075700    0.000000       -2.165683        1.000000   28.049157   12.101030    0.076812    5.977056
    0.892157    0.592633    0.867840   -1.080298    0.000000       -2.171152        1.000000   28.267356   12.147686    0.076812    5.977056
    0.901961    0.546756    0.931252   -1.083831    0.000000       -2.175414        1.000000   28.468663   12.184926    0.076812    5.977056
    0.911765    0.498659    0.994846   -1.086554    0.000000       -2.178747        1.000000   28.652263   12.213723    0.076812    5.977056
    0.921569    0.448530    1.058581   -1.088657    0.000000       -2.181357        1.000000   28.817405   12.235168    0.076812    5.977056
    0.931373    0.396571    1.122425   -1.090280    0.000000       -2.183398        1.000000   28.963417   12.250420    0.076812    5.977056
    0.941176    0.342989    1.186352   -1.091527    0.000000       -2.184987        1.000000   29.089700   12.260660    0.076812    5.977056
    0.950980    0.288002    1.250343   -1.092476    0.000000       -2.186210        1.000000   29.195739   12.267037    0.076812    5.977056
    0.960784    0.231834    1.314382   -1.093186    0.000000       -2.187133        1.000000   29.281096   12.270618    0.076812    5.977056
    0.970588    0.174714    1.378457   -1.093697    0.000000       -2.187805        1.000000   29.345424   12.272345    0.076812    5.977056
    0.980392    0.116876    1.442557   -1.094042    0.000000       -2.188261        1.000000   29.388456   12.272994    0.076812    5.977056
    0.990196    0.058558    1.506673   -1.094241    0.000000       -2.188525        1.000000   29.410016   12.273145    0.076812    5.977056
    1.000000    0.000000    1.570796   -1.094306    0.000000       -2.188611        1.000000   29.410016   12.273155    0.076812    5.977056
