           t           r         psi          cs          qs               p             sig           A           V          Q2           S
    0.000000   -0.000000   -1.570796   -1.955637    0.000000       -3.911274        1.000000    0.000000    0.000000    0.878629   32.815236
    0.009804    0.294940   -0.804516   -3.056965    0.000000       -5.408154        1.000000    0.000000    0.015982    0.878629   32.815236
    0.019608    0.394637    0.056622   -1.426671    0.000000       -3.956584        1.000000    0.797725    0.143371    0.878629   32.815236
    0.029412    0.349755    0.117584    0.534995    0.000000       -2.304404        1.000000    1.504725    0.283047    0.878629   32.815236
    0.039216    0.338683   -0.027527    0.192665    0.000000       -2.758828        1.000000    2.189344    0.399838    0.878629   32.815236
    0.049020    0.349123   -0.020020   -0.129932    0.000000       -2.993680        1.000000    2.895066    0.519527    0.878629   32.815236
    0.058824    0.350112    0.007497   -0.021667    0.000000       -2.877812        1.000000    3.602788    0.643597    0.878629   32.815236
    0.068627    0.348031    0.002886    0.027106    0.000000       -2.846188        1.000000    4.306303    0.766649    0.878629   32.815236
    0.078431    0.348095   -0.001776    0.000879    0.000000       -2.871896        1.000000    5.009947    0.889005    0.878629   32.815236
    0.088235    0.348484   -0.000339   -0.005272    0.000000       -2.874841        1.000000    5.714378    1.011639    0.878629   32.815236
    0.098039    0.348426    0.000378    0.000460    0.000000       -2.869589        1.000000    6.418691    1.134374    0.878629   32.815236
    0.107843    0.348359    0.000019    0.000949    0.000000       -2.869654        1.000000    7.122869    1.257043    0.878629   32.815236
    0.117647    0.348378   -0.000074   -0.000201    0.000000       -2.870646        1.000000    7.827085    1.379702    0.878629   32.815236
    0.127451    0.348389    0.000005   -0.000157    0.000000       -2.870515        1.000000    8.531322    1.502374    0.878629   32.815236
    0.137255    0.348384    0.000014    0.000057    0.000000       -2.870342        1.000000    9.235550    1.625046    0.878629   32.815236
    0.147059    0.348382   -0.000003    0.000023    0.000000       -2.870388        1.000000    9.939774    1.747716    0.878629   32.815236
    0.156863    0.348383   -0.000002   -0.000014    0.000000       -2.870415        1.000000   10.644001    1.870386    0.878629   32.815236
    0.166667    0.348383    0.000001   -0.000003    0.000000       -2.870403        1.000000   11.348228    1.993057    0.878629   32.815236
    0.176471    0.348383    0.000000    0.000003    0.000000       -2.870399        1.000000   12.052455    2.115727    0.878629   32.815236
    0.186275    0.348383   -0.000000    0.000000    0.000000       -2.870402        1.000000   12.756681    2.238397    0.878629   32.815236
    0.196078    0.348383   -0.000000   -0.000001    0.000000       -2.870403        1.000000   13.460908    2.361068    0.878629   32.815236
    0.205882    0.348383    0.000000    0.000000    0.000000       -2.870402        1.000000   14.165135    2.483738    0.878629   32.815236
    0.215686    0.348383    0.000000    0.000000    0.000000       -2.870402        1.000000   14.869361    2.606409    0.878629   32.815236
    0.225490    0.348383   -0.000000   -0.000000    0.000000       -2.870402        1.000000   15.573588    2.729079    0.878629   32.815236
    0.235294    0.348383    0.000000   -0.000000    0.000000       -2.870402        1.000000   16.277815    2.851749    0.878629   32.815236
    0.245098    0.348383    0.000000    0.000000    0.000000       -2.870402        1.000000   16.982042    2.974420    0.878629   32.815236
    0.254902    0.348383   -0.000000    0.000000    0.000000       -2.870402        1.000000   17.686268    3.097090    0.878629   32.815236
    0.264706    0.348383   -0.000000   -0.000000    0.000000       -2.870402        1.000000   18.390495    3.219761    0.878629   32.815236
    0.274510    0.348383    0.000000   -0.000000    0.000000       -2.870402        1.000000   19.094722    3.342431    0.878629   32.815236
    0.284314    0.348383    0.000000    0.000000    0.000000       -2.870402        1.000000   19.798948    3.465101    0.878629   32.815236
    0.294118    0.348383   -0.000000    0.000000    0.000000       -2.870402        1.000000   20.503175    3.587772    0.878629   32.815236
    0.303922    0.348383   -0.000000   -0.000000    0.000000       -2.870402        1.000000   21.207402    3.710442    0.878629   32.815236
    0.313725    0.348383    0.000000    0.000000    0.000000       -2.870402        1.000000   21.911629    3.833113    0.878629   32.815236
    0.323529    0.348383    0.000000    0.000000    0.000000       -2.870402        1.000000   22.615855    3.955783    0.878629   32.815236
    0.333333    0.348383   -0.000000   -0.000000    0.000000       -2.870402        1.000000   23.320082    4.078453    0.878629   32.815236
    0.343137    0.348383    0.000000   -0.000000    0.000000       -2.870402        1.000000   24.024309    4.201124    0.878629   32.815236
    0.352941    0.348383    0.000000    0.000000    0.000000       -2.870402        1.000000   24.728535    4.323794    0.878629   32.815236
    0.362745    0.348383   -0.000000    0.000000    0.000000       -2.870402        1.000000   25.432762    4.446464    0.878629   32.815236
    0.372549    0.348383   -0.000000   -0.000000    0.000000       -2.870402        1.000000   26.136989    4.569135    0.878629   32.815236
    0.382353    0.348383    0.000000   -0.000000    0.000000       -2.870402        1.000000   26.841215    4.691805    0.878629   32.815236
    0.392157    0.348383    0.000000    0.000000    0.000000       -2.870402        1.000000   27.545442    4.814476    0.878629   32.815236
    0.401961    0.348383    0.000000    0.000000    0.000000       -2.870402        1.000000   28.249669    4.937146    0.878629   32.815236
    0.411765    0.348383   -0.000000    0.000000    0.000000       -2.870402        1.000000   28.953896    5.059816    0.878629   32.815236
    0.421569    0.348383    0.000000   -0.000000    0.000000       -2.870402        1.000000   29.658122    5.182487    0.878629   32.815236
    0.431373    0.348383    0.000000    0.000000    0.000000       -2.870402        1.000000   30.362349    5.305157    0.878629   32.815236
    0.441176    0.348383    0.000000    0.000000    0.000000       -2.870402        1.000000   31.066576    5.427828    0.878629   32.815236
    0.450980    0.348383    0.000000   -0.000000    0.000000       -2.870402        1.000000   31.770802    5.550498    0.878629   32.815236
    0.460784    0.348383    0.000000    0.000000    0.000000       -2.870402        1.000000   32.475029    5.673168    0.878629   32.815236
    0.470588    0.348383    0.000000   -0.000000    0.000000       -2.870402        1.000000   33.179256    5.795839    0.878629   32.815236
    0.480392    0.348383   -0.000000    0.000000    0.000000       -2.870402        1.000000   33.883482    5.918509    0.878629   32.815236
    0.490196    0.348383   -0.000000   -0.000000    0.000000       -2.870402        1.000000   34.587709    6.041180    0.878629   32.815236
    0.500000    0.348383   -0.000000   -0.000000    0.000000       -2.870402        1.000000   35.291936    6.163850    0.878629   32.815236
    0.509804    0.348383   -0.000000    0.000000    0.000000       -2.870402        1.000000   35.996163    6.286520    0.878629   32.815236
    0.519608    0.348383   -0.000000   -0.000000    0.000000       -2.870402        1.000000   36.700389    6.409191    0.878629   32.815236
    0.529412    0.348383    0.000000    0.000000    0.000000       -2.870402        1.000000   37.404616    6.531861    0.878629   32.815236
    0.539216    0.348383   -0.000000    0.000000    0.000000       -2.870402        1.000000   38.108843    6.654532    0.878629   32.815236
    0.549020    0.348383   -0.000000   -0.000000    0.000000       -2.870402        1.000000   38.813069    6.777202    0.878629   32.815236
    0.558824    0.348383   -0.000000    0.000000    0.000000       -2.870402        1.000000   39.517296    6.899872    0.878629   32.815236
    0.568627    0.348383    0.000000   -0.000000    0.000000       -2.870402        1.000000   40.221523    7.022543    0.878629   32.815236
    0.578431    0.348383    0.000000    0.000000    0.000000       -2.870402        1.000000   40.925749    7.145213    0.878629   32.815236
    0.588235    0.348383   -0.000000    0.000000    0.000000       -2.870402        1.000000   41.629976    7.267883    0.878629   32.815236
    0.598039    0.348383   -0.000000   -0.000000    0.000000       -2.870402        1.000000   42.334203    7.390554    0.878629   32.815236
    0.607843    0.348383   -0.000000   -0.000000    0.000000       -2.870402        1.000000   43.038430    7.513224    0.878629   32.815236
    0.617647    0.348383    0.000000   -0.000000    0.000000       -2.870402        1.000000   43.742656    7.635895    0.878629   32.815236
    0.627451    0.348383    0.000000    0.000000    0.000000       -2.870402        1.000000   44.446883    7.758565    0.878629   32.815236
    0.637255    0.348383   -0.000000    0.000000    0.000000       -2.870402        1.000000   45.151110    7.881235    0.878629   32.815236
    0.647059    0.348383   -0.000000   -0.000000    0.000000       -2.870402        1.000000   45.855336    8.003906    0.878629   32.815236
    0.656863    0.348383    0.000000    0.000000    0.000000       -2.870402        1.000000   46.559563    8.126576    0.878629   32.815236
    0.666667    0.348383   -0.000000    0.000000    0.000000       -2.870402        1.000000   47.263790    8.249247    0.878629   32.815236
    0.676471    0.348383   -0.000000   -0.000000    0.000000       -2.870402        1.000000   47.968016    8.371917    0.878629   32.815236
    0.686275    0.348383   -0.000000   -0.000000    0.000000       -2.870402        1.000000   48.672243    8.494587    0.878629   32.815236
    0.696078    0.348383   -0.000000    0.000000    0.000000       -2.870402        1.000000   49.376470    8.617258    0.878629   32.815236
    0.705882    0.348383   -0.000000   -0.000000    0.000000       -2.870402        1.000000   50.080697    8.739928    0.878629   32.815236
    0.715686    0.348383   -0.000000   -0.000000    0.000000       -2.870402        1.000000   50.784923    8.862599    0.878629   32.815236
    0.725490    0.348383   -0.000000   -0.000000    0.000000       -2.870402        1.000000   51.489150    8.985269    0.878629   32.815236
    0.735294    0.348383   -0.000000   -0.000000    0.000000       -2.870402        1.000000   52.193377    9.107939    0.878629   32.815236
    0.745098    0.348383    0.000000   -0.000000    0.000000       -2.870402        1.000000   52.897603    9.230610    0.878629   32.815236
    0.754902    0.348383   -0.000000    0.000000    0.000000       -2.870402        1.000000   53.601830    9.353280    0.878629   32.815236
    0.764706    0.348383   -0.000000    0.000000    0.000000       -2.870402        1.000000   54.306057    9.475951    0.878629   32.815236
    0.774510    0.348383   -0.000000   -0.000000    0.000000       -2.870402        1.000000   55.010284    9.598621    0.878629   32.815236
    0.784314    0.348383    0.000000   -0.000000    0.000000       -2.870402        1.000000   55.714510    9.721291    0.878629   32.815236
    0.794118    0.348383    0.000000   -0.000000    0.000000       -2.870402        1.000000   56.418737    9.843962    0.878629   32.815236
    0.803922    0.348383    0.000000   -0.000000    0.000000       -2.870402        1.000000   57.122964    9.966632    0.878629   32.815236
    0.813725    0.348383    0.000000   -0.000000    0.000000       -2.870402        1.000000   57.827190   10.089302    0.878629   32.815236
    0.823529    0.348383    0.000000   -0.000000    0.000000       -2.870402        1.000000   58.531417   10.211973    0.878629   32.815236
    0.833333    0.348383    0.000000   -0.000000    0.000000       -2.870402        1.000000   59.235644   10.334643    0.878629   32.815236
    0.843137    0.348383    0.000000   -0.000000    0.000000       -2.870402        1.000000   59.939870   10.457314    0.878629   32.815236
    0.852941    0.348383    0.000000   -0.000000    0.000000       -2.870402        1.000000   60.644097   10.579984    0.878629   32.815236
    0.862745    0.348383    0.000000   -0.000000    0.000000       -2.870402        1.000000   61.348324   10.702654    0.878629   32.815236
    0.872549    0.348383    0.000000   -0.000000    0.000000       -2.870402        1.000000   62.052551   10.825325    0.878629   32.815236
    0.882353    0.348383    0.000000   -0.000000    0.000000       -2.870402        1.000000   62.756777   10.947995    0.878629   32.815236
    0.892157    0.348383    0.000000   -0.000000    0.000000       -2.870402        1.000000   63.461004   11.070666    0.878629   32.815236
    0.901961    0.348383    0.000000   -0.000001    0.000000       -2.870403        1.000000   64.165231   11.193336    0.878629   32.815236
    0.911765    0.348383    0.000001   -0.000005    0.000000       -2.870408        1.000000   64.869457   11.316006    0.878629   32.815236
    0.921569    0.348382    0.000005   -0.000025    0.000000       -2.870435        1.000000   65.573682   11.438676    0.878629   32.815236
    0.931373    0.348378    0.000026   -0.000133    0.000000       -2.870577        1.000000   66.277898   11.561345    0.878629   32.815236
    0.941176    0.348357    0.000136   -0.000701    0.000000       -2.871320        1.000000   66.982072   11.684006    0.878629   32.815236
    0.950980    0.348245    0.000714   -0.003682    0.000000       -2.875225        1.000000   67.686018   11.806629    0.878629   32.815236
    0.960784    0.347656    0.003749   -0.019314    0.000000       -2.895702        1.000000   68.388775   11.929049    0.878629   32.815236
    0.970588    0.344569    0.019621   -0.100697    0.000000       -3.002313        1.000000   69.085291   12.050405    0.878629   32.815236
    0.980392    0.328556    0.101038   -0.508088    0.000000       -3.536189        1.000000   69.749438   12.166170    0.878629   32.815236
    0.990196    0.250738    0.477669   -2.145106    0.000000       -5.686928        1.000000   70.256283   12.254219    0.878629   32.815236
    1.000000    0.000000    1.570796   -4.213016    0.000000       -8.426033        1.000000   70.256283   12.273155    0.878629   32.815236
