           t           r         psi          cs          qs               p             sig           A           V          Q2           S
    0.000000    0.000000   -1.570796   -0.996048    0.000000       -1.992096        1.000000    0.000000    0.000000    0.015605    5.181574
    0.009804    0.050778   -1.520197   -0.996052    0.000000       -1.992101        1.000000    0.000000    0.000005    0.015605    5.181574
    0.019608    0.101426   -1.469598   -0.996062    0.000000       -1.992115        1.000000    0.032374    0.000083    0.015605    5.181574
    0.029412    0.151815   -1.418998   -0.996081    0.000000       -1.992140        1.000000    0.080830    0.000419    0.015605    5.181574
    0.039216    0.201814   -1.368396   -0.996109    0.000000       -1.992176        1.000000    0.145246    0.001316    0.015605    5.181574
    0.049020    0.251298   -1.317793   -0.996146    0.000000       -1.992226        1.000000    0.225457    0.003187    0.015605    5.181574
    0.058824    0.300138   -1.267188   -0.996196    0.000000       -1.992290        1.000000    0.321256    0.006548    0.015605    5.181574
    0.068627    0.348209   -1.216580   -0.996260    0.000000       -1.992372        1.000000    0.432399    0.011997    0.015605    5.181574
    0.078431    0.395389   -1.165968   -0.996341    0.000000       -1.992475        1.000000    0.558601    0.020205    0.015605    5.181574
    0.088235    0.441556   -1.115352   -0.996444    0.000000       -1.992605        1.000000    0.699538    0.031898    0.015605    5.181574
    0.098039    0.486593   -1.064730   -0.996574    0.000000       -1.992767        1.000000    0.854851    0.047836    0.015605    5.181574
    0.107843    0.530383   -1.014100   -0.996739    0.000000       -1.992970        1.000000    1.024141    0.068791    0.015605    5.181574
    0.117647    0.572814   -0.963461   -0.996949    0.000000       -1.993225        1.000000    1.206974    0.095531    0.015605    5.181574
    0.127451    0.613778   -0.912810   -0.997218    0.000000       -1.993547        1.000000    1.402883    0.128798    0.015605    5.181574
    0.137255    0.653168   -0.862143   -0.997565    0.000000       -1.993958        1.000000    1.611364    0.169285    0.015605    5.181574
    0.147059    0.690883   -0.811456   -0.998017    0.000000       -1.994486        1.000000    1.831882    0.217617    0.015605    5.181574
    0.156863    0.726825   -0.760742   -0.998614    0.000000       -1.995173        1.000000    2.063874    0.274335    0.015605    5.181574
    0.166667    0.760901   -0.709994   -0.999414    0.000000       -1.996082        1.000000    2.306741    0.339878    0.015605    5.181574
    0.176471    0.793022   -0.659197   -1.000503    0.000000       -1.997303        1.000000    2.559861    0.414566    0.015605    5.181574
    0.186275    0.823101   -0.608336   -1.002018    0.000000       -1.998979        1.000000    2.822582    0.498593    0.015605    5.181574
    0.196078    0.851060   -0.557382   -1.004173    0.000000       -2.001333        1.000000    3.094227    0.592012    0.015605    5.181574
    0.205882    0.876819   -0.506296   -1.007328    0.000000       -2.004736        1.000000    3.374094    0.694732    0.015605    5.181574
    0.215686    0.900305   -0.455011   -1.012103    0.000000       -2.009828        1.000000    3.661457    0.806514    0.015605    5.181574
    0.225490    0.921445   -0.403420   -1.019634    0.000000       -2.017766        1.000000    3.955568    0.926970    0.015605    5.181574
    0.235294    0.940164   -0.351334   -1.032106    0.000000       -2.030777        1.000000    4.255653    1.055563    0.015605    5.181574
    0.245098    0.956381   -0.298402   -1.054020    0.000000       -2.053420        1.000000    4.560915    1.191616    0.015605    5.181574
    0.254902    0.969995   -0.243927   -1.095174    0.000000       -2.095588        1.000000    4.870522    1.334313    0.015605    5.181574
    0.264706    0.980858   -0.186459   -1.176659    0.000000       -2.178503        1.000000    5.183596    1.482702    0.015605    5.181574
    0.274510    0.988722   -0.123202   -1.324272    0.000000       -2.328013        1.000000    5.499181    1.635669    0.015605    5.181574
    0.284314    0.993208   -0.053170   -1.367155    0.000000       -2.372571        1.000000    5.816197    1.791840    0.015605    5.181574
    0.294118    0.994346    0.002722   -0.720916    0.000000       -1.726598        1.000000    6.133576    1.949467    0.015605    5.181574
    0.303922    0.993612    0.020588   -0.065556    0.000000       -1.071772        1.000000    6.450721    2.107148    0.015605    5.181574
    0.313725    0.992608    0.017173    0.147423    0.000000       -0.859876        1.000000    6.767546    2.264513    0.015605    5.181574
    0.323529    0.991944    0.008868    0.161706    0.000000       -0.846375        1.000000    7.084159    2.421624    0.015605    5.181574
    0.333333    0.991684    0.001772    0.112765    0.000000       -0.895619        1.000000    7.400689    2.578602    0.015605    5.181574
    0.343137    0.991713   -0.002407    0.052274    0.000000       -0.956078        1.000000    7.717228    2.735549    0.015605    5.181574
    0.352941    0.991880   -0.003744    0.003531    0.000000       -1.004648        1.000000    8.033821    2.892531    0.015605    5.181574
    0.362745    0.992061   -0.003141   -0.023367    0.000000       -1.031365        1.000000    8.350471    3.049571    0.015605    5.181574
    0.372549    0.992186   -0.001736   -0.028945    0.000000       -1.036819        1.000000    8.667161    3.206660    0.015605    5.181574
    0.382353    0.992239   -0.000427   -0.021220    0.000000       -1.029042        1.000000    8.983868    3.363778    0.015605    5.181574
    0.392157    0.992238    0.000358   -0.009706    0.000000       -1.017528        1.000000    9.300575    3.520903    0.015605    5.181574
    0.401961    0.992212    0.000604   -0.000651    0.000000       -1.008500        1.000000    9.617273    3.678024    0.015605    5.181574
    0.411765    0.992183    0.000502    0.003904    0.000000       -1.003974        1.000000    9.933962    3.835135    0.015605    5.181574
    0.421569    0.992163    0.000272    0.004675    0.000000       -1.003223        1.000000   10.250645    3.992238    0.015605    5.181574
    0.431373    0.992155    0.000062    0.003364    0.000000       -1.004543        1.000000   10.567325    4.149337    0.015605    5.181574
    0.441176    0.992155   -0.000062    0.001520    0.000000       -1.006387        1.000000   10.884005    4.306435    0.015605    5.181574
    0.450980    0.992160   -0.000099    0.000080    0.000000       -1.007823        1.000000   11.200687    4.463534    0.015605    5.181574
    0.460784    0.992164   -0.000082   -0.000648    0.000000       -1.008545        1.000000   11.517370    4.620634    0.015605    5.181574
    0.470588    0.992168   -0.000044   -0.000767    0.000000       -1.008661        1.000000   11.834055    4.777735    0.015605    5.181574
    0.480392    0.992169   -0.000010   -0.000548    0.000000       -1.008441        1.000000   12.150739    4.934837    0.015605    5.181574
    0.490196    0.992169    0.000010   -0.000245    0.000000       -1.008138        1.000000   12.467424    5.091940    0.015605    5.181574
    0.500000    0.992168    0.000016   -0.000010    0.000000       -1.007904        1.000000   12.784108    5.249042    0.015605    5.181574
    0.509804    0.992167    0.000013    0.000107    0.000000       -1.007788        1.000000   13.100792    5.406144    0.015605    5.181574
    0.519608    0.992167    0.000007    0.000124    0.000000       -1.007771        1.000000   13.417476    5.563246    0.015605    5.181574
    0.529412    0.992167    0.000002    0.000085    0.000000       -1.007810        1.000000   13.734160    5.720347    0.015605    5.181574
    0.539216    0.992167   -0.000001    0.000032    0.000000       -1.007863        1.000000   14.050844    5.877449    0.015605    5.181574
    0.549020    0.992167   -0.000002   -0.000014    0.000000       -1.007909        1.000000   14.367528    6.034551    0.015605    5.181574
    0.558824    0.992167   -0.000000   -0.000048    0.000000       -1.007943        1.000000   14.684212    6.191652    0.015605    5.181574
    0.568627    0.992167    0.000003   -0.000083    0.000000       -1.007978        1.000000   15.000896    6.348754    0.015605    5.181574
    0.578431    0.992166    0.000009   -0.000144    0.000000       -1.008040        1.000000   15.317580    6.505856    0.015605    5.181574
    0.588235    0.992166    0.000019   -0.000274    0.000000       -1.008170        1.000000   15.634264    6.662957    0.015605    5.181574
    0.598039    0.992164    0.000039   -0.000554    0.000000       -1.008451        1.000000   15.950947    6.820058    0.015605    5.181574
    0.607843    0.992161    0.000080   -0.001141    0.000000       -1.009041        1.000000   16.267629    6.977159    0.015605    5.181574
    0.617647    0.992155    0.000166   -0.002357    0.000000       -1.010264        1.000000   16.584309    7.134258    0.015605    5.181574
    0.627451    0.992143    0.000341   -0.004864    0.000000       -1.012783        1.000000   16.900986    7.291354    0.015605    5.181574
    0.637255    0.992118    0.000704   -0.010001    0.000000       -1.017946        1.000000   17.217654    7.448445    0.015605    5.181574
    0.647059    0.992065    0.001446   -0.020440    0.000000       -1.028437        1.000000   17.534306    7.605523    0.015605    5.181574
    0.656863    0.991958    0.002954   -0.041282    0.000000       -1.049385        1.000000   17.850923    7.762578    0.015605    5.181574
    0.666667    0.991740    0.005965   -0.081483    0.000000       -1.089794        1.000000   18.167471    7.919581    0.015605    5.181574
    0.676471    0.991305    0.011781   -0.154091    0.000000       -1.162793        1.000000   18.483879    8.076480    0.015605    5.181574
    0.686275    0.990462    0.022379   -0.270976    0.000000       -1.280352        1.000000   18.800019    8.233168    0.015605    5.181574
    0.696078    0.988912    0.040018   -0.428545    0.000000       -1.438948        1.000000   19.115664    8.389434    0.015605    5.181574
    0.705882    0.986254    0.066122   -0.597772    0.000000       -1.609495        1.000000   19.430461    8.544904    0.015605    5.181574
    0.715686    0.982062    0.100315   -0.742035    0.000000       -1.755182        1.000000   19.743920    8.698991    0.015605    5.181574
    0.725490    0.975975    0.140794   -0.844629    0.000000       -1.859106        1.000000   20.055435    8.850898    0.015605    5.181574
    0.735294    0.967739    0.185498   -0.910134    0.000000       -1.925743        1.000000   20.364322    8.999686    0.015605    5.181574
    0.745098    0.957200    0.232833   -0.950139    0.000000       -1.966663        1.000000   20.669845    9.144356    0.015605    5.181574
    0.754902    0.944279    0.281768   -0.974469    0.000000       -1.991716        1.000000   20.971244    9.283918    0.015605    5.181574
    0.764706    0.928945    0.331682   -0.989515    0.000000       -2.007332        1.000000   21.267749    9.417440    0.015605    5.181574
    0.774510    0.911199    0.382210   -0.999060    0.000000       -2.017326        1.000000   21.558589    9.544080    0.015605    5.181574
    0.784314    0.891062    0.433131   -1.005287    0.000000       -2.023911        1.000000   21.843002    9.663109    0.015605    5.181574
    0.794118    0.868571    0.484312   -1.009462    0.000000       -2.028372        1.000000   22.120236    9.773930    0.015605    5.181574
    0.803922    0.843775    0.535670   -1.012333    0.000000       -2.031475        1.000000   22.389556    9.876085    0.015605    5.181574
    0.813725    0.816734    0.587150   -1.014353    0.000000       -2.033685        1.000000   22.650244    9.969266    0.015605    5.181574
    0.823529    0.787514    0.638718   -1.015804    0.000000       -2.035292        1.000000   22.901606   10.053312    0.015605    5.181574
    0.833333    0.756189    0.690349   -1.016865    0.000000       -2.036482        1.000000   23.142970   10.128214    0.015605    5.181574
    0.843137    0.722843    0.742026   -1.017653    0.000000       -2.037379        1.000000   23.373690   10.194105    0.015605    5.181574
    0.852941    0.687560    0.793739   -1.018248    0.000000       -2.038063        1.000000   23.593148   10.251255    0.015605    5.181574
    0.862745    0.650436    0.845477   -1.018701    0.000000       -2.038593        1.000000   23.800757   10.300058    0.015605    5.181574
    0.872549    0.611568    0.897236   -1.019051    0.000000       -2.039006        1.000000   23.995960   10.341020    0.015605    5.181574
    0.882353    0.571061    0.949011   -1.019323    0.000000       -2.039332        1.000000   24.178234   10.374738    0.015605    5.181574
    0.892157    0.529021    1.000798   -1.019536    0.000000       -2.039591        1.000000   24.347089   10.401885    0.015605    5.181574
    0.901961    0.485562    1.052595   -1.019704    0.000000       -2.039798        1.000000   24.502073   10.423192    0.015605    5.181574
    0.911765    0.440800    1.104399   -1.019837    0.000000       -2.039963        1.000000   24.642769   10.439418    0.015605    5.181574
    0.921569    0.394855    1.156209   -1.019942    0.000000       -2.040095        1.000000   24.768800   10.451337    0.015605    5.181574
    0.931373    0.347849    1.208024   -1.020025    0.000000       -2.040201        1.000000   24.879828   10.459714    0.015605    5.181574
    0.941176    0.299910    1.259843   -1.020090    0.000000       -2.040285        1.000000   24.975555   10.465279    0.015605    5.181574
    0.950980    0.251166    1.311664   -1.020141    0.000000       -2.040351        1.000000   25.055723   10.468714    0.015605    5.181574
    0.960784    0.201747    1.363488   -1.020179    0.000000       -2.040401        1.000000   25.120117   10.470629    0.015605    5.181574
    0.970588    0.151786    1.415314   -1.020208    0.000000       -2.040438        1.000000   25.168565   10.471547    0.015605    5.181574
    0.980392    0.101418    1.467141   -1.020227    0.000000       -2.040464        1.000000   25.200936   10.471890    0.015605    5.181574
    0.990196    0.050777    1.518968   -1.020238    0.000000       -2.040479        1.000000   25.217143   10.471970    0.015605    5.181574
    1.000000    0.000000    1.570796   -1.020242    0.000000       -2.040483        1.000000   25.217143   10.471976    0.015605    5.181574
