           t           r         psi          cs          qs               p             sig           A           V          Q2           S
    0.000000    0.000000   -1.570796   -2.046198    0.000000       -4.092396        1.000000    0.000000    0.000000    0.890147   34.702068
    0.009804    0.303999   -0.694540   -3.314563    0.000000       -5.842034        1.000000    0.000000    0.020465    0.890147   34.702068
    0.019608    0.369675    0.132525   -0.792253    0.000000       -3.473611        1.000000    0.790233    0.153427    0.890147   34.702068
    0.029412    0.323977    0.060410    0.591386    0.000000       -2.489620        1.000000    1.482781    0.279009    0.890147   34.702068
    0.039216    0.326676   -0.038254   -0.026184    0.000000       -3.085084        1.000000    2.181096    0.390138    0.890147   34.702068
    0.049020    0.333757   -0.000595   -0.091455    0.000000       -3.087645        1.000000    2.894550    0.507483    0.890147   34.702068
    0.058824    0.331618    0.006228    0.026681    0.000000       -2.988776        1.000000    3.603431    0.625899    0.890147   34.702068
    0.068627    0.331023   -0.001464    0.008008    0.000000       -3.012926        1.000000    4.311040    0.743065    0.890147   34.702068
    0.078431    0.331517   -0.000639   -0.006295    0.000000       -3.022733        1.000000    5.019705    0.860378    0.890147   34.702068
    0.088235    0.331490    0.000394    0.000279    0.000000       -3.016405        1.000000    5.728311    0.977856    0.890147   34.702068
    0.098039    0.331417    0.000005    0.000942    0.000000       -3.016403        1.000000    6.436763    1.095270    0.890147   34.702068
    0.107843    0.331440   -0.000065   -0.000280    0.000000       -3.017420        1.000000    7.145262    1.212673    0.890147   34.702068
    0.117647    0.331446    0.000015   -0.000082    0.000000       -3.017167        1.000000    7.853775    1.330089    0.890147   34.702068
    0.127451    0.331441    0.000007    0.000065    0.000000       -3.017067        1.000000    8.562276    1.447504    0.890147   34.702068
    0.137255    0.331441   -0.000004   -0.000003    0.000000       -3.017132        1.000000    9.270778    1.564917    0.890147   34.702068
    0.147059    0.331442   -0.000000   -0.000010    0.000000       -3.017132        1.000000    9.979282    1.682331    0.890147   34.702068
    0.156863    0.331441    0.000001    0.000003    0.000000       -3.017122        1.000000   10.687785    1.799744    0.890147   34.702068
    0.166667    0.331441   -0.000000    0.000001    0.000000       -3.017124        1.000000   11.396288    1.917158    0.890147   34.702068
    0.176471    0.331441   -0.000000   -0.000001    0.000000       -3.017125        1.000000   12.104791    2.034572    0.890147   34.702068
    0.186275    0.331441    0.000000    0.000000    0.000000       -3.017125        1.000000   12.813294    2.151985    0.890147   34.702068
    0.196078    0.331441    0.000000    0.000000    0.000000       -3.017125        1.000000   13.521798    2.269399    0.890147   34.702068
    0.205882    0.331441   -0.000000   -0.000000    0.000000       -3.017125        1.000000   14.230301    2.386813    0.890147   34.702068
    0.215686    0.331441    0.000000   -0.000000    0.000000       -3.017125        1.000000   14.938804    2.504226    0.890147   34.702068
    0.225490    0.331441    0.000000    0.000000    0.000000       -3.017125        1.000000   15.647307    2.621640    0.890147   34.702068
    0.235294    0.331441   -0.000000   -0.000000    0.000000       -3.017125        1.000000   16.355810    2.739053    0.890147   34.702068
    0.245098    0.331441   -0.000000   -0.000000    0.000000       -3.017125        1.000000   17.064313    2.856467    0.890147   34.702068
    0.254902    0.331441    0.000000    0.000000    0.000000       -3.017125        1.000000   17.772816    2.973881    0.890147   34.702068
    0.264706    0.331441   -0.000000    0.000000    0.000000       -3.017125        1.000000   18.481320    3.091294    0.890147   34.702068
    0.274510    0.331441   -0.000000   -0.000000    0.000000       -3.017125        1.000000   19.189823    3.208708    0.890147   34.702068
    0.284314    0.331441    0.000000    0.000000    0.000000       -3.017125        1.000000   19.898326    3.326122    0.890147   34.702068
    0.294118    0.331441   -0.000000    0.000000    0.000000       -3.017125        1.000000   20.606829    3.443535    0.890147   34.702068
    0.303922    0.331441   -0.000000   -0.000000    0.000000       -3.017125        1.000000   21.315332    3.560949    0.890147   34.702068
    0.313725    0.331441    0.000000   -0.000000    0.000000       -3.017125        1.000000   22.023835    3.678363    0.890147   34.702068
    0.323529    0.331441    0.000000    0.000000    0.000000       -3.017125        1.000000   22.732338    3.795776    0.890147   34.702068
    0.333333    0.331441   -0.000000   -0.000000    0.000000       -3.017125        1.000000   23.440842    3.913190    0.890147   34.702068
    0.343137    0.331441   -0.000000   -0.000000    0.000000       -3.017125        1.000000   24.149345    4.030603    0.890147   34.702068
    0.352941    0.331441    0.000000    0.000000    0.000000       -3.017125        1.000000   24.857848    4.148017    0.890147   34.702068
    0.362745    0.331441    0.000000    0.000000    0.000000       -3.017125        1.000000   25.566351    4.265431    0.890147   34.702068
    0.372549    0.331441   -0.000000    0.000000    0.000000       -3.017125        1.000000   26.274854    4.382844    0.890147   34.702068
    0.382353    0.331441   -0.000000   -0.000000    0.000000       -3.017125        1.000000   26.983357    4.500258    0.890147   34.702068
    0.392157    0.331441    0.000000    0.000000    0.000000       -3.017125        1.000000   27.691860    4.617672    0.890147   34.702068
    0.401961    0.331441   -0.000000    0.000000    0.000000       -3.017125        1.000000   28.400364    4.735085    0.890147   34.702068
    0.411765    0.331441    0.000000   -0.000000    0.000000       -3.017125        1.000000   29.108867    4.852499    0.890147   34.702068
    0.421569    0.331441    0.000000   -0.000000    0.000000       -3.017125        1.000000   29.817370    4.969912    0.890147   34.702068
    0.431373    0.331441   -0.000000    0.000000    0.000000       -3.017125        1.000000   30.525873    5.087326    0.890147   34.702068
    0.441176    0.331441   -0.000000    0.000000    0.000000       -3.017125        1.000000   31.234376    5.204740    0.890147   34.702068
    0.450980    0.331441   -0.000000    0.000000    0.000000       -3.017125        1.000000   31.942879    5.322153    0.890147   34.702068
    0.460784    0.331441   -0.000000    0.000000    0.000000       -3.017125        1.000000   32.651382    5.439567    0.890147   34.702068
    0.470588    0.331441    0.000000   -0.000000    0.000000       -3.017125        1.000000   33.359886    5.556981    0.890147   34.702068
    0.480392    0.331441   -0.000000    0.000000    0.000000       -3.017125        1.000000   34.068389    5.674394    0.890147   34.702068
    0.490196    0.331441   -0.000000   -0.000000    0.000000       -3.017125        1.000000   34.776892    5.791808    0.890147   34.702068
    0.500000    0.331441    0.000000   -0.000000    0.000000       -3.017125        1.000000   35.485395    5.909221    0.890147   34.702068
    0.509804    0.331441    0.000000    0.000000    0.000000       -3.017125        1.000000   36.193898    6.026635    0.890147   34.702068
    0.519608    0.331441   -0.000000   -0.000000    0.000000       -3.017125        1.000000   36.902401    6.144049    0.890147   34.702068
    0.529412    0.331441    0.000000   -0.000000    0.000000       -3.017125        1.000000   37.610904    6.261462    0.890147   34.702068
    0.539216    0.331441    0.000000    0.000000    0.000000       -3.017125        1.000000   38.319408    6.378876    0.890147   34.702068
    0.549020    0.331441   -0.000000   -0.000000    0.000000       -3.017125        1.000000   39.027911    6.496290    0.890147   34.702068
    0.558824    0.331441    0.000000   -0.000000    0.000000       -3.017125        1.000000   39.736414    6.613703    0.890147   34.702068
    0.568627    0.331441    0.000000    0.000000    0.000000       -3.017125        1.000000   40.444917    6.731117    0.890147   34.702068
    0.578431    0.331441   -0.000000   -0.000000    0.000000       -3.017125        1.000000   41.153420    6.848531    0.890147   34.702068
    0.588235    0.331441    0.000000   -0.000000    0.000000       -3.017125        1.000000   41.861923    6.965944    0.890147   34.702068
    0.598039    0.331441    0.000000    0.000000    0.000000       -3.017125        1.000000   42.570427    7.083358    0.890147   34.702068
    0.607843    0.331441   -0.000000    0.000000    0.000000       -3.017125        1.000000   43.278930    7.200771    0.890147   34.702068
    0.617647    0.331441    0.000000   -0.000000    0.000000       -3.017125        1.000000   43.987433    7.318185    0.890147   34.702068
    0.627451    0.331441    0.000000   -0.000000    0.000000       -3.017125        1.000000   44.695936    7.435599    0.890147   34.702068
    0.637255    0.331441    0.000000    0.000000    0.000000       -3.017125        1.000000   45.404439    7.553012    0.890147   34.702068
    0.647059    0.331441    0.000000    0.000000    0.000000       -3.017125        1.000000   46.112942    7.670426    0.890147   34.702068
    0.656863    0.331441    0.000000   -0.000000    0.000000       -3.017125        1.000000   46.821445    7.787840    0.890147   34.702068
    0.666667    0.331441    0.000000    0.000000    0.000000       -3.017125        1.000000   47.529949    7.905253    0.890147   34.702068
    0.676471    0.331441    0.000000    0.000000    0.000000       -3.017125        1.000000   48.238452    8.022667    0.890147   34.702068
    0.686275    0.331441    0.000000   -0.000000    0.000000       -3.017125        1.000000   48.946955    8.140080    0.890147   34.702068
    0.696078    0.331441    0.000000   -0.000000    0.000000       -3.017125        1.000000   49.655458    8.257494    0.890147   34.702068
    0.705882    0.331441    0.000000    0.000000    0.000000       -3.017125        1.000000   50.363961    8.374908    0.890147   34.702068
    0.715686    0.331441    0.000000   -0.000000    0.000000       -3.017125        1.000000   51.072464    8.492321    0.890147   34.702068
    0.725490    0.331441    0.000000    0.000000    0.000000       -3.017125        1.000000   51.780967    8.609735    0.890147   34.702068
    0.735294    0.331441    0.000000   -0.000000    0.000000       -3.017125        1.000000   52.489471    8.727149    0.890147   34.702068
    0.745098    0.331441    0.000000   -0.000000    0.000000       -3.017125        1.000000   53.197974    8.844562    0.890147   34.702068
    0.754902    0.331441    0.000000   -0.000000    0.000000       -3.017125        1.000000   53.906477    8.961976    0.890147   34.702068
    0.764706    0.331441    0.000000    0.000000    0.000000       -3.017125        1.000000   54.614980    9.079390    0.890147   34.702068
    0.774510    0.331441    0.000000   -0.000000    0.000000       -3.017125        1.000000   55.323483    9.196803    0.890147   34.702068
    0.784314    0.331441    0.000000   -0.000000    0.000000       -3.017125        1.000000   56.031986    9.314217    0.890147   34.702068
    0.794118    0.331441    0.000000   -0.000000    0.000000       -3.017125        1.000000   56.740489    9.431630    0.890147   34.702068
    0.803922    0.331441    0.000000   -0.000000    0.000000       -3.017125        1.000000   57.448993    9.549044    0.890147   34.702068
    0.813725    0.331441    0.000000   -0.000000    0.000000       -3.017125        1.000000   58.157496    9.666458    0.890147   34.702068
    0.823529    0.331441    0.000000   -0.000000    0.000000       -3.017125        1.000000   58.865999    9.783871    0.890147   34.702068
    0.833333    0.331441    0.000000   -0.000000    0.000000       -3.017125        1.000000   59.574502    9.901285    0.890147   34.702068
    0.843137    0.331441    0.000000   -0.000000    0.000000       -3.017125        1.000000   60.283005   10.018699    0.890147   34.702068
    0.852941    0.331441    0.000000   -0.000000    0.000000       -3.017125        1.000000   60.991508   10.136112    0.890147   34.702068
    0.862745    0.331441    0.000000   -0.000000    0.000000       -3.017125        1.000000   61.700011   10.253526    0.890147   34.702068
    0.872549    0.331441    0.000000   -0.000000    0.000000       -3.017125        1.000000   62.408515   10.370939    0.890147   34.702068
    0.882353    0.331441    0.000000   -0.000000    0.000000       -3.017125        1.000000   63.117018   10.488353    0.890147   34.702068
    0.892157    0.331441    0.000000   -0.000000    0.000000       -3.017125        1.000000   63.825521   10.605767    0.890147   34.702068
    0.901961    0.331441    0.000000   -0.000000    0.000000       -3.017125        1.000000   64.534024   10.723180    0.890147   34.702068
    0.911765    0.331441    0.000000   -0.000001    0.000000       -3.017126        1.000000   65.242527   10.840594    0.890147   34.702068
    0.921569    0.331441    0.000001   -0.000007    0.000000       -3.017134        1.000000   65.951030   10.958008    0.890147   34.702068
    0.931373    0.331440    0.000008   -0.000042    0.000000       -3.017180        1.000000   66.659530   11.075421    0.890147   34.702068
    0.941176    0.331432    0.000048   -0.000259    0.000000       -3.017465        1.000000   67.368014   11.192831    0.890147   34.702068
    0.950980    0.331386    0.000300   -0.001610    0.000000       -3.019242        1.000000   68.076398   11.310227    0.890147   34.702068
    0.960784    0.331095    0.001863   -0.010004    0.000000       -3.030284        1.000000   68.784159   11.427528    0.890147   34.702068
    0.970588    0.329287    0.011561   -0.061948    0.000000       -3.098614        1.000000   69.488056   11.544239    0.890147   34.702068
    0.980392    0.318133    0.070940   -0.374938    0.000000       -3.510372        1.000000   70.168111   11.657283    0.890147   34.702068
    0.990196    0.252806    0.404957   -1.951952    0.000000       -5.587615        1.000000   70.708521   11.748338    0.890147   34.702068
    1.000000    0.000000    1.570796   -4.447921    0.000000       -8.895841        1.000000   70.708521   11.770500    0.890147   34.702068
