           t           r         psi          cs          qs               p             sig           A           V          Q2           S
    0.000000    0.000000   -1.570796   -1.974927    0.000000       -3.949854        1.000000    0.000000   -0.000000    0.881235   32.167198
    0.009804    0.289701   -0.813750   -3.078398    0.000000       -5.449039        1.000000    0.000000    0.014937    0.881235   32.167198
    0.019608    0.390882    0.047579   -1.506978    0.000000       -4.062398        1.000000    0.774531    0.136070    0.881235   32.167198
    0.029412    0.347150    0.123039    0.526174    0.000000       -2.332651        1.000000    1.462406    0.270940    0.881235   32.167198
    0.039216    0.334647   -0.024896    0.220952    0.000000       -2.766347        1.000000    2.125507    0.383173    0.881235   32.167198
    0.049020    0.345015   -0.022223   -0.130496    0.000000       -3.028208        1.000000    2.809152    0.497645    0.881235   32.167198
    0.058824    0.346486    0.007018   -0.029696    0.000000       -2.915743        1.000000    3.495713    0.616618    0.881235   32.167198
    0.068627    0.344347    0.003539    0.028177    0.000000       -2.875851        1.000000    4.178035    0.734748    0.881235   32.167198
    0.078431    0.344290   -0.001736    0.002792    0.000000       -2.901730        1.000000    4.860244    0.852111    0.881235   32.167198
    0.088235    0.344712   -0.000506   -0.005764    0.000000       -2.906737        1.000000    5.543289    0.969718    0.881235   32.167198
    0.098039    0.344679    0.000389    0.000061    0.000000       -2.901189        1.000000    6.226268    1.087450    0.881235   32.167198
    0.107843    0.344601    0.000057    0.001111    0.000000       -2.900799        1.000000    6.909093    1.205121    0.881235   32.167198
    0.117647    0.344615   -0.000081   -0.000128    0.000000       -2.901915        1.000000    7.591946    1.322774    0.881235   32.167198
    0.127451    0.344629   -0.000003   -0.000202    0.000000       -2.901874        1.000000    8.274827    1.440441    0.881235   32.167198
    0.137255    0.344625    0.000016    0.000046    0.000000       -2.901661        1.000000    8.957699    1.558110    0.881235   32.167198
    0.147059    0.344622   -0.000001    0.000034    0.000000       -2.901692        1.000000    9.640566    1.675777    0.881235   32.167198
    0.156863    0.344624   -0.000003   -0.000013    0.000000       -2.901730        1.000000   10.323436    1.793443    0.881235   32.167198
    0.166667    0.344624    0.000001   -0.000005    0.000000       -2.901720        1.000000   11.006306    1.911109    0.881235   32.167198
    0.176471    0.344624    0.000001    0.000003    0.000000       -2.901713        1.000000   11.689176    2.028776    0.881235   32.167198
    0.186275    0.344624   -0.000000    0.000001    0.000000       -2.901716        1.000000   12.372046    2.146442    0.881235   32.167198
    0.196078    0.344624   -0.000000   -0.000001    0.000000       -2.901717        1.000000   13.054916    2.264109    0.881235   32.167198
    0.205882    0.344624    0.000000   -0.000000    0.000000       -2.901716        1.000000   13.737786    2.381776    0.881235   32.167198
    0.215686    0.344624    0.000000    0.000000    0.000000       -2.901716        1.000000   14.420656    2.499442    0.881235   32.167198
    0.225490    0.344624   -0.000000   -0.000000    0.000000       -2.901716        1.000000   15.103526    2.617109    0.881235   32.167198
    0.235294    0.344624   -0.000000   -0.000000    0.000000       -2.901716        1.000000   15.786396    2.734775    0.881235   32.167198
    0.245098    0.344624    0.000000    0.000000    0.000000       -2.901716        1.000000   16.469265    2.852442    0.881235   32.167198
    0.254902    0.344624    0.000000    0.000000    0.000000       -2.901716        1.000000   17.152135    2.970108    0.881235   32.167198
    0.264706    0.344624   -0.000000   -0.000000    0.000000       -2.901716        1.000000   17.835005    3.087775    0.881235   32.167198
    0.274510    0.344624    0.000000   -0.000000    0.000000       -2.901716        1.000000   18.517875    3.205441    0.881235   32.167198
    0.284314    0.344624    0.000000    0.000000    0.000000       -2.901716        1.000000   19.200745    3.323108    0.881235   32.167198
    0.294118    0.344624   -0.000000    0.000000    0.000000       -2.901716        1.000000   19.883615    3.440774    0.881235   32.167198
    0.303922    0.344624   -0.000000   -0.000000    0.000000       -2.901716        1.000000   20.566485    3.558441    0.881235   32.167198
    0.313725    0.344624    0.000000   -0.000000    0.000000       -2.901716        1.000000   21.249355    3.676108    0.881235   32.167198
    0.323529    0.344624    0.000000    0.000000    0.000000       -2.901716        1.000000   21.932225    3.793774    0.881235   32.167198
    0.333333    0.344624   -0.000000    0.000000    0.000000       -2.901716        1.000000   22.615094    3.911441    0.881235   32.167198
    0.343137    0.344624   -0.000000   -0.000000    0.000000       -2.901716        1.000000   23.297964    4.029107    0.881235   32.167198
    0.352941    0.344624    0.000000   -0.000000    0.000000       -2.901716        1.000000   23.980834    4.146774    0.881235   32.167198
    0.362745    0.344624    0.000000    0.000000    0.000000       -2.901716        1.000000   24.663704    4.264440    0.881235   32.167198
    0.372549    0.344624   -0.000000   -0.000000    0.000000       -2.901716        1.000000   25.346574    4.382107    0.881235   32.167198
    0.382353    0.344624   -0.000000   -0.000000    0.000000       -2.901716        1.000000   26.029444    4.499773    0.881235   32.167198
    0.392157    0.344624    0.000000    0.000000    0.000000       -2.901716        1.000000   26.712314    4.617440    0.881235   32.167198
    0.401961    0.344624    0.000000    0.000000    0.000000       -2.901716        1.000000   27.395184    4.735106    0.881235   32.167198
    0.411765    0.344624   -0.000000    0.000000    0.000000       -2.901716        1.000000   28.078054    4.852773    0.881235   32.167198
    0.421569    0.344624   -0.000000   -0.000000    0.000000       -2.901716        1.000000   28.760924    4.970440    0.881235   32.167198
    0.431373    0.344624    0.000000   -0.000000    0.000000       -2.901716        1.000000   29.443793    5.088106    0.881235   32.167198
    0.441176    0.344624    0.000000    0.000000    0.000000       -2.901716        1.000000   30.126663    5.205773    0.881235   32.167198
    0.450980    0.344624    0.000000    0.000000    0.000000       -2.901716        1.000000   30.809533    5.323439    0.881235   32.167198
    0.460784    0.344624    0.000000   -0.000000    0.000000       -2.901716        1.000000   31.492403    5.441106    0.881235   32.167198
    0.470588    0.344624    0.000000    0.000000    0.000000       -2.901716        1.000000   32.175273    5.558772    0.881235   32.167198
    0.480392    0.344624   -0.000000    0.000000    0.000000       -2.901716        1.000000   32.858143    5.676439    0.881235   32.167198
    0.490196    0.344624   -0.000000    0.000000    0.000000       -2.901716        1.000000   33.541013    5.794105    0.881235   32.167198
    0.500000    0.344624   -0.000000   -0.000000    0.000000       -2.901716        1.000000   34.223883    5.911772    0.881235   32.167198
    0.509804    0.344624    0.000000    0.000000    0.000000       -2.901716        1.000000   34.906753    6.029438    0.881235   32.167198
    0.519608    0.344624   -0.000000   -0.000000    0.000000       -2.901716        1.000000   35.589622    6.147105    0.881235   32.167198
    0.529412    0.344624    0.000000   -0.000000    0.000000       -2.901716        1.000000   36.272492    6.264772    0.881235   32.167198
    0.539216    0.344624   -0.000000    0.000000    0.000000       -2.901716        1.000000   36.955362    6.382438    0.881235   32.167198
    0.549020    0.344624   -0.000000    0.000000    0.000000       -2.901716        1.000000   37.638232    6.500105    0.881235   32.167198
    0.558824    0.344624   -0.000000    0.000000    0.000000       -2.901716        1.000000   38.321102    6.617771    0.881235   32.167198
    0.568627    0.344624   -0.000000   -0.000000    0.000000       -2.901716        1.000000   39.003972    6.735438    0.881235   32.167198
    0.578431    0.344624   -0.000000    0.000000    0.000000       -2.901716        1.000000   39.686842    6.853104    0.881235   32.167198
    0.588235    0.344624   -0.000000    0.000000    0.000000       -2.901716        1.000000   40.369712    6.970771    0.881235   32.167198
    0.598039    0.344624   -0.000000   -0.000000    0.000000       -2.901716        1.000000   41.052582    7.088437    0.881235   32.167198
    0.607843    0.344624   -0.000000    0.000000    0.000000       -2.901716        1.000000   41.735452    7.206104    0.881235   32.167198
    0.617647    0.344624   -0.000000   -0.000000    0.000000       -2.901716        1.000000   42.418321    7.323770    0.881235   32.167198
    0.627451    0.344624   -0.000000   -0.000000    0.000000       -2.901716        1.000000   43.101191    7.441437    0.881235   32.167198
    0.637255    0.344624   -0.000000    0.000000    0.000000       -2.901716        1.000000   43.784061    7.559104    0.881235   32.167198
    0.647059    0.344624   -0.000000   -0.000000    0.000000       -2.901716        1.000000   44.466931    7.676770    0.881235   32.167198
    0.656863    0.344624   -0.000000   -0.000000    0.000000       -2.901716        1.000000   45.149801    7.794437    0.881235   32.167198
    0.666667    0.344624   -0.000000    0.000000    0.000000       -2.901716        1.000000   45.832671    7.912103    0.881235   32.167198
    0.676471    0.344624   -0.000000   -0.000000    0.000000       -2.901716        1.000000   46.515541    8.029770    0.881235   32.167198
    0.686275    0.344624   -0.000000   -0.000000    0.000000       -2.901716        1.000000   47.198411    8.147436    0.881235   32.167198
    0.696078    0.344624   -0.000000    0.000000    0.000000       -2.901716        1.000000   47.881281    8.265103    0.881235   32.167198
    0.705882    0.344624   -0.000000   -0.000000    0.000000       -2.901716        1.000000   48.564150    8.382769    0.881235   32.167198
    0.715686    0.344624   -0.000000   -0.000000    0.000000       -2.901716        1.000000   49.247020    8.500436    0.881235   32.167198
    0.725490    0.344624   -0.000000    0.000000    0.000000       -2.901716        1.000000   49.929890    8.618103    0.881235   32.167198
    0.735294    0.344624   -0.000000   -0.000000    0.000000       -2.901716        1.000000   50.612760    8.735769    0.881235   32.167198
    0.745098    0.344624   -0.000000   -0.000000    0.000000       -2.901716        1.000000   51.295630    8.853436    0.881235   32.167198
    0.754902    0.344624   -0.000000    0.000000    0.000000       -2.901716        1.000000   51.978500    8.971102    0.881235   32.167198
    0.764706    0.344624   -0.000000    0.000000    0.000000       -2.901716        1.000000   52.661370    9.088769    0.881235   32.167198
    0.774510    0.344624   -0.000000   -0.000000    0.000000       -2.901716        1.000000   53.344240    9.206435    0.881235   32.167198
    0.784314    0.344624   -0.000000   -0.000000    0.000000       -2.901716        1.000000   54.027110    9.324102    0.881235   32.167198
    0.794118    0.344624    0.000000   -0.000000    0.000000       -2.901716        1.000000   54.709980    9.441768    0.881235   32.167198
    0.803922    0.344624    0.000000   -0.000000    0.000000       -2.901716        1.000000   55.392849    9.559435    0.881235   32.167198
    0.813725    0.344624    0.000000   -0.000000    0.000000       -2.901716        1.000000   56.075719    9.677101    0.881235   32.167198
    0.823529    0.344624    0.000000   -0.000000    0.000000       -2.901716        1.000000   56.758589    9.794768    0.881235   32.167198
    0.833333    0.344624    0.000000   -0.000000    0.000000       -2.901716        1.000000   57.441459    9.912435    0.881235   32.167198
    0.843137    0.344624    0.000000   -0.000000    0.000000       -2.901716        1.000000   58.124329   10.030101    0.881235   32.167198
    0.852941    0.344624    0.000000   -0.000000    0.000000       -2.901716        1.000000   58.807199   10.147768    0.881235   32.167198
    0.862745    0.344624    0.000000   -0.000000    0.000000       -2.901716        1.000000   59.490069   10.265434    0.881235   32.167198
    0.872549    0.344624    0.000000   -0.000000    0.000000       -2.901716        1.000000   60.172939   10.383101    0.881235   32.167198
    0.882353    0.344624    0.000000   -0.000000    0.000000       -2.901716        1.000000   60.855809   10.500767    0.881235   32.167198
    0.892157    0.344624    0.000000   -0.000000    0.000000       -2.901717        1.000000   61.538678   10.618434    0.881235   32.167198
    0.901961    0.344624    0.000000   -0.000001    0.000000       -2.901718        1.000000   62.221548   10.736100    0.881235   32.167198
    0.911765    0.344623    0.000001   -0.000006    0.000000       -2.901724        1.000000   62.904418   10.853767    0.881235   32.167198
    0.921569    0.344623    0.000006   -0.000030    0.000000       -2.901755        1.000000   63.587286   10.971433    0.881235   32.167198
    0.931373    0.344618    0.000029   -0.000152    0.000000       -2.901916        1.000000   64.270144   11.089098    0.881235   32.167198
    0.941176    0.344595    0.000151   -0.000785    0.000000       -2.902746        1.000000   64.952957   11.206754    0.881235   32.167198
    0.950980    0.344474    0.000778   -0.004048    0.000000       -2.907024        1.000000   65.635530   11.324371    0.881235   32.167198
    0.960784    0.343852    0.004011   -0.020848    0.000000       -2.929051        1.000000   66.316871   11.441778    0.881235   32.167198
    0.970588    0.340652    0.020610   -0.106694    0.000000       -3.041616        1.000000   66.991872   11.558108    0.881235   32.167198
    0.980392    0.324356    0.104177   -0.528285    0.000000       -3.594600        1.000000   67.634582   11.668883    0.881235   32.167198
    0.990196    0.246635    0.483689   -2.190164    0.000000       -5.779615        1.000000   68.123289   11.752663    0.881235   32.167198
    1.000000    0.000000    1.570796   -4.263220    0.000000       -8.526439        1.000000   68.123289   11.770500    0.881235   32.167198
