           t           r         psi          cs          qs               p             sig           A           V          Q2           S
    0.000000    0.000000   -1.570796   -0.998822    0.000000       -1.997644        1.000000    0.000000    0.000000    0.003552    5.672312
    0.009804    0.055582   -1.515251   -0.998823    0.000000       -1.997645        1.000000    0.000000    0.000007    0.003552    5.672312
    0.019608    0.110993   -1.459705   -0.998824    0.000000       -1.997647        1.000000    0.038783    0.000120    0.003552    5.672312
    0.029412    0.166062   -1.404160   -0.998826    0.000000       -1.997650        1.000000    0.096807    0.000602    0.003552    5.672312
    0.039216    0.220618   -1.348614   -0.998830    0.000000       -1.997655        1.000000    0.173894    0.001889    0.003552    5.672312
    0.049020    0.274494   -1.293068   -0.998835    0.000000       -1.997661        1.000000    0.269806    0.004570    0.003552    5.672312
    0.058824    0.327523   -1.237522   -0.998841    0.000000       -1.997670        1.000000    0.384246    0.009370    0.003552    5.672312
    0.068627    0.379542   -1.181975   -0.998850    0.000000       -1.997681        1.000000    0.516864    0.017128    0.003552    5.672312
    0.078431    0.430390   -1.126428   -0.998861    0.000000       -1.997695        1.000000    0.667248    0.028772    0.003552    5.672312
    0.088235    0.479910   -1.070880   -0.998876    0.000000       -1.997713        1.000000    0.834935    0.045287    0.003552    5.672312
    0.098039    0.527950   -1.015331   -0.998894    0.000000       -1.997736        1.000000    1.019408    0.067687    0.003552    5.672312
    0.107843    0.574362   -0.959781   -0.998919    0.000000       -1.997765        1.000000    1.220098    0.096978    0.003552    5.672312
    0.117647    0.619001   -0.904229   -0.998951    0.000000       -1.997804        1.000000    1.436385    0.134130    0.003552    5.672312
    0.127451    0.661732   -0.848676   -0.998993    0.000000       -1.997854        1.000000    1.667603    0.180041    0.003552    5.672312
    0.137255    0.702420   -0.793119   -0.999050    0.000000       -1.997920        1.000000    1.913038    0.235508    0.003552    5.672312
    0.147059    0.740941   -0.737559   -0.999128    0.000000       -1.998009        1.000000    2.171933    0.301198    0.003552    5.672312
    0.156863    0.777176   -0.681994   -0.999237    0.000000       -1.998132        1.000000    2.443489    0.377623    0.003552    5.672312
    0.166667    0.811013   -0.626421   -0.999391    0.000000       -1.998303        1.000000    2.726868    0.465118    0.003552    5.672312
    0.176471    0.842346   -0.570838   -0.999616    0.000000       -1.998550        1.000000    3.021195    0.563824    0.003552    5.672312
    0.186275    0.871079   -0.515240   -0.999956    0.000000       -1.998918        1.000000    3.325562    0.673678    0.003552    5.672312
    0.196078    0.897122   -0.459618   -1.000492    0.000000       -1.999490        1.000000    3.639029    0.794404    0.003552    5.672312
    0.205882    0.920392   -0.403957   -1.001380    0.000000       -2.000426        1.000000    3.960626    0.925513    0.003552    5.672312
    0.215686    0.940815   -0.348230   -1.002954    0.000000       -2.002065        1.000000    4.289360    1.066309    0.003552    5.672312
    0.225490    0.958323   -0.292380   -1.005998    0.000000       -2.005203        1.000000    4.624211    1.215897    0.003552    5.672312
    0.235294    0.972851   -0.236277   -1.012662    0.000000       -2.012009        1.000000    4.964138    1.373198    0.003552    5.672312
    0.245098    0.984333   -0.179560   -1.030136    0.000000       -2.029719        1.000000    5.308077    1.536968    0.003552    5.672312
    0.254902    0.992672   -0.120972   -1.090483    0.000000       -2.090503        1.000000    5.654931    1.705821    0.003552    5.672312
    0.264706    0.997615   -0.054697   -1.344918    0.000000       -2.345810        1.000000    6.003511    1.878225    0.003552    5.672312
    0.274510    0.998680    0.006855   -0.386610    0.000000       -1.387909        1.000000    6.352463    2.052327    0.003552    5.672312
    0.284314    0.998208    0.005478    0.166413    0.000000       -0.835367        1.000000    6.701251    2.226479    0.003552    5.672312
    0.294118    0.998117   -0.001094    0.053993    0.000000       -0.947893        1.000000    7.050006    2.400533    0.003552    5.672312
    0.303922    0.998206   -0.001361   -0.025956    0.000000       -1.027752        1.000000    7.398793    2.574598    0.003552    5.672312
    0.313725    0.998240    0.000016   -0.015301    0.000000       -1.017064        1.000000    7.747592    2.748687    0.003552    5.672312
    0.323529    0.998228    0.000259    0.003162    0.000000       -0.998614        1.000000    8.096386    2.922777    0.003552    5.672312
    0.333333    0.998220    0.000027    0.003250    0.000000       -0.998533        1.000000    8.445178    3.096864    0.003552    5.672312
    0.343137    0.998221   -0.000046   -0.000207    0.000000       -1.001989        1.000000    8.793970    3.270949    0.003552    5.672312
    0.352941    0.998223   -0.000011   -0.000652    0.000000       -1.002432        1.000000    9.142763    3.445035    0.003552    5.672312
    0.362745    0.998223    0.000008   -0.000040    0.000000       -1.001820        1.000000    9.491555    3.619122    0.003552    5.672312
    0.372549    0.998223    0.000003    0.000120    0.000000       -1.001660        1.000000    9.840348    3.793208    0.003552    5.672312
    0.382353    0.998223   -0.000001    0.000022    0.000000       -1.001758        1.000000   10.189140    3.967295    0.003552    5.672312
    0.392157    0.998223   -0.000001   -0.000020    0.000000       -1.001801        1.000000   10.537933    4.141381    0.003552    5.672312
    0.401961    0.998223    0.000000   -0.000007    0.000000       -1.001787        1.000000   10.886726    4.315467    0.003552    5.672312
    0.411765    0.998223    0.000000    0.000003    0.000000       -1.001777        1.000000   11.235518    4.489554    0.003552    5.672312
    0.421569    0.998223   -0.000000    0.000002    0.000000       -1.001779        1.000000   11.584311    4.663640    0.003552    5.672312
    0.431373    0.998223   -0.000000   -0.000000    0.000000       -1.001781        1.000000   11.933103    4.837726    0.003552    5.672312
    0.441176    0.998223   -0.000000   -0.000000    0.000000       -1.001781        1.000000   12.281896    5.011813    0.003552    5.672312
    0.450980    0.998223    0.000000    0.000000    0.000000       -1.001780        1.000000   12.630688    5.185899    0.003552    5.672312
    0.460784    0.998223    0.000000    0.000000    0.000000       -1.001780        1.000000   12.979481    5.359985    0.003552    5.672312
    0.470588    0.998223   -0.000000    0.000000    0.000000       -1.001781        1.000000   13.328274    5.534072    0.003552    5.672312
    0.480392    0.998223   -0.000000   -0.000000    0.000000       -1.001781        1.000000   13.677066    5.708158    0.003552    5.672312
    0.490196    0.998223    0.000000   -0.000000    0.000000       -1.001781        1.000000   14.025859    5.882244    0.003552    5.672312
    0.500000    0.998223    0.000000    0.000000    0.000000       -1.001781        1.000000   14.374651    6.056331    0.003552    5.672312
    0.509804    0.998223   -0.000000    0.000000    0.000000       -1.001781        1.000000   14.723444    6.230417    0.003552    5.672312
    0.519608    0.998223   -0.000000   -0.000000    0.000000       -1.001781        1.000000   15.072237    6.404503    0.003552    5.672312
    0.529412    0.998223    0.000000   -0.000000    0.000000       -1.001781        1.000000   15.421029    6.578589    0.003552    5.672312
    0.539216    0.998223    0.000000    0.000000    0.000000       -1.001781        1.000000   15.769822    6.752676    0.003552    5.672312
    0.549020    0.998223    0.000000    0.000000    0.000000       -1.001781        1.000000   16.118614    6.926762    0.003552    5.672312
    0.558824    0.998223   -0.000000   -0.000000    0.000000       -1.001781        1.000000   16.467407    7.100848    0.003552    5.672312
    0.568627    0.998223    0.000000   -0.000000    0.000000       -1.001781        1.000000   16.816199    7.274935    0.003552    5.672312
    0.578431    0.998223    0.000000   -0.000000    0.000000       -1.001781        1.000000   17.164992    7.449021    0.003552    5.672312
    0.588235    0.998223    0.000000   -0.000000    0.000000       -1.001781        1.000000   17.513785    7.623107    0.003552    5.672312
    0.598039    0.998223    0.000000   -0.000000    0.000000       -1.001781        1.000000   17.862577    7.797194    0.003552    5.672312
    0.607843    0.998223    0.000000   -0.000000    0.000000       -1.001781        1.000000   18.211370    7.971280    0.003552    5.672312
    0.617647    0.998223    0.000000   -0.000000    0.000000       -1.001781        1.000000   18.560162    8.145366    0.003552    5.672312
    0.627451    0.998223    0.000000   -0.000000    0.000000       -1.001781        1.000000   18.908955    8.319453    0.003552    5.672312
    0.637255    0.998223    0.000000   -0.000001    0.000000       -1.001781        1.000000   19.257748    8.493539    0.003552    5.672312
    0.647059    0.998223    0.000000   -0.000003    0.000000       -1.001783        1.000000   19.606540    8.667625    0.003552    5.672312
    0.656863    0.998223    0.000001   -0.000015    0.000000       -1.001796        1.000000   19.955333    8.841712    0.003552    5.672312
    0.666667    0.998223    0.000003   -0.000079    0.000000       -1.001860        1.000000   20.304125    9.015798    0.003552    5.672312
    0.676471    0.998222    0.000014   -0.000414    0.000000       -1.002195        1.000000   20.652918    9.189884    0.003552    5.672312
    0.686275    0.998220    0.000073   -0.002152    0.000000       -1.003935        1.000000   21.001709    9.363970    0.003552    5.672312
    0.696078    0.998210    0.000376   -0.011103    0.000000       -1.012896        1.000000   21.350498    9.538054    0.003552    5.672312
    0.705882    0.998157    0.001912   -0.055038    0.000000       -1.056882        1.000000   21.699267    9.712129    0.003552    5.672312
    0.715686    0.997902    0.008872   -0.228904    0.000000       -1.230968        1.000000   22.047948    9.886157    0.003552    5.672312
    0.725490    0.996883    0.031113   -0.584817    0.000000       -1.587458        1.000000   22.396272   10.059957    0.003552    5.672312
    0.735294    0.994088    0.071930   -0.848628    0.000000       -1.851974        1.000000   22.743620   10.232925    0.003552    5.672312
    0.745098    0.988719    0.122362   -0.947168    0.000000       -1.951015        1.000000   23.089092   10.403902    0.003552    5.672312
    0.754902    0.980460    0.176110   -0.980208    0.000000       -1.984361        1.000000   23.431678   10.571454    0.003552    5.672312
    0.764706    0.969222    0.231019   -0.992731    0.000000       -1.997076        1.000000   23.770337   10.734122    0.003552    5.672312
    0.774510    0.954998    0.286397   -0.998208    0.000000       -2.002678        1.000000   24.104027   10.890529    0.003552    5.672312
    0.784314    0.937814    0.341992   -1.000902    0.000000       -2.005460        1.000000   24.431712   11.039421    0.003552    5.672312
    0.794118    0.917716    0.397697   -1.002357    0.000000       -2.006976        1.000000   24.752374   11.179703    0.003552    5.672312
    0.803922    0.894760    0.453465   -1.003200    0.000000       -2.007866        1.000000   25.065016   11.310458    0.003552    5.672312
    0.813725    0.869016    0.509269   -1.003718    0.000000       -2.008418        1.000000   25.368662   11.430964    0.003552    5.672312
    0.823529    0.840563    0.565096   -1.004050    0.000000       -2.008778        1.000000   25.662366   11.540710    0.003552    5.672312
    0.833333    0.809488    0.620939   -1.004272    0.000000       -2.009022        1.000000   25.945212   11.639397    0.003552    5.672312
    0.843137    0.775887    0.676792   -1.004425    0.000000       -2.009192        1.000000   26.216317   11.726938    0.003552    5.672312
    0.852941    0.739866    0.732652   -1.004533    0.000000       -2.009313        1.000000   26.474837   11.803455    0.003552    5.672312
    0.862745    0.701536    0.788518   -1.004610    0.000000       -2.009402        1.000000   26.719963   11.869265    0.003552    5.672312
    0.872549    0.661017    0.844386   -1.004668    0.000000       -2.009468        1.000000   26.950931   11.924866    0.003552    5.672312
    0.882353    0.618434    0.900258   -1.004710    0.000000       -2.009519        1.000000   27.167020   11.970912    0.003552    5.672312
    0.892157    0.573921    0.956132   -1.004742    0.000000       -2.009557        1.000000   27.367556   12.008191    0.003552    5.672312
    0.901961    0.527617    1.012007   -1.004767    0.000000       -2.009587        1.000000   27.551913   12.037595    0.003552    5.672312
    0.911765    0.479665    1.067884   -1.004786    0.000000       -2.009610        1.000000   27.719514   12.060090    0.003552    5.672312
    0.921569    0.430217    1.123761   -1.004800    0.000000       -2.009628        1.000000   27.869838   12.076682    0.003552    5.672312
    0.931373    0.379425    1.179639   -1.004811    0.000000       -2.009642        1.000000   28.002414   12.088383    0.003552    5.672312
    0.941176    0.327449    1.235518   -1.004820    0.000000       -2.009653        1.000000   28.116829   12.096182    0.003552    5.672312
    0.950980    0.274451    1.291397   -1.004827    0.000000       -2.009662        1.000000   28.212726   12.101007    0.003552    5.672312
    0.960784    0.220596    1.347277   -1.004832    0.000000       -2.009668        1.000000   28.289805   12.103703    0.003552    5.672312
    0.970588    0.166052    1.403156   -1.004835    0.000000       -2.009673        1.000000   28.347826   12.104998    0.003552    5.672312
    0.980392    0.110990    1.459036   -1.004838    0.000000       -2.009676        1.000000   28.386608   12.105483    0.003552    5.672312
    0.990196    0.055582    1.514916   -1.004839    0.000000       -2.009678        1.000000   28.406029   12.105596    0.003552    5.672312
    1.000000    0.000000    1.570796   -1.004839    0.000000       -2.009679        1.000000   28.406029   12.105604    0.003552    5.672312
