           t           r         psi          cs          qs               p             sig           A           V          Q2           S
    0.000000    0.000000   -1.570796   -0.990967    0.000000       -1.981934        1.000000    0.000000   -0.000000    0.084364    5.947363
    0.009804    0.058275   -1.513014   -0.991035    0.000000       -1.982024        1.000000    0.000000    0.000009    0.084364    5.947363
    0.019608    0.116356   -1.455224   -0.991243    0.000000       -1.982301        1.000000    0.042628    0.000143    0.084364    5.947363
    0.029412    0.174048   -1.397418   -0.991604    0.000000       -1.982778        1.000000    0.106391    0.000722    0.084364    5.947363
    0.039216    0.231158   -1.339585   -0.992140    0.000000       -1.983482        1.000000    0.191077    0.002263    0.084364    5.947363
    0.049020    0.287496   -1.281715   -0.992883    0.000000       -1.984451        1.000000    0.296403    0.005470    0.084364    5.947363
    0.058824    0.342872   -1.223795   -0.993880    0.000000       -1.985736        1.000000    0.422017    0.011207    0.084364    5.947363
    0.068627    0.397098   -1.165808   -0.995192    0.000000       -1.987411        1.000000    0.567496    0.020468    0.084364    5.947363
    0.078431    0.449992   -1.107733   -0.996907    0.000000       -1.989570        1.000000    0.732354    0.034346    0.084364    5.947363
    0.088235    0.501373   -1.049543   -0.999140    0.000000       -1.992348        1.000000    0.916035    0.053997    0.084364    5.947363
    0.098039    0.551062   -0.991205   -1.002056    0.000000       -1.995923        1.000000    1.117921    0.080597    0.084364    5.947363
    0.107843    0.598885   -0.932671   -1.005880    0.000000       -2.000546        1.000000    1.337326    0.115306    0.084364    5.947363
    0.117647    0.644672   -0.873880   -1.010935    0.000000       -2.006566        1.000000    1.573506    0.159223    0.084364    5.947363
    0.127451    0.688253   -0.814748   -1.017680    0.000000       -2.014482        1.000000    1.825652    0.213347    0.084364    5.947363
    0.137255    0.729460   -0.755158   -1.026789    0.000000       -2.025012        1.000000    2.092894    0.278541    0.084364    5.947363
    0.147059    0.768124   -0.694944   -1.039254    0.000000       -2.039208        1.000000    2.374302    0.355494    0.084364    5.947363
    0.156863    0.804075   -0.633872   -1.056555    0.000000       -2.058627        1.000000    2.668880    0.444693    0.084364    5.947363
    0.166667    0.837129   -0.571598   -1.080913    0.000000       -2.085581        1.000000    2.975568    0.546387    0.084364    5.947363
    0.176471    0.867091   -0.507622   -1.115586    0.000000       -2.123443        1.000000    3.293232    0.660570    0.084364    5.947363
    0.186275    0.893735   -0.441217   -1.165036    0.000000       -2.176782        1.000000    3.620658    0.786950    0.084364    5.947363
    0.196078    0.916792   -0.371380   -1.233958    0.000000       -2.250359        1.000000    3.956531    0.924917    0.084364    5.947363
    0.205882    0.935934   -0.296938   -1.321816    0.000000       -2.343508        1.000000    4.299417    1.073487    0.084364    5.947363
    0.215686    0.950781   -0.217299   -1.404462    0.000000       -2.431495        1.000000    4.647742    1.231222    0.084364    5.947363
    0.225490    0.960989   -0.134796   -1.400572    0.000000       -2.431727        1.000000    4.999807    1.396103    0.084364    5.947363
    0.235294    0.966542   -0.058051   -1.191557    0.000000       -2.224430        1.000000    5.353906    1.565564    0.084364    5.947363
    0.245098    0.968112    0.000262   -0.789800    0.000000       -1.822739        1.000000    5.708580    1.736983    0.084364    5.947363
    0.254902    0.966998    0.033957   -0.379951    0.000000       -1.413483        1.000000    6.062846    1.908486    0.084364    5.947363
    0.264706    0.964556    0.047005   -0.090644    0.000000       -1.126245        1.000000    6.416218    2.079212    0.084364    5.947363
    0.274510    0.961771    0.046978    0.073699    0.000000       -0.964902        1.000000    6.768569    2.248949    0.084364    5.947363
    0.284314    0.959212    0.040091    0.151272    0.000000       -0.890414        1.000000    7.119983    2.417764    0.084364    5.947363
    0.294118    0.957151    0.030357    0.175976    0.000000       -0.868309        1.000000    7.470642    2.585820    0.084364    5.947363
    0.303922    0.955680    0.020160    0.170013    0.000000       -0.876149        1.000000    7.820761    2.753308    0.084364    5.947363
    0.313725    0.954783    0.010858    0.147044    0.000000       -0.900253        1.000000    8.170552    2.920416    0.084364    5.947363
    0.323529    0.954383    0.003174    0.115663    0.000000       -0.932130        1.000000    8.520197    3.087316    0.084364    5.947363
    0.333333    0.954375   -0.002578    0.081573    0.000000       -0.966229        1.000000    8.869839    3.254152    0.084364    5.947363
    0.343137    0.954645   -0.006364    0.048758    0.000000       -0.998730        1.000000    9.219579    3.421035    0.084364    5.947363
    0.352941    0.955082   -0.008344    0.020020    0.000000       -1.026974        1.000000    9.569480    3.588043    0.084364    5.947363
    0.362745    0.955588   -0.008814   -0.002820    0.000000       -1.049255        1.000000    9.919566    3.755216    0.084364    5.947363
    0.372549    0.956088   -0.008148   -0.018873    0.000000       -1.064768        1.000000   10.269835    3.922568    0.084364    5.947363
    0.382353    0.956524   -0.006745   -0.028141    0.000000       -1.073569        1.000000   10.620264    4.090086    0.084364    5.947363
    0.392157    0.956867   -0.004983   -0.031391    0.000000       -1.076455        1.000000   10.970819    4.257743    0.084364    5.947363
    0.401961    0.957105   -0.003176   -0.029933    0.000000       -1.074746        1.000000   11.321461    4.425503    0.084364    5.947363
    0.411765    0.957241   -0.001554   -0.025324    0.000000       -1.069992        1.000000   11.672152    4.593330    0.084364    5.947363
    0.421569    0.957292   -0.000255   -0.019087    0.000000       -1.063700        1.000000   12.022863    4.761189    0.084364    5.947363
    0.431373    0.957278    0.000665   -0.012499    0.000000       -1.057127        1.000000   12.373568    4.929055    0.084364    5.947363
    0.441176    0.957222    0.001214   -0.006487    0.000000       -1.051176        1.000000   12.724253    5.096907    0.084364    5.947363
    0.450980    0.957143    0.001444   -0.001604    0.000000       -1.046379        1.000000   13.074908    5.264735    0.084364    5.947363
    0.460784    0.957058    0.001428    0.001917    0.000000       -1.042951        1.000000   13.425533    5.432533    0.084364    5.947363
    0.470588    0.956980    0.001247    0.004085    0.000000       -1.040868        1.000000   13.776129    5.600303    0.084364    5.947363
    0.480392    0.956915    0.000975    0.005073    0.000000       -1.039952        1.000000   14.126701    5.768048    0.084364    5.947363
    0.490196    0.956866    0.000673    0.005135    0.000000       -1.039943        1.000000   14.477255    5.935773    0.084364    5.947363
    0.500000    0.956836    0.000388    0.004552    0.000000       -1.040559        1.000000   14.827799    6.103484    0.084364    5.947363
    0.509804    0.956820    0.000150    0.003591    0.000000       -1.041537        1.000000   15.178336    6.271187    0.084364    5.947363
    0.519608    0.956817   -0.000027    0.002474    0.000000       -1.042658        1.000000   15.528873    6.438886    0.084364    5.947363
    0.529412    0.956822   -0.000139    0.001368    0.000000       -1.043759        1.000000   15.879411    6.606587    0.084364    5.947363
    0.539216    0.956832   -0.000189    0.000380    0.000000       -1.044736        1.000000   16.229953    6.774290    0.084364    5.947363
    0.549020    0.956843   -0.000187   -0.000440    0.000000       -1.045543        1.000000   16.580499    6.941997    0.084364    5.947363
    0.558824    0.956853   -0.000141   -0.001088    0.000000       -1.046181        1.000000   16.931048    7.109707    0.084364    5.947363
    0.568627    0.956859   -0.000062   -0.001605    0.000000       -1.046691        1.000000   17.281600    7.277420    0.084364    5.947363
    0.578431    0.956860    0.000045   -0.002061    0.000000       -1.047146        1.000000   17.632152    7.445135    0.084364    5.947363
    0.588235    0.956853    0.000179   -0.002552    0.000000       -1.047644        1.000000   17.982701    7.612849    0.084364    5.947363
    0.598039    0.956838    0.000345   -0.003201    0.000000       -1.048310        1.000000   18.333246    7.780559    0.084364    5.947363
    0.607843    0.956812    0.000558   -0.004160    0.000000       -1.049297        1.000000   18.683780    7.948261    0.084364    5.947363
    0.617647    0.956772    0.000840   -0.005622    0.000000       -1.050803        1.000000   19.034300    8.115953    0.084364    5.947363
    0.627451    0.956712    0.001228   -0.007839    0.000000       -1.053084        1.000000   19.384798    8.283626    0.084364    5.947363
    0.637255    0.956625    0.001776   -0.011150    0.000000       -1.056490        1.000000   19.735264    8.451275    0.084364    5.947363
    0.647059    0.956501    0.002559   -0.016027    0.000000       -1.061501        1.000000   20.085684    8.618886    0.084364    5.947363
    0.656863    0.956320    0.003687   -0.023119    0.000000       -1.068787        1.000000   20.436039    8.786445    0.084364    5.947363
    0.666667    0.956061    0.005315   -0.033322    0.000000       -1.079266        1.000000   20.786298    8.953926    0.084364    5.947363
    0.676471    0.955687    0.007657   -0.047844    0.000000       -1.094181        1.000000   21.136420    9.121295    0.084364    5.947363
    0.686275    0.955148    0.011009   -0.068259    0.000000       -1.115153        1.000000   21.486345    9.288503    0.084364    5.947363
    0.696078    0.954376    0.015769   -0.096513    0.000000       -1.144188        1.000000   21.835987    9.455476    0.084364    5.947363
    0.705882    0.953272    0.022459   -0.134810    0.000000       -1.183564        1.000000   22.185225    9.622110    0.084364    5.947363
    0.715686    0.951707    0.031727   -0.185296    0.000000       -1.235511        1.000000   22.533889    9.788251    0.084364    5.947363
    0.725490    0.949508    0.044334   -0.249476    0.000000       -1.301618        1.000000   22.881748    9.953683    0.084364    5.947363
    0.735294    0.946458    0.061089   -0.327412    0.000000       -1.382012        1.000000   23.228489   10.118102    0.084364    5.947363
    0.745098    0.942294    0.082743   -0.416985    0.000000       -1.474595        1.000000   23.573705   10.281085    0.084364    5.947363
    0.754902    0.936715    0.109855   -0.513700    0.000000       -1.574825        1.000000   23.916877   10.442070    0.084364    5.947363
    0.764706    0.929401    0.142668   -0.611424    0.000000       -1.676454        1.000000   24.257369   10.600333    0.084364    5.947363
    0.774510    0.920030    0.181054   -0.703902    0.000000       -1.773057        1.000000   24.594428   10.754987    0.084364    5.947363
    0.784314    0.908310    0.224556   -0.786318    0.000000       -1.859622        1.000000   24.927194   10.905007    0.084364    5.947363
    0.794118    0.893988    0.272503   -0.856112    0.000000       -1.933419        1.000000   25.254712   11.049268    0.084364    5.947363
    0.803922    0.876868    0.324138   -0.912888    0.000000       -1.993923        1.000000   25.575959   11.186616    0.084364    5.947363
    0.813725    0.856810    0.378727   -0.957736    0.000000       -2.042148        1.000000   25.889857   11.315930    0.084364    5.947363
    0.823529    0.833732    0.435628   -0.992469    0.000000       -2.079876        1.000000   26.195300   11.436193    0.084364    5.947363
    0.833333    0.807598    0.494306   -1.019051    0.000000       -2.109072        1.000000   26.491169   11.546551    0.084364    5.947363
    0.843137    0.778417    0.554341   -1.039274    0.000000       -2.131553        1.000000   26.776347   11.646357    0.084364    5.947363
    0.852941    0.746234    0.615406   -1.054634    0.000000       -2.148847        1.000000   27.049735   11.735201    0.084364    5.947363
    0.862745    0.711126    0.677256   -1.066314    0.000000       -2.162176        1.000000   27.310260   11.812932    0.084364    5.947363
    0.872549    0.673194    0.739701   -1.075223    0.000000       -2.172484        1.000000   27.556890   11.879657    0.084364    5.947363
    0.882353    0.632564    0.802602   -1.082044    0.000000       -2.180490        1.000000   27.788634   11.935733    0.084364    5.947363
    0.892157    0.589380    0.865853   -1.087288    0.000000       -2.186733        1.000000   28.004557   11.981747    0.084364    5.947363
    0.901961    0.543801    0.929373   -1.091334    0.000000       -2.191620        1.000000   28.203782   12.018489    0.084364    5.947363
    0.911765    0.496003    0.993101   -1.094465    0.000000       -2.195455        1.000000   28.385497   12.046910    0.084364    5.947363
    0.921569    0.446174    1.056990   -1.096890    0.000000       -2.198467        1.000000   28.548956   12.068081    0.084364    5.947363
    0.931373    0.394514    1.121004   -1.098766    0.000000       -2.200828        1.000000   28.693488   12.083143    0.084364    5.947363
    0.941176    0.341229    1.185114   -1.100212    0.000000       -2.202670        1.000000   28.818500   12.093258    0.084364    5.947363
    0.950980    0.286539    1.249299   -1.101314    0.000000       -2.204090        1.000000   28.923475   12.099558    0.084364    5.947363
    0.960784    0.230665    1.313539   -1.102138    0.000000       -2.205163        1.000000   29.007981   12.103096    0.084364    5.947363
    0.970588    0.173839    1.377820   -1.102734    0.000000       -2.205945        1.000000   29.071668   12.104802    0.084364    5.947363
    0.980392    0.116293    1.442130   -1.103135    0.000000       -2.206477        1.000000   29.114273   12.105444    0.084364    5.947363
    0.990196    0.058267    1.506459   -1.103367    0.000000       -2.206784        1.000000   29.135619   12.105594    0.084364    5.947363
    1.000000    0.000000    1.570796   -1.103443    0.000000       -2.206885        1.000000   29.135619   12.105604    0.084364    5.947363
