           t           r         psi          cs          qs               p             sig           A           V          Q2           S
    0.000000    0.000000   -1.570796   -0.995110    0.000000       -1.990220        1.000000    0.000000    0.000000    0.021060    4.964493
    0.009804    0.048652   -1.522363   -0.995115    0.000000       -1.990227        1.000000    0.000000    0.000004    0.021060    4.964493
    0.019608    0.097191   -1.473929   -0.995131    0.000000       -1.990249        1.000000    0.029722    0.000070    0.021060    4.964493
    0.029412    0.145501   -1.425493   -0.995159    0.000000       -1.990285        1.000000    0.074218    0.000353    0.021060    4.964493
    0.039216    0.193470   -1.377057   -0.995198    0.000000       -1.990337        1.000000    0.133384    0.001109    0.021060    4.964493
    0.049020    0.240986   -1.328618   -0.995252    0.000000       -1.990408        1.000000    0.207080    0.002688    0.021060    4.964493
    0.058824    0.287936   -1.280176   -0.995323    0.000000       -1.990500        1.000000    0.295134    0.005527    0.021060    4.964493
    0.068627    0.334210   -1.231730   -0.995414    0.000000       -1.990617        1.000000    0.397340    0.010135    0.021060    4.964493
    0.078431    0.379701   -1.183279   -0.995528    0.000000       -1.990763        1.000000    0.513457    0.017089    0.021060    4.964493
    0.088235    0.424300   -1.134821   -0.995671    0.000000       -1.990944        1.000000    0.643213    0.027011    0.021060    4.964493
    0.098039    0.467903   -1.086356   -0.995851    0.000000       -1.991169        1.000000    0.786303    0.040562    0.021060    4.964493
    0.107843    0.510408   -1.037882   -0.996077    0.000000       -1.991448        1.000000    0.942392    0.058419    0.021060    4.964493
    0.117647    0.551715   -0.989394   -0.996360    0.000000       -1.991794        1.000000    1.111114    0.081263    0.021060    4.964493
    0.127451    0.591725   -0.940892   -0.996717    0.000000       -1.992226        1.000000    1.292070    0.109760    0.021060    4.964493
    0.137255    0.630345   -0.892369   -0.997171    0.000000       -1.992767        1.000000    1.484837    0.144543    0.021060    4.964493
    0.147059    0.667483   -0.843822   -0.997753    0.000000       -1.993452        1.000000    1.688962    0.186202    0.021060    4.964493
    0.156863    0.703050   -0.795242   -0.998506    0.000000       -1.994327        1.000000    1.903963    0.235259    0.021060    4.964493
    0.166667    0.736961   -0.746621   -0.999491    0.000000       -1.995457        1.000000    2.129335    0.292163    0.021060    4.964493
    0.176471    0.769135   -0.697944   -1.000799    0.000000       -1.996938        1.000000    2.364545    0.357270    0.021060    4.964493
    0.186275    0.799492   -0.649193   -1.002564    0.000000       -1.998911        1.000000    2.609040    0.430836    0.021060    4.964493
    0.196078    0.827958   -0.600340   -1.004988    0.000000       -2.001588        1.000000    2.862239    0.513006    0.021060    4.964493
    0.205882    0.854460   -0.551348   -1.008394    0.000000       -2.005303        1.000000    3.123543    0.603807    0.021060    4.964493
    0.215686    0.878927   -0.502156   -1.013301    0.000000       -2.010593        1.000000    3.392330    0.703142    0.021060    4.964493
    0.225490    0.901290   -0.452672   -1.020586    0.000000       -2.018358        1.000000    3.667955    0.810791    0.021060    4.964493
    0.235294    0.921478   -0.402746   -1.031792    0.000000       -2.030175        1.000000    3.949754    0.926403    0.021060    4.964493
    0.245098    0.939417   -0.352126   -1.049743    0.000000       -2.048918        1.000000    4.237039    1.049507    0.021060    4.964493
    0.254902    0.955019   -0.300367   -1.079831    0.000000       -2.080050        1.000000    4.529095    1.179505    0.021060    4.964493
    0.264706    0.968174   -0.246652   -1.132408    0.000000       -2.134020        1.000000    4.825175    1.315678    0.021060    4.964493
    0.274510    0.978720   -0.189490   -1.224715    0.000000       -2.228168        1.000000    5.124479    1.457180    0.021060    4.964493
    0.284314    0.986408   -0.126683   -1.358718    0.000000       -2.364373        1.000000    5.426135    1.603000    0.021060    4.964493
    0.294118    0.990924   -0.059115   -1.359929    0.000000       -2.367325        1.000000    5.729171    1.751869    0.021060    4.964493
    0.303922    0.992341   -0.003376   -0.844021    0.000000       -1.851733        1.000000    6.032641    1.902213    0.021060    4.964493
    0.313725    0.991778    0.021354   -0.216698    0.000000       -1.224759        1.000000    6.335939    2.052716    0.021060    4.964493
    0.323529    0.990631    0.023379    0.082813    0.000000       -0.926369        1.000000    6.638886    2.202905    0.021060    4.964493
    0.333333    0.989638    0.016772    0.165581    0.000000       -0.844748        1.000000    6.941529    2.352769    0.021060    4.964493
    0.343137    0.989020    0.008712    0.156559    0.000000       -0.854505        1.000000    7.243983    2.502407    0.021060    4.964493
    0.352941    0.988766    0.002070    0.113451    0.000000       -0.897909        1.000000    7.546360    2.651925    0.021060    4.964493
    0.362745    0.988780   -0.002213    0.062682    0.000000       -0.948663        1.000000    7.848740    2.801411    0.021060    4.964493
    0.372549    0.988943   -0.004137    0.018204    0.000000       -0.992968        1.000000    8.151171    2.950927    0.021060    4.964493
    0.382353    0.989152   -0.004211   -0.012516    0.000000       -1.023474        1.000000    8.453666    3.100500    0.021060    4.964493
    0.392157    0.989335   -0.003180   -0.027293    0.000000       -1.038068        1.000000    8.756216    3.250135    0.021060    4.964493
    0.401961    0.989456   -0.001775   -0.028587    0.000000       -1.039242        1.000000    9.058804    3.399816    0.021060    4.964493
    0.411765    0.989510   -0.000531   -0.021660    0.000000       -1.032260        1.000000    9.361408    3.549524    0.021060    4.964493
    0.421569    0.989514    0.000290   -0.012012    0.000000       -1.022609        1.000000    9.664013    3.699241    0.021060    4.964493
    0.431373    0.989490    0.000659   -0.003530    0.000000       -1.014152        1.000000    9.966611    3.848954    0.021060    4.964493
    0.441176    0.989456    0.000683    0.002011    0.000000       -1.008645        1.000000   10.269199    3.998657    0.021060    4.964493
    0.450980    0.989426    0.000513    0.004479    0.000000       -1.006208        1.000000   10.571777    4.148351    0.021060    4.964493
    0.460784    0.989407    0.000284    0.004632    0.000000       -1.006075        1.000000   10.874350    4.298037    0.021060    4.964493
    0.470588    0.989398    0.000084    0.003488    0.000000       -1.007228        1.000000   11.176920    4.447720    0.021060    4.964493
    0.480392    0.989398   -0.000049    0.001937    0.000000       -1.008779        1.000000   11.479489    4.597400    0.021060    4.964493
    0.490196    0.989402   -0.000108    0.000570    0.000000       -1.010142        1.000000   11.782060    4.747082    0.021060    4.964493
    0.500000    0.989407   -0.000112   -0.000336    0.000000       -1.011042        1.000000   12.084633    4.896765    0.021060    4.964493
    0.509804    0.989412   -0.000083   -0.000753    0.000000       -1.011454        1.000000   12.387207    5.046449    0.021060    4.964493
    0.519608    0.989415   -0.000045   -0.000798    0.000000       -1.011496        1.000000   12.689782    5.196135    0.021060    4.964493
    0.529412    0.989416   -0.000009   -0.000639    0.000000       -1.011335        1.000000   12.992358    5.345821    0.021060    4.964493
    0.539216    0.989416    0.000017   -0.000433    0.000000       -1.011130        1.000000   13.294933    5.495508    0.021060    4.964493
    0.549020    0.989415    0.000034   -0.000300    0.000000       -1.010998        1.000000   13.597508    5.645194    0.021060    4.964493
    0.558824    0.989413    0.000048   -0.000318    0.000000       -1.011018        1.000000   13.900082    5.794880    0.021060    4.964493
    0.568627    0.989410    0.000069   -0.000555    0.000000       -1.011258        1.000000   14.202656    5.944565    0.021060    4.964493
    0.578431    0.989406    0.000108   -0.001105    0.000000       -1.011813        1.000000   14.505228    6.094249    0.021060    4.964493
    0.588235    0.989399    0.000184   -0.002148    0.000000       -1.012862        1.000000   14.807798    6.243932    0.021060    4.964493
    0.598039    0.989387    0.000330   -0.004030    0.000000       -1.014757        1.000000   15.110365    6.393611    0.021060    4.964493
    0.607843    0.989365    0.000600   -0.007405    0.000000       -1.018154        1.000000   15.412925    6.543286    0.021060    4.964493
    0.617647    0.989325    0.001094   -0.013459    0.000000       -1.024248        1.000000   15.715472    6.692952    0.021060    4.964493
    0.627451    0.989252    0.001987   -0.024271    0.000000       -1.035133        1.000000   16.017997    6.842600    0.021060    4.964493
    0.637255    0.989120    0.003589   -0.043341    0.000000       -1.054334        1.000000   16.320482    6.992219    0.021060    4.964493
    0.647059    0.988883    0.006428   -0.076158    0.000000       -1.087379        1.000000   16.622894    7.141781    0.021060    4.964493
    0.656863    0.988461    0.011348   -0.130247    0.000000       -1.141856        1.000000   16.925178    7.291243    0.021060    4.964493
    0.666667    0.987725    0.019580   -0.213351    0.000000       -1.225585        1.000000   17.227236    7.440522    0.021060    4.964493
    0.676471    0.986477    0.032639   -0.328275    0.000000       -1.341444        1.000000   17.528912    7.589474    0.021060    4.964493
    0.686275    0.984447    0.051917   -0.466293    0.000000       -1.480723        1.000000   17.829968    7.737859    0.021060    4.964493
    0.696078    0.981314    0.078075   -0.607087    0.000000       -1.623025        1.000000   18.130065    7.885296    0.021060    4.964493
    0.705882    0.976751    0.110709   -0.729611    0.000000       -1.747146        1.000000   18.428767    8.031245    0.021060    4.964493
    0.715686    0.970476    0.148624   -0.823381    0.000000       -1.842444        1.000000   18.725551    8.175016    0.021060    4.964493
    0.725490    0.962278    0.190404   -0.889256    0.000000       -1.909676        1.000000   19.019827    8.315813    0.021060    4.964493
    0.735294    0.952017    0.234835   -0.933470    0.000000       -1.955041        1.000000   19.310965    8.452788    0.021060    4.964493
    0.745098    0.939608    0.281028   -0.962666    0.000000       -1.985188        1.000000   19.598309    8.585096    0.021060    4.964493
    0.754902    0.925011    0.328385   -0.981985    0.000000       -2.005286        1.000000   19.881188    8.711928    0.021060    4.964493
    0.764706    0.908214    0.376515   -0.994927    0.000000       -2.018861        1.000000   20.158931    8.832548    0.021060    4.964493
    0.774510    0.889226    0.425168   -1.003744    0.000000       -2.028196        1.000000   20.430867    8.946310    0.021060    4.964493
    0.784314    0.868073    0.474179   -1.009866    0.000000       -2.034742        1.000000   20.696334    9.052671    0.021060    4.964493
    0.794118    0.844793    0.523442   -1.014196    0.000000       -2.039422        1.000000   20.954682    9.151208    0.021060    4.964493
    0.803922    0.819432    0.572884   -1.017314    0.000000       -2.042831        1.000000   21.205274    9.241619    0.021060    4.964493
    0.813725    0.792047    0.622457   -1.019598    0.000000       -2.045356        1.000000   21.447492    9.323729    0.021060    4.964493
    0.823529    0.762700    0.672126   -1.021295    0.000000       -2.047255        1.000000   21.680735    9.397490    0.021060    4.964493
    0.833333    0.731460    0.721866   -1.022574    0.000000       -2.048705        1.000000   21.904424    9.462976    0.021060    4.964493
    0.843137    0.698403    0.771661   -1.023551    0.000000       -2.049825        1.000000   22.118004    9.520382    0.021060    4.964493
    0.852941    0.663608    0.821498   -1.024303    0.000000       -2.050700        1.000000   22.320944    9.570009    0.021060    4.964493
    0.862745    0.627161    0.871367   -1.024890    0.000000       -2.051390        1.000000   22.512737    9.612260    0.021060    4.964493
    0.872549    0.589151    0.921262   -1.025350    0.000000       -2.051939        1.000000   22.692906    9.647622    0.021060    4.964493
    0.882353    0.549672    0.971176   -1.025714    0.000000       -2.052378        1.000000   22.861003    9.676656    0.021060    4.964493
    0.892157    0.508823    1.021107   -1.026003    0.000000       -2.052732        1.000000   23.016607    9.699978    0.021060    4.964493
    0.901961    0.466703    1.071050   -1.026234    0.000000       -2.053017        1.000000   23.159330    9.718242    0.021060    4.964493
    0.911765    0.423420    1.121003   -1.026419    0.000000       -2.053248        1.000000   23.288817    9.732125    0.021060    4.964493
    0.921569    0.379079    1.170964   -1.026566    0.000000       -2.053435        1.000000   23.404744    9.742305    0.021060    4.964493
    0.931373    0.333792    1.220931   -1.026684    0.000000       -2.053585        1.000000   23.506822    9.749449    0.021060    4.964493
    0.941176    0.287671    1.270904   -1.026777    0.000000       -2.053705        1.000000   23.594795    9.754188    0.021060    4.964493
    0.950980    0.240832    1.320880   -1.026850    0.000000       -2.053800        1.000000   23.668444    9.757111    0.021060    4.964493
    0.960784    0.193391    1.370860   -1.026906    0.000000       -2.053873        1.000000   23.727586    9.758738    0.021060    4.964493
    0.970588    0.145468    1.420842   -1.026947    0.000000       -2.053927        1.000000   23.772072    9.759517    0.021060    4.964493
    0.980392    0.097181    1.470826   -1.026975    0.000000       -2.053965        1.000000   23.801791    9.759809    0.021060    4.964493
    0.990196    0.048651    1.520811   -1.026991    0.000000       -2.053987        1.000000   23.816669    9.759877    0.021060    4.964493
    1.000000    0.000000    1.570796   -1.026997    0.000000       -2.053994        1.000000   23.816669    9.759881    0.021060    4.964493
