           t           r         psi          cs          qs               p             sig           A           V          Q2           S
    0.000000    0.000000   -1.570796   -0.997713    0.000000       -1.995426        1.000000    0.000000    0.000000    0.007742    4.932695
    0.009804    0.048341   -1.522547   -0.997714    0.000000       -1.995428        1.000000    0.000000    0.000004    0.007742    4.932695
    0.019608    0.096569   -1.474298   -0.997718    0.000000       -1.995432        1.000000    0.029343    0.000068    0.007742    4.932695
    0.029412    0.144573   -1.426048   -0.997724    0.000000       -1.995440        1.000000    0.073272    0.000345    0.007742    4.932695
    0.039216    0.192240   -1.377798   -0.997732    0.000000       -1.995451        1.000000    0.131685    0.001084    0.007742    4.932695
    0.049020    0.239460   -1.329548   -0.997744    0.000000       -1.995466        1.000000    0.204446    0.002627    0.007742    4.932695
    0.058824    0.286123   -1.281297   -0.997759    0.000000       -1.995486        1.000000    0.291385    0.005401    0.007742    4.932695
    0.068627    0.332119   -1.233045   -0.997778    0.000000       -1.995511        1.000000    0.392300    0.009906    0.007742    4.932695
    0.078431    0.377342   -1.184792   -0.997802    0.000000       -1.995542        1.000000    0.506957    0.016704    0.007742    4.932695
    0.088235    0.421687   -1.136538   -0.997833    0.000000       -1.995581        1.000000    0.635088    0.026405    0.007742    4.932695
    0.098039    0.465050   -1.088282   -0.997871    0.000000       -1.995629        1.000000    0.776395    0.039656    0.007742    4.932695
    0.107843    0.507331   -1.040024   -0.997919    0.000000       -1.995688        1.000000    0.930549    0.057121    0.007742    4.932695
    0.117647    0.548431   -0.991764   -0.997980    0.000000       -1.995762        1.000000    1.097192    0.079466    0.007742    4.932695
    0.127451    0.588253   -0.943500   -0.998056    0.000000       -1.995854        1.000000    1.275934    0.107345    0.007742    4.932695
    0.137255    0.626706   -0.895232   -0.998152    0.000000       -1.995969        1.000000    1.466361    0.141383    0.007742    4.932695
    0.147059    0.663699   -0.846959   -0.998275    0.000000       -1.996114        1.000000    1.668028    0.182158    0.007742    4.932695
    0.156863    0.699147   -0.798679   -0.998435    0.000000       -1.996300        1.000000    1.880466    0.230186    0.007742    4.932695
    0.166667    0.732965   -0.750390   -0.998644    0.000000       -1.996539        1.000000    2.103180    0.285911    0.007742    4.932695
    0.176471    0.765076   -0.702089   -0.998920    0.000000       -1.996853        1.000000    2.335651    0.349687    0.007742    4.932695
    0.186275    0.795404   -0.653773   -0.999293    0.000000       -1.997270        1.000000    2.577337    0.421773    0.007742    4.932695
    0.196078    0.823877   -0.605436   -0.999806    0.000000       -1.997836        1.000000    2.827675    0.502316    0.007742    4.932695
    0.205882    0.850427   -0.557069   -1.000525    0.000000       -1.998621        1.000000    3.086080    0.591352    0.007742    4.932695
    0.215686    0.874992   -0.508661   -1.001561    0.000000       -1.999740        1.000000    3.351949    0.688797    0.007742    4.932695
    0.225490    0.897511   -0.460191   -1.003105    0.000000       -2.001385        1.000000    3.624661    0.794445    0.007742    4.932695
    0.235294    0.917928   -0.411627   -1.005491    0.000000       -2.003903        1.000000    3.903576    0.907966    0.007742    4.932695
    0.245098    0.936191   -0.362916   -1.009364    0.000000       -2.007948        1.000000    4.188041    1.028915    0.007742    4.932695
    0.254902    0.952247   -0.313958   -1.016034    0.000000       -2.014849        1.000000    4.477385    1.156727    0.007742    4.932695
    0.264706    0.966042   -0.264556   -1.028442    0.000000       -2.027579        1.000000    4.770920    1.290732    0.007742    4.932695
    0.274510    0.977513   -0.214283   -1.053924    0.000000       -2.053531        1.000000    5.067940    1.430155    0.007742    4.932695
    0.284314    0.986571   -0.162099   -1.112911    0.000000       -2.113235        1.000000    5.367713    1.574128    0.007742    4.932695
    0.294118    0.993043   -0.105254   -1.258631    0.000000       -2.260063        1.000000    5.669453    1.721683    0.007742    4.932695
    0.303922    0.996577   -0.039860   -1.376332    0.000000       -2.378970        1.000000    5.972266    1.871688    0.007742    4.932695
    0.313725    0.997152    0.008325   -0.472667    0.000000       -1.475488        1.000000    6.275254    2.022697    0.007742    4.932695
    0.323529    0.996508    0.013753    0.105991    0.000000       -0.897419        1.000000    6.578046    2.173654    0.007742    4.932695
    0.333333    0.996013    0.006320    0.161053    0.000000       -0.842931        1.000000    6.880688    2.324429    0.007742    4.932695
    0.343137    0.995873    0.000038    0.091930    0.000000       -0.912214        1.000000    7.183287    2.475117    0.007742    4.932695
    0.352941    0.995947   -0.002515    0.017297    0.000000       -0.986769        1.000000    7.485909    2.625800    0.007742    4.932695
    0.362745    0.996069   -0.002202   -0.023355    0.000000       -1.027299        1.000000    7.788568    2.776516    0.007742    4.932695
    0.372549    0.996144   -0.000866   -0.026982    0.000000       -1.030852        1.000000    8.091250    2.927264    0.007742    4.932695
    0.382353    0.996159    0.000126   -0.013043    0.000000       -1.016898        1.000000    8.393936    3.078025    0.007742    4.932695
    0.392157    0.996143    0.000424   -0.000406    0.000000       -1.004278        1.000000    8.696617    3.228784    0.007742    4.932695
    0.401961    0.996125    0.000295    0.004503    0.000000       -0.999387        1.000000    8.999293    3.379539    0.007742    4.932695
    0.411765    0.996116    0.000080    0.003798    0.000000       -1.000100        1.000000    9.301966    3.530289    0.007742    4.932695
    0.421569    0.996116   -0.000046    0.001399    0.000000       -1.002500        1.000000    9.604640    3.681037    0.007742    4.932695
    0.431373    0.996119   -0.000068   -0.000294    0.000000       -1.004190        1.000000    9.907314    3.831786    0.007742    4.932695
    0.441176    0.996122   -0.000038   -0.000769    0.000000       -1.004662        1.000000   10.209988    3.982536    0.007742    4.932695
    0.450980    0.996123   -0.000005   -0.000515    0.000000       -1.004408        1.000000   10.512664    4.133287    0.007742    4.932695
    0.460784    0.996122    0.000010   -0.000129    0.000000       -1.004022        1.000000   10.815339    4.284038    0.007742    4.932695
    0.470588    0.996122    0.000010    0.000089    0.000000       -1.003804        1.000000   11.118014    4.434789    0.007742    4.932695
    0.480392    0.996122    0.000004    0.000121    0.000000       -1.003773        1.000000   11.420688    4.585539    0.007742    4.932695
    0.490196    0.996121   -0.000000    0.000065    0.000000       -1.003829        1.000000   11.723363    4.736289    0.007742    4.932695
    0.500000    0.996121   -0.000002    0.000007    0.000000       -1.003886        1.000000   12.026038    4.887040    0.007742    4.932695
    0.509804    0.996122   -0.000001   -0.000019    0.000000       -1.003912        1.000000   12.328713    5.037790    0.007742    4.932695
    0.519608    0.996122   -0.000000   -0.000018    0.000000       -1.003911        1.000000   12.631388    5.188541    0.007742    4.932695
    0.529412    0.996122    0.000000   -0.000008    0.000000       -1.003901        1.000000   12.934063    5.339291    0.007742    4.932695
    0.539216    0.996122    0.000000   -0.000000    0.000000       -1.003894        1.000000   13.236737    5.490042    0.007742    4.932695
    0.549020    0.996122    0.000000    0.000002    0.000000       -1.003892        1.000000   13.539412    5.640792    0.007742    4.932695
    0.558824    0.996122    0.000000   -0.000002    0.000000       -1.003896        1.000000   13.842087    5.791543    0.007742    4.932695
    0.568627    0.996122    0.000001   -0.000012    0.000000       -1.003905        1.000000   14.144762    5.942293    0.007742    4.932695
    0.578431    0.996121    0.000002   -0.000034    0.000000       -1.003927        1.000000   14.447437    6.093044    0.007742    4.932695
    0.588235    0.996121    0.000004   -0.000089    0.000000       -1.003983        1.000000   14.750112    6.243794    0.007742    4.932695
    0.598039    0.996121    0.000012   -0.000235    0.000000       -1.004129        1.000000   15.052786    6.394544    0.007742    4.932695
    0.607843    0.996120    0.000031   -0.000621    0.000000       -1.004517        1.000000   15.355461    6.545295    0.007742    4.932695
    0.617647    0.996118    0.000082   -0.001646    0.000000       -1.005544        1.000000   15.658134    6.696044    0.007742    4.932695
    0.627451    0.996111    0.000216   -0.004354    0.000000       -1.008258        1.000000   15.960806    6.846793    0.007742    4.932695
    0.637255    0.996093    0.000572   -0.011459    0.000000       -1.015381        1.000000   16.263472    6.997538    0.007742    4.932695
    0.647059    0.996047    0.001501   -0.029782    0.000000       -1.033750        1.000000   16.566124    7.148274    0.007742    4.932695
    0.656863    0.995925    0.003878   -0.074990    0.000000       -1.079074        1.000000   16.868739    7.298985    0.007742    4.932695
    0.666667    0.995618    0.009642   -0.175363    0.000000       -1.179718        1.000000   17.171261    7.449634    0.007742    4.932695
    0.676471    0.994884    0.022141   -0.354363    0.000000       -1.359259        1.000000   17.473560    7.600117    0.007742    4.932695
    0.686275    0.993313    0.044673   -0.578028    0.000000       -1.583756        1.000000   17.775381    7.750201    0.007742    4.932695
    0.696078    0.990399    0.077402   -0.763963    0.000000       -1.770633        1.000000   18.076318    7.899425    0.007742    4.932695
    0.705882    0.985720    0.117364   -0.877479    0.000000       -1.884987        1.000000   18.375832    8.047088    0.007742    4.932695
    0.715686    0.979013    0.161409   -0.937478    0.000000       -1.945638        1.000000   18.673308    8.192329    0.007742    4.932695
    0.725490    0.970148    0.207574   -0.968436    0.000000       -1.977079        1.000000   18.968091    8.334228    0.007742    4.932695
    0.735294    0.959070    0.254846   -0.984927    0.000000       -1.993927        1.000000   19.259507    8.471876    0.007742    4.932695
    0.745098    0.945765    0.302721   -0.994159    0.000000       -2.003425        1.000000   19.546881    8.604414    0.007742    4.932695
    0.754902    0.930242    0.350941   -0.999597    0.000000       -2.009065        1.000000   19.829539    8.731058    0.007742    4.932695
    0.764706    0.912525    0.399368   -1.002953    0.000000       -2.012577        1.000000   20.106812    8.851113    0.007742    4.932695
    0.774510    0.892647    0.447927   -1.005110    0.000000       -2.014856        1.000000   20.378046    8.963988    0.007742    4.932695
    0.784314    0.870651    0.496571   -1.006547    0.000000       -2.016390        1.000000   20.642596    9.069203    0.007742    4.932695
    0.794118    0.846586    0.545272   -1.007532    0.000000       -2.017455        1.000000   20.899834    9.166400    0.007742    4.932695
    0.803922    0.820507    0.594014   -1.008227    0.000000       -2.018213        1.000000   21.149148    9.255338    0.007742    4.932695
    0.813725    0.792474    0.642784   -1.008727    0.000000       -2.018766        1.000000   21.389944    9.335904    0.007742    4.932695
    0.823529    0.762553    0.691575   -1.009094    0.000000       -2.019178        1.000000   21.621648    9.408102    0.007742    4.932695
    0.833333    0.730815    0.740382   -1.009369    0.000000       -2.019489        1.000000   21.843709    9.472055    0.007742    4.932695
    0.843137    0.697335    0.789200   -1.009577    0.000000       -2.019728        1.000000   22.055596    9.527998    0.007742    4.932695
    0.852941    0.662192    0.838027   -1.009737    0.000000       -2.019913        1.000000   22.256805    9.576265    0.007742    4.932695
    0.862745    0.625469    0.886861   -1.009860    0.000000       -2.020059        1.000000   22.446856    9.617281    0.007742    4.932695
    0.872549    0.587255    0.935700   -1.009957    0.000000       -2.020175        1.000000   22.625296    9.651553    0.007742    4.932695
    0.882353    0.547640    0.984543   -1.010034    0.000000       -2.020267        1.000000   22.791698    9.679647    0.007742    4.932695
    0.892157    0.506718    1.033389   -1.010095    0.000000       -2.020342        1.000000   22.945666    9.702181    0.007742    4.932695
    0.901961    0.464587    1.082239   -1.010143    0.000000       -2.020402        1.000000   23.086832    9.719806    0.007742    4.932695
    0.911765    0.421347    1.131090   -1.010182    0.000000       -2.020450        1.000000   23.214860    9.733186    0.007742    4.932695
    0.921569    0.377102    1.179943   -1.010213    0.000000       -2.020489        1.000000   23.329444    9.742988    0.007742    4.932695
    0.931373    0.331958    1.228797   -1.010238    0.000000       -2.020521        1.000000   23.430310    9.749860    0.007742    4.932695
    0.941176    0.286021    1.277652   -1.010257    0.000000       -2.020546        1.000000   23.517219    9.754416    0.007742    4.932695
    0.950980    0.239401    1.326509   -1.010273    0.000000       -2.020566        1.000000   23.589961    9.757222    0.007742    4.932695
    0.960784    0.192210    1.375365   -1.010284    0.000000       -2.020581        1.000000   23.648365    9.758784    0.007742    4.932695
    0.970588    0.144560    1.424223   -1.010293    0.000000       -2.020593        1.000000   23.692290    9.759532    0.007742    4.932695
    0.980392    0.096566    1.473080   -1.010299    0.000000       -2.020601        1.000000   23.721632    9.759812    0.007742    4.932695
    0.990196    0.048341    1.521938   -1.010302    0.000000       -2.020605        1.000000   23.736320    9.759877    0.007742    4.932695
    1.000000    0.000000    1.570796   -1.010303    0.000000       -2.020607        1.000000   23.736320    9.759881    0.007742    4.932695
