           t           r         psi          cs          qs               p             sig           A           V          Q2           S
    0.000000    0.000000   -1.570796   -0.998823    0.000000       -1.997646        1.000000    0.000000   -0.000000    0.003553    3.625042
    0.009804    0.035532   -1.535299   -0.998823    0.000000       -1.997646        1.000000    0.000000    0.000001    0.003553    3.625042
    0.019608    0.071020   -1.499801   -0.998824    0.000000       -1.997647        1.000000    0.015859    0.000020    0.003553    3.625042
    0.029412    0.106417   -1.464303   -0.998825    0.000000       -1.997648        1.000000    0.039622    0.000101    0.003553    3.625042
    0.039216    0.141681   -1.428805   -0.998826    0.000000       -1.997650        1.000000    0.071260    0.000318    0.003553    3.625042
    0.049020    0.176767   -1.393307   -0.998828    0.000000       -1.997652        1.000000    0.110732    0.000774    0.003553    3.625042
    0.058824    0.211629   -1.357809   -0.998830    0.000000       -1.997655        1.000000    0.157989    0.001598    0.003553    3.625042
    0.068627    0.246225   -1.322311   -0.998833    0.000000       -1.997659        1.000000    0.212972    0.002944    0.003553    3.625042
    0.078431    0.280511   -1.286813   -0.998836    0.000000       -1.997664        1.000000    0.275611    0.004990    0.003553    3.625042
    0.088235    0.314443   -1.251314   -0.998840    0.000000       -1.997669        1.000000    0.345826    0.007936    0.003553    3.625042
    0.098039    0.347979   -1.215816   -0.998845    0.000000       -1.997675        1.000000    0.423531    0.012000    0.003553    3.625042
    0.107843    0.381077   -1.180317   -0.998851    0.000000       -1.997683        1.000000    0.508626    0.017415    0.003553    3.625042
    0.117647    0.413694   -1.144818   -0.998858    0.000000       -1.997691        1.000000    0.601005    0.024427    0.003553    3.625042
    0.127451    0.445791   -1.109319   -0.998866    0.000000       -1.997701        1.000000    0.700551    0.033293    0.003553    3.625042
    0.137255    0.477325   -1.073820   -0.998876    0.000000       -1.997713        1.000000    0.807139    0.044275    0.003553    3.625042
    0.147059    0.508258   -1.038320   -0.998887    0.000000       -1.997727        1.000000    0.920634    0.057638    0.003553    3.625042
    0.156863    0.538551   -1.002819   -0.998900    0.000000       -1.997743        1.000000    1.040893    0.073647    0.003553    3.625042
    0.166667    0.568165   -0.967319   -0.998916    0.000000       -1.997763        1.000000    1.167765    0.092563    0.003553    3.625042
    0.176471    0.597063   -0.931817   -0.998935    0.000000       -1.997785        1.000000    1.301091    0.114639    0.003553    3.625042
    0.186275    0.625208   -0.896315   -0.998957    0.000000       -1.997812        1.000000    1.440701    0.140115    0.003553    3.625042
    0.196078    0.652566   -0.860812   -0.998984    0.000000       -1.997843        1.000000    1.586420    0.169221    0.003553    3.625042
    0.205882    0.679102   -0.825308   -0.999016    0.000000       -1.997881        1.000000    1.738065    0.202165    0.003553    3.625042
    0.215686    0.704781   -0.789803   -0.999055    0.000000       -1.997926        1.000000    1.895444    0.239136    0.003553    3.625042
    0.225490    0.729572   -0.754296   -0.999103    0.000000       -1.997981        1.000000    2.058359    0.280300    0.003553    3.625042
    0.235294    0.753444   -0.718787   -0.999162    0.000000       -1.998048        1.000000    2.226605    0.325796    0.003553    3.625042
    0.245098    0.776366   -0.683276   -0.999235    0.000000       -1.998130        1.000000    2.399969    0.375735    0.003553    3.625042
    0.254902    0.798310   -0.647762   -0.999326    0.000000       -1.998232        1.000000    2.578233    0.430197    0.003553    3.625042
    0.264706    0.819247   -0.612244   -0.999441    0.000000       -1.998359        1.000000    2.761173    0.489229    0.003553    3.625042
    0.274510    0.839151   -0.576722   -0.999588    0.000000       -1.998521        1.000000    2.948557    0.552845    0.003553    3.625042
    0.284314    0.857996   -0.541194   -0.999780    0.000000       -1.998729        1.000000    3.140149    0.621026    0.003553    3.625042
    0.294118    0.875760   -0.505658   -1.000032    0.000000       -1.999000        1.000000    3.335708    0.693715    0.003553    3.625042
    0.303922    0.892419   -0.470111   -1.000371    0.000000       -1.999362        1.000000    3.534987    0.770820    0.003553    3.625042
    0.313725    0.907951   -0.434551   -1.000836    0.000000       -1.999853        1.000000    3.737735    0.852214    0.003553    3.625042
    0.323529    0.922337   -0.398970   -1.001487    0.000000       -2.000538        1.000000    3.943694    0.937736    0.003553    3.625042
    0.333333    0.935557   -0.363362   -1.002428    0.000000       -2.001520        1.000000    4.152606    1.027188    0.003553    3.625042
    0.343137    0.947594   -0.327713   -1.003835    0.000000       -2.002977        1.000000    4.364206    1.120341    0.003553    3.625042
    0.352941    0.958430   -0.292001   -1.006028    0.000000       -2.005235        1.000000    4.578225    1.216935    0.003553    3.625042
    0.362745    0.968050   -0.256189   -1.009630    0.000000       -2.008920        1.000000    4.794393    1.316680    0.003553    3.625042
    0.372549    0.976436   -0.220206   -1.015949    0.000000       -2.015352        1.000000    5.012433    1.419256    0.003553    3.625042
    0.382353    0.983569   -0.183909   -1.028031    0.000000       -2.027592        1.000000    5.232066    1.524322    0.003553    3.625042
    0.392157    0.989424   -0.146976   -1.053897    0.000000       -2.053689        1.000000    5.453006    1.631512    0.003553    3.625042
    0.401961    0.993959   -0.108569   -1.117607    0.000000       -2.117761        1.000000    5.674959    1.740436    0.003553    3.625042
    0.411765    0.997080   -0.066310   -1.284876    0.000000       -2.285600        1.000000    5.897609    1.850681    0.003553    3.625042
    0.421569    0.998583   -0.018047   -1.286724    0.000000       -2.287980        1.000000    6.120595    1.961770    0.003553    3.625042
    0.431373    0.998627    0.008822   -0.213606    0.000000       -1.214942        1.000000    6.343591    2.073124    0.003553    3.625042
    0.441176    0.998296    0.007686    0.155776    0.000000       -0.845901        1.000000    6.566512    2.184426    0.003553    3.625042
    0.450980    0.998125    0.002084    0.134648    0.000000       -0.867228        1.000000    6.789396    2.295673    0.003553    3.625042
    0.460784    0.998119   -0.001196    0.049394    0.000000       -0.952490        1.000000    7.012277    2.406902    0.003553    3.625042
    0.470588    0.998177   -0.001726   -0.012397    0.000000       -1.014222        1.000000    7.235172    2.518140    0.003553    3.625042
    0.480392    0.998225   -0.000869   -0.028806    0.000000       -1.030584        1.000000    7.458078    2.629390    0.003553    3.625042
    0.490196    0.998239   -0.000017   -0.016840    0.000000       -1.018604        1.000000    7.680987    2.740647    0.003553    3.625042
    0.500000    0.998233    0.000309   -0.002651    0.000000       -1.004422        1.000000    7.903894    2.851905    0.003553    3.625042
    0.509804    0.998221    0.000289    0.002008    0.000000       -0.999773        1.000000    8.126799    2.963160    0.003553    3.625042
    0.519608    0.998212    0.000279   -0.002912    0.000000       -1.004704        1.000000    8.349702    3.074413    0.003553    3.625042
    0.529412    0.998198    0.000607   -0.017591    0.000000       -1.019396        1.000000    8.572602    3.185664    0.003553    3.625042
    0.539216    0.998159    0.001760   -0.052335    0.000000       -1.054178        1.000000    8.795493    3.296909    0.003553    3.625042
    0.549020    0.998050    0.004895   -0.135547    0.000000       -1.137489        1.000000    9.018359    3.408139    0.003553    3.625042
    0.558824    0.997760    0.012429   -0.304292    0.000000       -1.306460        1.000000    9.241161    3.519324    0.003553    3.625042
    0.568627    0.997077    0.027374   -0.540958    0.000000       -1.543514        1.000000    9.463811    3.630387    0.003553    3.625042
    0.578431    0.995716    0.050502   -0.748071    0.000000       -1.751093        1.000000    9.686156    3.741167    0.003553    3.625042
    0.588235    0.993420    0.079531   -0.872400    0.000000       -1.875841        1.000000    9.907989    3.851393    0.003553    3.625042
    0.598039    0.990032    0.111781   -0.935034    0.000000       -1.938798        1.000000   10.129065    3.960720    0.003553    3.625042
    0.607843    0.985474    0.145622   -0.965824    0.000000       -1.969824        1.000000   10.349123    4.068771    0.003553    3.625042
    0.617647    0.979711    0.180257   -0.981608    0.000000       -1.985779        1.000000   10.567895    4.175159    0.003553    3.625042
    0.627451    0.972729    0.215310   -0.990199    0.000000       -1.994498        1.000000   10.785107    4.279507    0.003553    3.625042
    0.637255    0.964525    0.250597   -0.995161    0.000000       -1.999556        1.000000   11.000488    4.381451    0.003553    3.625042
    0.647059    0.955104    0.286023   -0.998182    0.000000       -2.002652        1.000000   11.213765    4.480647    0.003553    3.625042
    0.656863    0.944474    0.321534   -1.000108    0.000000       -2.004637        1.000000   11.424668    4.576774    0.003553    3.625042
    0.666667    0.932646    0.357102   -1.001384    0.000000       -2.005960        1.000000   11.632929    4.669537    0.003553    3.625042
    0.676471    0.919633    0.392707   -1.002257    0.000000       -2.006872        1.000000   11.838285    4.758671    0.003553    3.625042
    0.686275    0.905450    0.428339   -1.002872    0.000000       -2.007519        1.000000   12.040474    4.843940    0.003553    3.625042
    0.696078    0.890115    0.463989   -1.003317    0.000000       -2.007990        1.000000   12.239239    4.925142    0.003553    3.625042
    0.705882    0.873647    0.499652   -1.003644    0.000000       -2.008339        1.000000   12.434326    5.002108    0.003553    3.625042
    0.715686    0.856067    0.535326   -1.003890    0.000000       -2.008604        1.000000   12.625487    5.074705    0.003553    3.625042
    0.725490    0.837396    0.571007   -1.004078    0.000000       -2.008808        1.000000   12.812480    5.142834    0.003553    3.625042
    0.735294    0.817658    0.606695   -1.004223    0.000000       -2.008967        1.000000   12.995064    5.206435    0.003553    3.625042
    0.745098    0.796878    0.642386   -1.004337    0.000000       -2.009093        1.000000   13.173009    5.265480    0.003553    3.625042
    0.754902    0.775083    0.678082   -1.004428    0.000000       -2.009194        1.000000   13.346086    5.319979    0.003553    3.625042
    0.764706    0.752300    0.713780   -1.004500    0.000000       -2.009276        1.000000   13.514077    5.369973    0.003553    3.625042
    0.774510    0.728557    0.749481   -1.004559    0.000000       -2.009342        1.000000   13.676765    5.415538    0.003553    3.625042
    0.784314    0.703887    0.785183   -1.004606    0.000000       -2.009397        1.000000   13.833944    5.456781    0.003553    3.625042
    0.794118    0.678318    0.820887   -1.004645    0.000000       -2.009442        1.000000   13.985414    5.493836    0.003553    3.625042
    0.803922    0.651885    0.856593   -1.004678    0.000000       -2.009480        1.000000   14.130981    5.526867    0.003553    3.625042
    0.813725    0.624621    0.892299   -1.004705    0.000000       -2.009512        1.000000   14.270461    5.556058    0.003553    3.625042
    0.823529    0.596561    0.928006   -1.004727    0.000000       -2.009539        1.000000   14.403674    5.581619    0.003553    3.625042
    0.833333    0.567740    0.963714   -1.004746    0.000000       -2.009561        1.000000   14.530451    5.603773    0.003553    3.625042
    0.843137    0.538194    0.999423   -1.004762    0.000000       -2.009580        1.000000   14.650631    5.622762    0.003553    3.625042
    0.852941    0.507963    1.035132   -1.004775    0.000000       -2.009597        1.000000   14.764060    5.638837    0.003553    3.625042
    0.862745    0.477084    1.070841   -1.004786    0.000000       -2.009611        1.000000   14.870594    5.652258    0.003553    3.625042
    0.872549    0.445597    1.106551   -1.004796    0.000000       -2.009623        1.000000   14.970097    5.663290    0.003553    3.625042
    0.882353    0.413542    1.142262   -1.004804    0.000000       -2.009633        1.000000   15.062442    5.672199    0.003553    3.625042
    0.892157    0.380959    1.177972   -1.004811    0.000000       -2.009642        1.000000   15.147511    5.679246    0.003553    3.625042
    0.901961    0.347890    1.213683   -1.004817    0.000000       -2.009649        1.000000   15.225195    5.684689    0.003553    3.625042
    0.911765    0.314378    1.249394   -1.004822    0.000000       -2.009655        1.000000   15.295397    5.688774    0.003553    3.625042
    0.921569    0.280465    1.285105   -1.004826    0.000000       -2.009661        1.000000   15.358025    5.691736    0.003553    3.625042
    0.931373    0.246194    1.320816   -1.004829    0.000000       -2.009665        1.000000   15.413001    5.693794    0.003553    3.625042
    0.941176    0.211610    1.356527   -1.004832    0.000000       -2.009669        1.000000   15.460254    5.695148    0.003553    3.625042
    0.950980    0.176755    1.392239   -1.004834    0.000000       -2.009672        1.000000   15.499723    5.695976    0.003553    3.625042
    0.960784    0.141676    1.427950   -1.004836    0.000000       -2.009674        1.000000   15.531360    5.696435    0.003553    3.625042
    0.970588    0.106415    1.463662   -1.004837    0.000000       -2.009676        1.000000   15.555123    5.696653    0.003553    3.625042
    0.980392    0.071019    1.499373   -1.004838    0.000000       -2.009677        1.000000   15.570981    5.696735    0.003553    3.625042
    0.990196    0.035532    1.535085   -1.004839    0.000000       -2.009678        1.000000   15.578916    5.696753    0.003553    3.625042
    1.000000    0.000000    1.570796   -1.004839    0.000000       -2.009678        1.000000   15.578916    5.696755    0.003553    3.625042
