           t           r         psi          cs          qs               p             sig           A           V          Q2           S
    0.000000    0.000000   -1.570796   -2.675335    0.000000       -5.350671        1.000000    0.000000    0.000000    0.938192   38.626778
    0.009804    0.280144   -0.187019   -3.565983    0.000000       -7.073337        1.000000    0.000000    0.032217    0.938192   38.626778
    0.019608    0.244376    0.083425    0.821944    0.000000       -3.255879        1.000000    0.581469    0.117822    0.938192   38.626778
    0.029412    0.248098   -0.029558   -0.172935    0.000000       -4.201838        1.000000    1.171795    0.187905    0.938192   38.626778
    0.039216    0.249151    0.008324    0.022964    0.000000       -3.990531        1.000000    1.764625    0.262179    0.938192   38.626778
    0.049020    0.248380   -0.001981    0.001105    0.000000       -4.024974        1.000000    2.355622    0.335589    0.938192   38.626778
    0.058824    0.248687    0.000371   -0.002238    0.000000       -4.023357        1.000000    2.947348    0.409128    0.938192   38.626778
    0.068627    0.248591   -0.000039    0.001028    0.000000       -4.021636        1.000000    3.538848    0.482667    0.938192   38.626778
    0.078431    0.248616   -0.000008   -0.000346    0.000000       -4.022608        1.000000    4.130407    0.556196    0.938192   38.626778
    0.088235    0.248611    0.000007    0.000096    0.000000       -4.022252        1.000000    4.721953    0.629730    0.938192   38.626778
    0.098039    0.248612   -0.000003   -0.000022    0.000000       -4.022357        1.000000    5.313500    0.703263    0.938192   38.626778
    0.107843    0.248612    0.000001    0.000004    0.000000       -4.022331        1.000000    5.905048    0.776796    0.938192   38.626778
    0.117647    0.248612   -0.000000   -0.000000    0.000000       -4.022336        1.000000    6.496596    0.850329    0.938192   38.626778
    0.127451    0.248612    0.000000   -0.000000    0.000000       -4.022336        1.000000    7.088144    0.923862    0.938192   38.626778
    0.137255    0.248612   -0.000000    0.000000    0.000000       -4.022336        1.000000    7.679692    0.997394    0.938192   38.626778
    0.147059    0.248612    0.000000   -0.000000    0.000000       -4.022336        1.000000    8.271240    1.070927    0.938192   38.626778
    0.156863    0.248612    0.000000    0.000000    0.000000       -4.022336        1.000000    8.862788    1.144460    0.938192   38.626778
    0.166667    0.248612   -0.000000   -0.000000    0.000000       -4.022336        1.000000    9.454335    1.217993    0.938192   38.626778
    0.176471    0.248612    0.000000    0.000000    0.000000       -4.022336        1.000000   10.045883    1.291526    0.938192   38.626778
    0.186275    0.248612   -0.000000   -0.000000    0.000000       -4.022336        1.000000   10.637431    1.365059    0.938192   38.626778
    0.196078    0.248612    0.000000    0.000000    0.000000       -4.022336        1.000000   11.228979    1.438592    0.938192   38.626778
    0.205882    0.248612   -0.000000    0.000000    0.000000       -4.022336        1.000000   11.820527    1.512125    0.938192   38.626778
    0.215686    0.248612    0.000000   -0.000000    0.000000       -4.022336        1.000000   12.412074    1.585657    0.938192   38.626778
    0.225490    0.248612    0.000000    0.000000    0.000000       -4.022336        1.000000   13.003622    1.659190    0.938192   38.626778
    0.235294    0.248612   -0.000000   -0.000000    0.000000       -4.022336        1.000000   13.595170    1.732723    0.938192   38.626778
    0.245098    0.248612    0.000000    0.000000    0.000000       -4.022336        1.000000   14.186718    1.806256    0.938192   38.626778
    0.254902    0.248612   -0.000000   -0.000000    0.000000       -4.022336        1.000000   14.778266    1.879789    0.938192   38.626778
    0.264706    0.248612   -0.000000   -0.000000    0.000000       -4.022336        1.000000   15.369814    1.953322    0.938192   38.626778
    0.274510    0.248612   -0.000000   -0.000000    0.000000       -4.022336        1.000000   15.961361    2.026855    0.938192   38.626778
    0.284314    0.248612   -0.000000   -0.000000    0.000000       -4.022336        1.000000   16.552909    2.100388    0.938192   38.626778
    0.294118    0.248612   -0.000000   -0.000000    0.000000       -4.022336        1.000000   17.144457    2.173920    0.938192   38.626778
    0.303922    0.248612   -0.000000   -0.000000    0.000000       -4.022336        1.000000   17.736005    2.247453    0.938192   38.626778
    0.313725    0.248612   -0.000000   -0.000000    0.000000       -4.022336        1.000000   18.327553    2.320986    0.938192   38.626778
    0.323529    0.248612   -0.000000   -0.000000    0.000000       -4.022336        1.000000   18.919101    2.394519    0.938192   38.626778
    0.333333    0.248612   -0.000000   -0.000000    0.000000       -4.022336        1.000000   19.510648    2.468052    0.938192   38.626778
    0.343137    0.248612   -0.000000   -0.000000    0.000000       -4.022336        1.000000   20.102196    2.541585    0.938192   38.626778
    0.352941    0.248612   -0.000000   -0.000000    0.000000       -4.022336        1.000000   20.693744    2.615118    0.938192   38.626778
    0.362745    0.248612   -0.000000   -0.000000    0.000000       -4.022336        1.000000   21.285292    2.688651    0.938192   38.626778
    0.372549    0.248612   -0.000000   -0.000000    0.000000       -4.022336        1.000000   21.876840    2.762183    0.938192   38.626778
    0.382353    0.248612   -0.000000   -0.000000    0.000000       -4.022336        1.000000   22.468388    2.835716    0.938192   38.626778
    0.392157    0.248612   -0.000000   -0.000000    0.000000       -4.022336        1.000000   23.059935    2.909249    0.938192   38.626778
    0.401961    0.248612   -0.000000   -0.000000    0.000000       -4.022336        1.000000   23.651483    2.982782    0.938192   38.626778
    0.411765    0.248612   -0.000000   -0.000000    0.000000       -4.022336        1.000000   24.243031    3.056315    0.938192   38.626778
    0.421569    0.248612   -0.000000   -0.000000    0.000000       -4.022336        1.000000   24.834579    3.129848    0.938192   38.626778
    0.431373    0.248612   -0.000000   -0.000000    0.000000       -4.022336        1.000000   25.426127    3.203381    0.938192   38.626778
    0.441176    0.248612   -0.000000   -0.000000    0.000000       -4.022336        1.000000   26.017675    3.276914    0.938192   38.626778
    0.450980    0.248612   -0.000000   -0.000000    0.000000       -4.022336        1.000000   26.609222    3.350446    0.938192   38.626778
    0.460784    0.248612   -0.000000   -0.000000    0.000000       -4.022336        1.000000   27.200770    3.423979    0.938192   38.626778
    0.470588    0.248612   -0.000000   -0.000000    0.000000       -4.022336        1.000000   27.792318    3.497512    0.938192   38.626778
    0.480392    0.248612   -0.000000   -0.000000    0.000000       -4.022336        1.000000   28.383866    3.571045    0.938192   38.626778
    0.490196    0.248612   -0.000000   -0.000000    0.000000       -4.022336        1.000000   28.975414    3.644578    0.938192   38.626778
    0.500000    0.248612   -0.000000   -0.000000    0.000000       -4.022336        1.000000   29.566962    3.718111    0.938192   38.626778
    0.509804    0.248612    0.000000    0.000000    0.000000       -4.022336        1.000000   30.158509    3.791644    0.938192   38.626778
    0.519608    0.248612   -0.000000   -0.000000    0.000000       -4.022336        1.000000   30.750057    3.865177    0.938192   38.626778
    0.529412    0.248612    0.000000   -0.000000    0.000000       -4.022336        1.000000   31.341605    3.938709    0.938192   38.626778
    0.539216    0.248612    0.000000    0.000000    0.000000       -4.022336        1.000000   31.933153    4.012242    0.938192   38.626778
    0.549020    0.248612    0.000000   -0.000000    0.000000       -4.022336        1.000000   32.524701    4.085775    0.938192   38.626778
    0.558824    0.248612    0.000000   -0.000000    0.000000       -4.022336        1.000000   33.116249    4.159308    0.938192   38.626778
    0.568627    0.248612    0.000000    0.000000    0.000000       -4.022336        1.000000   33.707796    4.232841    0.938192   38.626778
    0.578431    0.248612    0.000000   -0.000000    0.000000       -4.022336        1.000000   34.299344    4.306374    0.938192   38.626778
    0.588235    0.248612    0.000000    0.000000    0.000000       -4.022336        1.000000   34.890892    4.379907    0.938192   38.626778
    0.598039    0.248612   -0.000000   -0.000000    0.000000       -4.022336        1.000000   35.482440    4.453440    0.938192   38.626778
    0.607843    0.248612    0.000000    0.000000    0.000000       -4.022336        1.000000   36.073988    4.526972    0.938192   38.626778
    0.617647    0.248612    0.000000   -0.000000    0.000000       -4.022336        1.000000   36.665536    4.600505    0.938192   38.626778
    0.627451    0.248612    0.000000    0.000000    0.000000       -4.022336        1.000000   37.257083    4.674038    0.938192   38.626778
    0.637255    0.248612    0.000000   -0.000000    0.000000       -4.022336        1.000000   37.848631    4.747571    0.938192   38.626778
    0.647059    0.248612    0.000000    0.000000    0.000000       -4.022336        1.000000   38.440179    4.821104    0.938192   38.626778
    0.656863    0.248612    0.000000    0.000000    0.000000       -4.022336        1.000000   39.031727    4.894637    0.938192   38.626778
    0.666667    0.248612    0.000000   -0.000000    0.000000       -4.022336        1.000000   39.623275    4.968170    0.938192   38.626778
    0.676471    0.248612    0.000000    0.000000    0.000000       -4.022336        1.000000   40.214822    5.041703    0.938192   38.626778
    0.686275    0.248612    0.000000    0.000000    0.000000       -4.022336        1.000000   40.806370    5.115235    0.938192   38.626778
    0.696078    0.248612    0.000000    0.000000    0.000000       -4.022336        1.000000   41.397918    5.188768    0.938192   38.626778
    0.705882    0.248612   -0.000000    0.000000    0.000000       -4.022336        1.000000   41.989466    5.262301    0.938192   38.626778
    0.715686    0.248612    0.000000   -0.000000    0.000000       -4.022336        1.000000   42.581014    5.335834    0.938192   38.626778
    0.725490    0.248612    0.000000   -0.000000    0.000000       -4.022336        1.000000   43.172562    5.409367    0.938192   38.626778
    0.735294    0.248612    0.000000    0.000000    0.000000       -4.022336        1.000000   43.764109    5.482900    0.938192   38.626778
    0.745098    0.248612    0.000000   -0.000000    0.000000       -4.022336        1.000000   44.355657    5.556433    0.938192   38.626778
    0.754902    0.248612    0.000000    0.000000    0.000000       -4.022336        1.000000   44.947205    5.629966    0.938192   38.626778
    0.764706    0.248612    0.000000    0.000000    0.000000       -4.022336        1.000000   45.538753    5.703498    0.938192   38.626778
    0.774510    0.248612    0.000000    0.000000    0.000000       -4.022336        1.000000   46.130301    5.777031    0.938192   38.626778
    0.784314    0.248612    0.000000    0.000000    0.000000       -4.022336        1.000000   46.721849    5.850564    0.938192   38.626778
    0.794118    0.248612    0.000000    0.000000    0.000000       -4.022336        1.000000   47.313396    5.924097    0.938192   38.626778
    0.803922    0.248612    0.000000   -0.000000    0.000000       -4.022336        1.000000   47.904944    5.997630    0.938192   38.626778
    0.813725    0.248612    0.000000   -0.000000    0.000000       -4.022336        1.000000   48.496492    6.071163    0.938192   38.626778
    0.823529    0.248612    0.000000    0.000000    0.000000       -4.022336        1.000000   49.088040    6.144696    0.938192   38.626778
    0.833333    0.248612    0.000000    0.000000    0.000000       -4.022336        1.000000   49.679588    6.218229    0.938192   38.626778
    0.843137    0.248612    0.000000   -0.000000    0.000000       -4.022336        1.000000   50.271136    6.291761    0.938192   38.626778
    0.852941    0.248612    0.000000    0.000000    0.000000       -4.022336        1.000000   50.862683    6.365294    0.938192   38.626778
    0.862745    0.248612    0.000000   -0.000000    0.000000       -4.022336        1.000000   51.454231    6.438827    0.938192   38.626778
    0.872549    0.248612    0.000000   -0.000000    0.000000       -4.022336        1.000000   52.045779    6.512360    0.938192   38.626778
    0.882353    0.248612    0.000000   -0.000000    0.000000       -4.022336        1.000000   52.637327    6.585893    0.938192   38.626778
    0.892157    0.248612    0.000000   -0.000000    0.000000       -4.022336        1.000000   53.228875    6.659426    0.938192   38.626778
    0.901961    0.248612    0.000000   -0.000000    0.000000       -4.022336        1.000000   53.820423    6.732959    0.938192   38.626778
    0.911765    0.248612    0.000000   -0.000000    0.000000       -4.022336        1.000000   54.411970    6.806492    0.938192   38.626778
    0.921569    0.248612    0.000000   -0.000000    0.000000       -4.022336        1.000000   55.003518    6.880024    0.938192   38.626778
    0.931373    0.248612    0.000000   -0.000000    0.000000       -4.022336        1.000000   55.595066    6.953557    0.938192   38.626778
    0.941176    0.248612    0.000000   -0.000003    0.000000       -4.022339        1.000000   56.186614    7.027090    0.938192   38.626778
    0.950980    0.248611    0.000005   -0.000037    0.000000       -4.022385        1.000000   56.778160    7.100623    0.938192   38.626778
    0.960784    0.248601    0.000073   -0.000501    0.000000       -4.023007        1.000000   57.369683    7.174154    0.938192   38.626778
    0.970588    0.248468    0.000990   -0.006835    0.000000       -4.031492        1.000000   57.960889    7.247656    0.938192   38.626778
    0.980392    0.246655    0.013496   -0.092956    0.000000       -4.146840        1.000000   58.547780    7.320778    0.938192   38.626778
    0.990196    0.222307    0.179089   -1.196696    0.000000       -5.623043        1.000000   59.076737    7.388710    0.938192   38.626778
    1.000000    0.000000    1.570796   -6.040919    0.000000      -12.081837        1.000000   59.076737    7.414159    0.938192   38.626778
