           t           r         psi          cs          qs               p             sig           A           V          Q2           S
    0.000000   -0.000000   -1.570796   -2.347500    0.000000       -4.695001        1.000000    0.000000    0.000000    0.918414   29.438079
    0.009804    0.259356   -0.716496   -3.809613    0.000000       -6.717242        1.000000    0.000000    0.012314    0.918414   29.438079
    0.019608    0.321883    0.120395   -1.111302    0.000000       -4.195528        1.000000    0.583697    0.095818    0.918414   29.438079
    0.029412    0.280658    0.079529    0.709903    0.000000       -2.841894        1.000000    1.092637    0.176585    0.918414   29.438079
    0.039216    0.280012   -0.039431    0.035658    0.000000       -3.532836        1.000000    1.600406    0.246324    0.918414   29.438079
    0.049020    0.287611   -0.005772   -0.133588    0.000000       -3.610446        1.000000    2.121955    0.319799    0.918414   29.438079
    0.058824    0.286167    0.007916    0.021800    0.000000       -3.472557        1.000000    2.640884    0.394587    0.918414   29.438079
    0.068627    0.285178   -0.000695    0.018271    0.000000       -3.488315        1.000000    3.158020    0.468466    0.918414   29.438079
    0.078431    0.285637   -0.001217   -0.007635    0.000000       -3.508579        1.000000    3.675989    0.542319    0.918414   29.438079
    0.088235    0.285710    0.000377   -0.001526    0.000000       -3.501576        1.000000    4.194091    0.616334    0.918414   29.438079
    0.098039    0.285616    0.000129    0.001636    0.000000       -3.499572        1.000000    4.712021    0.690319    0.918414   29.438079
    0.107843    0.285623   -0.000092   -0.000084    0.000000       -3.501200        1.000000    5.229965    0.764283    0.918414   29.438079
    0.117647    0.285638   -0.000003   -0.000263    0.000000       -3.501200        1.000000    5.747935    0.838256    0.918414   29.438079
    0.127451    0.285633    0.000016    0.000070    0.000000       -3.500920        1.000000    6.265898    0.912231    0.918414   29.438079
    0.137255    0.285632   -0.000003    0.000030    0.000000       -3.500979        1.000000    6.783857    0.986204    0.918414   29.438079
    0.147059    0.285633   -0.000002   -0.000019    0.000000       -3.501015        1.000000    7.301819    1.060178    0.918414   29.438079
    0.156863    0.285633    0.000001   -0.000001    0.000000       -3.500997        1.000000    7.819780    1.134151    0.918414   29.438079
    0.166667    0.285633    0.000000    0.000003    0.000000       -3.500995        1.000000    8.337741    1.208125    0.918414   29.438079
    0.176471    0.285633   -0.000000   -0.000001    0.000000       -3.500998        1.000000    8.855703    1.282098    0.918414   29.438079
    0.186275    0.285633    0.000000   -0.000000    0.000000       -3.500998        1.000000    9.373664    1.356071    0.918414   29.438079
    0.196078    0.285633    0.000000    0.000000    0.000000       -3.500998        1.000000    9.891625    1.430045    0.918414   29.438079
    0.205882    0.285633   -0.000000    0.000000    0.000000       -3.500998        1.000000   10.409587    1.504018    0.918414   29.438079
    0.215686    0.285633   -0.000000   -0.000000    0.000000       -3.500998        1.000000   10.927548    1.577991    0.918414   29.438079
    0.225490    0.285633    0.000000    0.000000    0.000000       -3.500998        1.000000   11.445509    1.651965    0.918414   29.438079
    0.235294    0.285633    0.000000    0.000000    0.000000       -3.500998        1.000000   11.963471    1.725938    0.918414   29.438079
    0.245098    0.285633   -0.000000   -0.000000    0.000000       -3.500998        1.000000   12.481432    1.799912    0.918414   29.438079
    0.254902    0.285633    0.000000   -0.000000    0.000000       -3.500998        1.000000   12.999393    1.873885    0.918414   29.438079
    0.264706    0.285633    0.000000    0.000000    0.000000       -3.500998        1.000000   13.517355    1.947858    0.918414   29.438079
    0.274510    0.285633   -0.000000    0.000000    0.000000       -3.500998        1.000000   14.035316    2.021832    0.918414   29.438079
    0.284314    0.285633   -0.000000   -0.000000    0.000000       -3.500998        1.000000   14.553277    2.095805    0.918414   29.438079
    0.294118    0.285633    0.000000    0.000000    0.000000       -3.500998        1.000000   15.071239    2.169779    0.918414   29.438079
    0.303922    0.285633   -0.000000    0.000000    0.000000       -3.500998        1.000000   15.589200    2.243752    0.918414   29.438079
    0.313725    0.285633   -0.000000   -0.000000    0.000000       -3.500998        1.000000   16.107161    2.317725    0.918414   29.438079
    0.323529    0.285633    0.000000   -0.000000    0.000000       -3.500998        1.000000   16.625123    2.391699    0.918414   29.438079
    0.333333    0.285633    0.000000    0.000000    0.000000       -3.500998        1.000000   17.143084    2.465672    0.918414   29.438079
    0.343137    0.285633   -0.000000   -0.000000    0.000000       -3.500998        1.000000   17.661045    2.539646    0.918414   29.438079
    0.352941    0.285633   -0.000000   -0.000000    0.000000       -3.500998        1.000000   18.179007    2.613619    0.918414   29.438079
    0.362745    0.285633    0.000000    0.000000    0.000000       -3.500998        1.000000   18.696968    2.687592    0.918414   29.438079
    0.372549    0.285633    0.000000    0.000000    0.000000       -3.500998        1.000000   19.214929    2.761566    0.918414   29.438079
    0.382353    0.285633    0.000000   -0.000000    0.000000       -3.500998        1.000000   19.732891    2.835539    0.918414   29.438079
    0.392157    0.285633    0.000000   -0.000000    0.000000       -3.500998        1.000000   20.250852    2.909512    0.918414   29.438079
    0.401961    0.285633    0.000000   -0.000000    0.000000       -3.500998        1.000000   20.768813    2.983486    0.918414   29.438079
    0.411765    0.285633    0.000000    0.000000    0.000000       -3.500998        1.000000   21.286775    3.057459    0.918414   29.438079
    0.421569    0.285633    0.000000   -0.000000    0.000000       -3.500998        1.000000   21.804736    3.131433    0.918414   29.438079
    0.431373    0.285633    0.000000    0.000000    0.000000       -3.500998        1.000000   22.322697    3.205406    0.918414   29.438079
    0.441176    0.285633    0.000000   -0.000000    0.000000       -3.500998        1.000000   22.840659    3.279379    0.918414   29.438079
    0.450980    0.285633    0.000000   -0.000000    0.000000       -3.500998        1.000000   23.358620    3.353353    0.918414   29.438079
    0.460784    0.285633    0.000000    0.000000    0.000000       -3.500998        1.000000   23.876581    3.427326    0.918414   29.438079
    0.470588    0.285633    0.000000    0.000000    0.000000       -3.500998        1.000000   24.394543    3.501300    0.918414   29.438079
    0.480392    0.285633    0.000000    0.000000    0.000000       -3.500998        1.000000   24.912504    3.575273    0.918414   29.438079
    0.490196    0.285633   -0.000000    0.000000    0.000000       -3.500998        1.000000   25.430465    3.649246    0.918414   29.438079
    0.500000    0.285633    0.000000   -0.000000    0.000000       -3.500998        1.000000   25.948427    3.723220    0.918414   29.438079
    0.509804    0.285633    0.000000    0.000000    0.000000       -3.500998        1.000000   26.466388    3.797193    0.918414   29.438079
    0.519608    0.285633    0.000000    0.000000    0.000000       -3.500998        1.000000   26.984349    3.871166    0.918414   29.438079
    0.529412    0.285633    0.000000    0.000000    0.000000       -3.500998        1.000000   27.502311    3.945140    0.918414   29.438079
    0.539216    0.285633    0.000000    0.000000    0.000000       -3.500998        1.000000   28.020272    4.019113    0.918414   29.438079
    0.549020    0.285633    0.000000    0.000000    0.000000       -3.500998        1.000000   28.538233    4.093087    0.918414   29.438079
    0.558824    0.285633   -0.000000   -0.000000    0.000000       -3.500998        1.000000   29.056195    4.167060    0.918414   29.438079
    0.568627    0.285633    0.000000   -0.000000    0.000000       -3.500998        1.000000   29.574156    4.241033    0.918414   29.438079
    0.578431    0.285633    0.000000    0.000000    0.000000       -3.500998        1.000000   30.092117    4.315007    0.918414   29.438079
    0.588235    0.285633    0.000000    0.000000    0.000000       -3.500998        1.000000   30.610078    4.388980    0.918414   29.438079
    0.598039    0.285633    0.000000   -0.000000    0.000000       -3.500998        1.000000   31.128040    4.462954    0.918414   29.438079
    0.607843    0.285633    0.000000    0.000000    0.000000       -3.500998        1.000000   31.646001    4.536927    0.918414   29.438079
    0.617647    0.285633    0.000000    0.000000    0.000000       -3.500998        1.000000   32.163962    4.610900    0.918414   29.438079
    0.627451    0.285633    0.000000    0.000000    0.000000       -3.500998        1.000000   32.681924    4.684874    0.918414   29.438079
    0.637255    0.285633    0.000000   -0.000000    0.000000       -3.500998        1.000000   33.199885    4.758847    0.918414   29.438079
    0.647059    0.285633    0.000000    0.000000    0.000000       -3.500998        1.000000   33.717846    4.832821    0.918414   29.438079
    0.656863    0.285633    0.000000   -0.000000    0.000000       -3.500998        1.000000   34.235808    4.906794    0.918414   29.438079
    0.666667    0.285633    0.000000    0.000000    0.000000       -3.500998        1.000000   34.753769    4.980767    0.918414   29.438079
    0.676471    0.285633    0.000000    0.000000    0.000000       -3.500998        1.000000   35.271730    5.054741    0.918414   29.438079
    0.686275    0.285633    0.000000    0.000000    0.000000       -3.500998        1.000000   35.789692    5.128714    0.918414   29.438079
    0.696078    0.285633    0.000000   -0.000000    0.000000       -3.500998        1.000000   36.307653    5.202687    0.918414   29.438079
    0.705882    0.285633    0.000000    0.000000    0.000000       -3.500998        1.000000   36.825614    5.276661    0.918414   29.438079
    0.715686    0.285633    0.000000   -0.000000    0.000000       -3.500998        1.000000   37.343576    5.350634    0.918414   29.438079
    0.725490    0.285633    0.000000    0.000000    0.000000       -3.500998        1.000000   37.861537    5.424608    0.918414   29.438079
    0.735294    0.285633    0.000000    0.000000    0.000000       -3.500998        1.000000   38.379498    5.498581    0.918414   29.438079
    0.745098    0.285633    0.000000   -0.000000    0.000000       -3.500998        1.000000   38.897460    5.572554    0.918414   29.438079
    0.754902    0.285633    0.000000    0.000000    0.000000       -3.500998        1.000000   39.415421    5.646528    0.918414   29.438079
    0.764706    0.285633    0.000000   -0.000000    0.000000       -3.500998        1.000000   39.933382    5.720501    0.918414   29.438079
    0.774510    0.285633    0.000000    0.000000    0.000000       -3.500998        1.000000   40.451344    5.794475    0.918414   29.438079
    0.784314    0.285633    0.000000    0.000000    0.000000       -3.500998        1.000000   40.969305    5.868448    0.918414   29.438079
    0.794118    0.285633    0.000000   -0.000000    0.000000       -3.500998        1.000000   41.487266    5.942421    0.918414   29.438079
    0.803922    0.285633    0.000000   -0.000000    0.000000       -3.500998        1.000000   42.005228    6.016395    0.918414   29.438079
    0.813725    0.285633    0.000000   -0.000000    0.000000       -3.500998        1.000000   42.523189    6.090368    0.918414   29.438079
    0.823529    0.285633    0.000000   -0.000000    0.000000       -3.500998        1.000000   43.041150    6.164342    0.918414   29.438079
    0.833333    0.285633    0.000000   -0.000000    0.000000       -3.500998        1.000000   43.559112    6.238315    0.918414   29.438079
    0.843137    0.285633    0.000000   -0.000000    0.000000       -3.500998        1.000000   44.077073    6.312288    0.918414   29.438079
    0.852941    0.285633    0.000000   -0.000000    0.000000       -3.500998        1.000000   44.595034    6.386262    0.918414   29.438079
    0.862745    0.285633    0.000000   -0.000000    0.000000       -3.500998        1.000000   45.112996    6.460235    0.918414   29.438079
    0.872549    0.285633    0.000000   -0.000000    0.000000       -3.500998        1.000000   45.630957    6.534208    0.918414   29.438079
    0.882353    0.285633    0.000000   -0.000000    0.000000       -3.500998        1.000000   46.148918    6.608182    0.918414   29.438079
    0.892157    0.285633    0.000000   -0.000000    0.000000       -3.500998        1.000000   46.666880    6.682155    0.918414   29.438079
    0.901961    0.285633    0.000000   -0.000000    0.000000       -3.500998        1.000000   47.184841    6.756129    0.918414   29.438079
    0.911765    0.285633    0.000000   -0.000002    0.000000       -3.501001        1.000000   47.702802    6.830102    0.918414   29.438079
    0.921569    0.285633    0.000002   -0.000012    0.000000       -3.501014        1.000000   48.220763    6.904075    0.918414   29.438079
    0.931373    0.285631    0.000012   -0.000071    0.000000       -3.501092        1.000000   48.738721    6.978048    0.918414   29.438079
    0.941176    0.285622    0.000068   -0.000414    0.000000       -3.501549        1.000000   49.256662    7.052019    0.918414   29.438079
    0.950980    0.285568    0.000395   -0.002409    0.000000       -3.504200        1.000000   49.774506    7.125977    0.918414   29.438079
    0.960784    0.285256    0.002296   -0.014000    0.000000       -3.519610        1.000000   50.291784    7.199858    0.918414   29.438079
    0.970588    0.283446    0.013326   -0.081085    0.000000       -3.608785        1.000000   50.805779    7.273298    0.918414   29.438079
    0.980392    0.272993    0.076565   -0.460170    0.000000       -4.112533        1.000000   51.300820    7.344166    0.918414   29.438079
    0.990196    0.215396    0.413386   -2.288237    0.000000       -6.539776        1.000000   51.691416    7.400619    0.918414   29.438079
    1.000000    0.000000    1.570796   -5.217708    0.000000      -10.435416        1.000000   51.691416    7.414159    0.918414   29.438079
