           t           r         psi          cs          qs               p             sig           A           V          Q2           S
    0.000000    0.000000   -1.570796   -0.993424    0.000000       -1.986848        1.000000    0.000000   -0.000000    0.028674    3.196273
    0.009804    0.031331   -1.539666   -0.993428    0.000000       -1.986853        1.000000    0.000000    0.000001    0.028674    3.196273
    0.019608    0.062632   -1.508536   -0.993439    0.000000       -1.986868        1.000000    0.012332    0.000012    0.028674    3.196273
    0.029412    0.093871   -1.477405   -0.993458    0.000000       -1.986893        1.000000    0.030814    0.000061    0.028674    3.196273
    0.039216    0.125020   -1.446274   -0.993485    0.000000       -1.986929        1.000000    0.055429    0.000192    0.028674    3.196273
    0.049020    0.156048   -1.415142   -0.993520    0.000000       -1.986975        1.000000    0.086153    0.000466    0.028674    3.196273
    0.058824    0.186925   -1.384008   -0.993565    0.000000       -1.987034        1.000000    0.122957    0.000964    0.028674    3.196273
    0.068627    0.217620   -1.352873   -0.993619    0.000000       -1.987106        1.000000    0.165804    0.001778    0.028674    3.196273
    0.078431    0.248105   -1.321736   -0.993684    0.000000       -1.987191        1.000000    0.214653    0.003019    0.028674    3.196273
    0.088235    0.278348   -1.290597   -0.993762    0.000000       -1.987292        1.000000    0.269457    0.004809    0.028674    3.196273
    0.098039    0.308323   -1.259455   -0.993853    0.000000       -1.987410        1.000000    0.330163    0.007285    0.028674    3.196273
    0.107843    0.337998   -1.228310   -0.993959    0.000000       -1.987547        1.000000    0.396711    0.010593    0.028674    3.196273
    0.117647    0.367345   -1.197161   -0.994082    0.000000       -1.987704        1.000000    0.469038    0.014892    0.028674    3.196273
    0.127451    0.396336   -1.166008   -0.994225    0.000000       -1.987886        1.000000    0.547073    0.020347    0.028674    3.196273
    0.137255    0.424943   -1.134851   -0.994391    0.000000       -1.988095        1.000000    0.630740    0.027131    0.028674    3.196273
    0.147059    0.453138   -1.103688   -0.994582    0.000000       -1.988334        1.000000    0.719958    0.035420    0.028674    3.196273
    0.156863    0.480892   -1.072518   -0.994802    0.000000       -1.988609        1.000000    0.814641    0.045397    0.028674    3.196273
    0.166667    0.508180   -1.041341   -0.995057    0.000000       -1.988924        1.000000    0.914696    0.057242    0.028674    3.196273
    0.176471    0.534974   -1.010155   -0.995353    0.000000       -1.989286        1.000000    1.020027    0.071138    0.028674    3.196273
    0.186275    0.561249   -0.978960   -0.995695    0.000000       -1.989703        1.000000    1.130532    0.087264    0.028674    3.196273
    0.196078    0.586979   -0.947753   -0.996094    0.000000       -1.990184        1.000000    1.246102    0.105796    0.028674    3.196273
    0.205882    0.612137   -0.916532   -0.996558    0.000000       -1.990740        1.000000    1.366625    0.126903    0.028674    3.196273
    0.215686    0.636700   -0.885295   -0.997100    0.000000       -1.991384        1.000000    1.491985    0.150747    0.028674    3.196273
    0.225490    0.660644   -0.854041   -0.997737    0.000000       -1.992134        1.000000    1.622059    0.177481    0.028674    3.196273
    0.235294    0.683944   -0.822764   -0.998487    0.000000       -1.993010        1.000000    1.756721    0.207245    0.028674    3.196273
    0.245098    0.706576   -0.791462   -0.999374    0.000000       -1.994038        1.000000    1.895839    0.240168    0.028674    3.196273
    0.254902    0.728520   -0.760130   -1.000430    0.000000       -1.995251        1.000000    2.039277    0.276364    0.028674    3.196273
    0.264706    0.749751   -0.728761   -1.001691    0.000000       -1.996689        1.000000    2.186895    0.315932    0.028674    3.196273
    0.274510    0.770249   -0.697349   -1.003210    0.000000       -1.998404        1.000000    2.338550    0.358954    0.028674    3.196273
    0.284314    0.789991   -0.665884   -1.005048    0.000000       -2.000465        1.000000    2.494091    0.405492    0.028674    3.196273
    0.294118    0.808958   -0.634356   -1.007291    0.000000       -2.002959        1.000000    2.653367    0.455591    0.028674    3.196273
    0.303922    0.827128   -0.602750   -1.010049    0.000000       -2.006001        1.000000    2.816220    0.509277    0.028674    3.196273
    0.313725    0.844480   -0.571048   -1.013471    0.000000       -2.009747        1.000000    2.982489    0.566553    0.028674    3.196273
    0.323529    0.860996   -0.539225   -1.017757    0.000000       -2.014402        1.000000    3.152011    0.627401    0.028674    3.196273
    0.333333    0.876654   -0.507251   -1.023184    0.000000       -2.020252        1.000000    3.324615    0.691783    0.028674    3.196273
    0.343137    0.891433   -0.475084   -1.030134    0.000000       -2.027689        1.000000    3.500129    0.759638    0.028674    3.196273
    0.352941    0.905314   -0.442669   -1.039146    0.000000       -2.037266        1.000000    3.678376    0.830884    0.028674    3.196273
    0.362745    0.918271   -0.409929   -1.050991    0.000000       -2.049769        1.000000    3.859175    0.905415    0.028674    3.196273
    0.372549    0.930282   -0.376760   -1.066777    0.000000       -2.066324        1.000000    4.042338    0.983105    0.028674    3.196273
    0.382353    0.941319   -0.343014   -1.088105    0.000000       -2.088557        1.000000    4.227674    1.063804    0.028674    3.196273
    0.392157    0.951349   -0.308485   -1.117262    0.000000       -2.118782        1.000000    4.414985    1.147341    0.028674    3.196273
    0.401961    0.960333   -0.272879   -1.157373    0.000000       -2.160150        1.000000    4.604065    1.233521    0.028674    3.196273
    0.411765    0.968221   -0.235797   -1.212131    0.000000       -2.216373        1.000000    4.794698    1.322124    0.028674    3.196273
    0.421569    0.974950   -0.196733   -1.283870    0.000000       -2.289778        1.000000    4.986656    1.412900    0.028674    3.196273
    0.431373    0.980443   -0.155211   -1.366574    0.000000       -2.374260        1.000000    5.179695    1.505560    0.028674    3.196273
    0.441176    0.984610   -0.111285   -1.428642    0.000000       -2.437989        1.000000    5.373555    1.599765    0.028674    3.196273
    0.450980    0.987392   -0.066668   -1.395155    0.000000       -2.405674        1.000000    5.567963    1.695110    0.028674    3.196273
    0.460784    0.988822   -0.025667   -1.192312    0.000000       -2.203284        1.000000    5.762652    1.791141    0.028674    3.196273
    0.470588    0.989091    0.006756   -0.869234    0.000000       -1.880241        1.000000    5.957394    1.887432    0.028674    3.196273
    0.480392    0.988504    0.029166   -0.577290    0.000000       -1.588489        1.000000    6.152020    1.983677    0.028674    3.196273
    0.490196    0.987341    0.044231   -0.405902    0.000000       -1.417733        1.000000    6.346418    2.079698    0.028674    3.196273
    0.500000    0.985769    0.055824   -0.350334    0.000000       -1.363190        1.000000    6.540506    2.175399    0.028674    3.196273
    0.509804    0.983848    0.066996   -0.372366    0.000000       -1.386503        1.000000    6.734216    2.270701    0.028674    3.196273
    0.519608    0.981558    0.079599   -0.436683    0.000000       -1.452245        1.000000    6.927474    2.365521    0.028674    3.196273
    0.529412    0.978840    0.094545   -0.518662    0.000000       -1.535717        1.000000    7.120198    2.459757    0.028674    3.196273
    0.539216    0.975615    0.112127   -0.602992    0.000000       -1.621550        1.000000    7.312287    2.553277    0.028674    3.196273
    0.549020    0.971801    0.132269   -0.681112    0.000000       -1.701141        1.000000    7.503625    2.645928    0.028674    3.196273
    0.558824    0.967326    0.154706   -0.749061    0.000000       -1.770492        1.000000    7.694082    2.737533    0.028674    3.196273
    0.568627    0.962125    0.179097   -0.805788    0.000000       -1.828529        1.000000    7.883514    2.827894    0.028674    3.196273
    0.578431    0.956146    0.205095   -0.851888    0.000000       -1.875834        1.000000    8.071770    2.916805    0.028674    3.196273
    0.588235    0.949349    0.232389   -0.888719    0.000000       -1.913757        1.000000    8.258687    3.004049    0.028674    3.196273
    0.598039    0.941704    0.260713   -0.917856    0.000000       -1.943875        1.000000    8.444099    3.089413    0.028674    3.196273
    0.607843    0.933189    0.289849   -0.940800    0.000000       -1.967696        1.000000    8.627835    3.172683    0.028674    3.196273
    0.617647    0.923788    0.319624   -0.958853    0.000000       -1.986527        1.000000    8.809719    3.253654    0.028674    3.196273
    0.627451    0.913494    0.349902   -0.973082    0.000000       -2.001448        1.000000    8.989577    3.332133    0.028674    3.196273
    0.637255    0.902303    0.380578   -0.984339    0.000000       -2.013317        1.000000    9.167231    3.407940    0.028674    3.196273
    0.647059    0.890215    0.411568   -0.993286    0.000000       -2.022807        1.000000    9.342506    3.480910    0.028674    3.196273
    0.656863    0.877233    0.442810   -1.000438    0.000000       -2.030439        1.000000    9.515224    3.550897    0.028674    3.196273
    0.666667    0.863364    0.474253   -1.006188    0.000000       -2.036615        1.000000    9.685212    3.617772    0.028674    3.196273
    0.676471    0.848616    0.505858   -1.010839    0.000000       -2.041645        1.000000    9.852296    3.681428    0.028674    3.196273
    0.686275    0.832999    0.537595   -1.014624    0.000000       -2.045768        1.000000   10.016305    3.741778    0.028674    3.196273
    0.696078    0.816528    0.569440   -1.017722    0.000000       -2.049167        1.000000   10.177071    3.798758    0.028674    3.196273
    0.705882    0.799214    0.601372   -1.020274    0.000000       -2.051987        1.000000   10.334428    3.852324    0.028674    3.196273
    0.715686    0.781075    0.633378   -1.022387    0.000000       -2.054340        1.000000   10.488214    3.902453    0.028674    3.196273
    0.725490    0.762126    0.665444   -1.024145    0.000000       -2.056314        1.000000   10.638269    3.949146    0.028674    3.196273
    0.735294    0.742387    0.697560   -1.025617    0.000000       -2.057978        1.000000   10.784437    3.992425    0.028674    3.196273
    0.745098    0.721876    0.729719   -1.026853    0.000000       -2.059388        1.000000   10.926568    4.032330    0.028674    3.196273
    0.754902    0.700613    0.761913   -1.027897    0.000000       -2.060588        1.000000   11.064511    4.068922    0.028674    3.196273
    0.764706    0.678620    0.794138   -1.028782    0.000000       -2.061614        1.000000   11.198125    4.102284    0.028674    3.196273
    0.774510    0.655919    0.826388   -1.029535    0.000000       -2.062494        1.000000   11.327268    4.132510    0.028674    3.196273
    0.784314    0.632533    0.858659   -1.030178    0.000000       -2.063251        1.000000   11.451808    4.159717    0.028674    3.196273
    0.794118    0.608486    0.890950   -1.030729    0.000000       -2.063905        1.000000   11.571613    4.184031    0.028674    3.196273
    0.803922    0.583803    0.923256   -1.031202    0.000000       -2.064471        1.000000   11.686558    4.205596    0.028674    3.196273
    0.813725    0.558510    0.955577   -1.031609    0.000000       -2.064962        1.000000   11.796523    4.224564    0.028674    3.196273
    0.823529    0.532631    0.987909   -1.031960    0.000000       -2.065390        1.000000   11.901392    4.241098    0.028674    3.196273
    0.833333    0.506195    1.020251   -1.032264    0.000000       -2.065762        1.000000   12.001057    4.255368    0.028674    3.196273
    0.843137    0.479229    1.052602   -1.032527    0.000000       -2.066087        1.000000   12.095412    4.267550    0.028674    3.196273
    0.852941    0.451761    1.084961   -1.032755    0.000000       -2.066371        1.000000   12.184360    4.277825    0.028674    3.196273
    0.862745    0.423819    1.117327   -1.032953    0.000000       -2.066618        1.000000   12.267805    4.286374    0.028674    3.196273
    0.872549    0.395433    1.149698   -1.033124    0.000000       -2.066834        1.000000   12.345662    4.293378    0.028674    3.196273
    0.882353    0.366632    1.182075   -1.033272    0.000000       -2.067022        1.000000   12.417848    4.299018    0.028674    3.196273
    0.892157    0.337446    1.214455   -1.033400    0.000000       -2.067186        1.000000   12.484288    4.303466    0.028674    3.196273
    0.901961    0.307907    1.246840   -1.033510    0.000000       -2.067328        1.000000   12.544912    4.306894    0.028674    3.196273
    0.911765    0.278045    1.279227   -1.033605    0.000000       -2.067450        1.000000   12.599656    4.309461    0.028674    3.196273
    0.921569    0.247891    1.311618   -1.033685    0.000000       -2.067555        1.000000   12.648463    4.311318    0.028674    3.196273
    0.931373    0.217476    1.344010   -1.033753    0.000000       -2.067644        1.000000   12.691282    4.312606    0.028674    3.196273
    0.941176    0.186834    1.376405   -1.033810    0.000000       -2.067719        1.000000   12.728068    4.313452    0.028674    3.196273
    0.950980    0.155996    1.408801   -1.033856    0.000000       -2.067780        1.000000   12.758782    4.313969    0.028674    3.196273
    0.960784    0.124993    1.441199   -1.033893    0.000000       -2.067828        1.000000   12.783392    4.314255    0.028674    3.196273
    0.970588    0.093860    1.473597   -1.033921    0.000000       -2.067865        1.000000   12.801872    4.314391    0.028674    3.196273
    0.980392    0.062628    1.505997   -1.033941    0.000000       -2.067892        1.000000   12.814203    4.314441    0.028674    3.196273
    0.990196    0.031331    1.538396   -1.033952    0.000000       -2.067907        1.000000   12.820371    4.314453    0.028674    3.196273
    1.000000    0.000000    1.570796   -1.033956    0.000000       -2.067912        1.000000   12.820371    4.314454    0.028674    3.196273
