           t           r         psi          cs          qs               p             sig           A           V          Q2           S
    0.000000    0.000000   -1.570796   -0.997693    0.000000       -1.995385        1.000000    0.000000    0.000000    0.006715    3.184857
    0.009804    0.031219   -1.539644   -0.997693    0.000000       -1.995386        1.000000    0.000000    0.000001    0.006715    3.184857
    0.019608    0.062408   -1.508492   -0.997694    0.000000       -1.995387        1.000000    0.012244    0.000012    0.006715    3.184857
    0.029412    0.093536   -1.477340   -0.997696    0.000000       -1.995390        1.000000    0.030594    0.000060    0.006715    3.184857
    0.039216    0.124573   -1.446188   -0.997699    0.000000       -1.995394        1.000000    0.055034    0.000190    0.006715    3.184857
    0.049020    0.155490   -1.415036   -0.997703    0.000000       -1.995399        1.000000    0.085539    0.000462    0.006715    3.184857
    0.058824    0.186256   -1.383883   -0.997708    0.000000       -1.995406        1.000000    0.122080    0.000954    0.006715    3.184857
    0.068627    0.216840   -1.352731   -0.997714    0.000000       -1.995414        1.000000    0.164621    0.001760    0.006715    3.184857
    0.078431    0.247215   -1.321578   -0.997721    0.000000       -1.995423        1.000000    0.213121    0.002988    0.006715    3.184857
    0.088235    0.277350   -1.290425   -0.997730    0.000000       -1.995434        1.000000    0.267533    0.004760    0.006715    3.184857
    0.098039    0.307215   -1.259271   -0.997740    0.000000       -1.995447        1.000000    0.327805    0.007211    0.006715    3.184857
    0.107843    0.336782   -1.228118   -0.997751    0.000000       -1.995462        1.000000    0.393877    0.010486    0.006715    3.184857
    0.117647    0.366023   -1.196964   -0.997765    0.000000       -1.995479        1.000000    0.465686    0.014741    0.006715    3.184857
    0.127451    0.394908   -1.165809   -0.997781    0.000000       -1.995499        1.000000    0.543162    0.020140    0.006715    3.184857
    0.137255    0.423410   -1.134654   -0.997799    0.000000       -1.995522        1.000000    0.626229    0.026854    0.006715    3.184857
    0.147059    0.451501   -1.103498   -0.997820    0.000000       -1.995549        1.000000    0.714808    0.035058    0.006715    3.184857
    0.156863    0.479154   -1.072342   -0.997844    0.000000       -1.995579        1.000000    0.808811    0.044930    0.006715    3.184857
    0.166667    0.506342   -1.041185   -0.997872    0.000000       -1.995613        1.000000    0.908149    0.056651    0.006715    3.184857
    0.176471    0.533038   -1.010027   -0.997905    0.000000       -1.995653        1.000000    1.012724    0.070400    0.006715    3.184857
    0.186275    0.559217   -0.978867   -0.997942    0.000000       -1.995699        1.000000    1.122435    0.086356    0.006715    3.184857
    0.196078    0.584854   -0.947707   -0.997986    0.000000       -1.995752        1.000000    1.237176    0.104690    0.006715    3.184857
    0.205882    0.609922   -0.916545   -0.998037    0.000000       -1.995813        1.000000    1.356834    0.125570    0.006715    3.184857
    0.215686    0.634398   -0.885381   -0.998097    0.000000       -1.995884        1.000000    1.481295    0.149156    0.006715    3.184857
    0.225490    0.658259   -0.854215   -0.998167    0.000000       -1.995967        1.000000    1.610436    0.175598    0.006715    3.184857
    0.235294    0.681480   -0.823047   -0.998250    0.000000       -1.996064        1.000000    1.744134    0.205035    0.006715    3.184857
    0.245098    0.704040   -0.791876   -0.998348    0.000000       -1.996177        1.000000    1.882257    0.237593    0.006715    3.184857
    0.254902    0.725916   -0.760702   -0.998465    0.000000       -1.996311        1.000000    2.024672    0.273385    0.006715    3.184857
    0.264706    0.747086   -0.729524   -0.998605    0.000000       -1.996471        1.000000    2.171240    0.312507    0.006715    3.184857
    0.274510    0.767531   -0.698341   -0.998773    0.000000       -1.996661        1.000000    2.321820    0.355039    0.006715    3.184857
    0.284314    0.787231   -0.667152   -0.998978    0.000000       -1.996890        1.000000    2.476264    0.401044    0.006715    3.184857
    0.294118    0.806165   -0.635956   -0.999228    0.000000       -1.997168        1.000000    2.634423    0.450565    0.006715    3.184857
    0.303922    0.824316   -0.604751   -0.999536    0.000000       -1.997508        1.000000    2.796143    0.503625    0.006715    3.184857
    0.313725    0.841664   -0.573536   -0.999920    0.000000       -1.997928        1.000000    2.961266    0.560228    0.006715    3.184857
    0.323529    0.858195   -0.542307   -1.000403    0.000000       -1.998452        1.000000    3.129632    0.620356    0.006715    3.184857
    0.333333    0.873889   -0.511061   -1.001019    0.000000       -1.999115        1.000000    3.301078    0.683971    0.006715    3.184857
    0.343137    0.888733   -0.479793   -1.001814    0.000000       -1.999966        1.000000    3.475436    0.751013    0.006715    3.184857
    0.352941    0.902710   -0.448497   -1.002856    0.000000       -2.001072        1.000000    3.652535    0.821402    0.006715    3.184857
    0.362745    0.915807   -0.417163   -1.004248    0.000000       -2.002539        1.000000    3.832204    0.895034    0.006715    3.184857
    0.372549    0.928008   -0.385778   -1.006142    0.000000       -2.004524        1.000000    4.014267    0.971789    0.006715    3.184857
    0.382353    0.939300   -0.354324   -1.008783    0.000000       -2.007273        1.000000    4.198545    1.051522    0.006715    3.184857
    0.392157    0.949670   -0.322770   -1.012567    0.000000       -2.011188        1.000000    4.384858    1.134072    0.006715    3.184857
    0.401961    0.959104   -0.291072   -1.018168    0.000000       -2.016951        1.000000    4.573021    1.219257    0.006715    3.184857
    0.411765    0.967586   -0.259156   -1.026784    0.000000       -2.025771        1.000000    4.762849    1.306880    0.006715    3.184857
    0.421569    0.975101   -0.226897   -1.040665    0.000000       -2.039915        1.000000    4.954151    1.396723    0.006715    3.184857
    0.431373    0.981626   -0.194069   -1.064283    0.000000       -2.063877        1.000000    5.146733    1.488557    0.006715    3.184857
    0.441176    0.987132   -0.160240   -1.106963    0.000000       -2.107021        1.000000    5.340395    1.582133    0.006715    3.184857
    0.450980    0.991569   -0.124548   -1.187857    0.000000       -2.188547        1.000000    5.534928    1.677187    0.006715    3.184857
    0.460784    0.994852   -0.085382   -1.331667    0.000000       -2.333180        1.000000    5.730104    1.773430    0.006715    3.184857
    0.470588    0.996842   -0.041630   -1.430312    0.000000       -2.432611        1.000000    5.925672    1.870527    0.006715    3.184857
    0.480392    0.997489   -0.002132   -0.987880    0.000000       -1.990395        1.000000    6.121366    1.968058    0.006715    3.184857
    0.490196    0.997182    0.018789   -0.422367    0.000000       -1.425016        1.000000    6.316999    2.065633    0.006715    3.184857
    0.500000    0.996422    0.029416   -0.321692    0.000000       -1.324849        1.000000    6.512484    2.163076    0.006715    3.184857
    0.509804    0.995330    0.041218   -0.451541    0.000000       -1.455379        1.000000    6.707755    2.260308    0.006715    3.184857
    0.519608    0.993796    0.057953   -0.618166    0.000000       -1.622720        1.000000    6.902724    2.357228    0.006715    3.184857
    0.529412    0.991663    0.079463   -0.752282    0.000000       -1.757507        1.000000    7.097275    2.453683    0.006715    3.184857
    0.539216    0.988803    0.104480   -0.843552    0.000000       -1.849361        1.000000    7.291265    2.549476    0.006715    3.184857
    0.549020    0.985128    0.131794   -0.901487    0.000000       -1.907780        1.000000    7.484534    2.644375    0.006715    3.184857
    0.558824    0.980583    0.160550   -0.937579    0.000000       -1.944266        1.000000    7.676912    2.738136    0.006715    3.184857
    0.568627    0.975137    0.190206   -0.960245    0.000000       -1.967248        1.000000    7.868220    2.830507    0.006715    3.184857
    0.578431    0.968772    0.220432   -0.974776    0.000000       -1.982033        1.000000    8.058281    2.921242    0.006715    3.184857
    0.588235    0.961481    0.251028   -0.984332    0.000000       -1.991797        1.000000    8.246910    3.010098    0.006715    3.184857
    0.598039    0.953260    0.281869   -0.990784    0.000000       -1.998418        1.000000    8.433927    3.096847    0.006715    3.184857
    0.607843    0.944112    0.312880   -0.995252    0.000000       -2.003026        1.000000    8.619150    3.181269    0.006715    3.184857
    0.617647    0.934040    0.344008   -0.998419    0.000000       -2.006310        1.000000    8.802396    3.263162    0.006715    3.184857
    0.627451    0.923053    0.375220   -1.000713    0.000000       -2.008702        1.000000    8.983487    3.342341    0.006715    3.184857
    0.637255    0.911158    0.406494   -1.002406    0.000000       -2.010478        1.000000    9.162244    3.418636    0.006715    3.184857
    0.647059    0.898365    0.437814   -1.003678    0.000000       -2.011821        1.000000    9.338491    3.491898    0.006715    3.184857
    0.656863    0.884686    0.469169   -1.004648    0.000000       -2.012852        1.000000    9.512055    3.561996    0.006715    3.184857
    0.666667    0.870134    0.500550   -1.005399    0.000000       -2.013656        1.000000    9.682763    3.628822    0.006715    3.184857
    0.676471    0.854722    0.531953   -1.005987    0.000000       -2.014290        1.000000    9.850448    3.692287    0.006715    3.184857
    0.686275    0.838464    0.563371   -1.006453    0.000000       -2.014796        1.000000   10.014944    3.752323    0.006715    3.184857
    0.696078    0.821377    0.594803   -1.006826    0.000000       -2.015205        1.000000   10.176087    3.808884    0.006715    3.184857
    0.705882    0.803477    0.626245   -1.007128    0.000000       -2.015537        1.000000   10.333719    3.861946    0.006715    3.184857
    0.715686    0.784782    0.657695   -1.007374    0.000000       -2.015811        1.000000   10.487683    3.911505    0.006715    3.184857
    0.725490    0.765309    0.689153   -1.007575    0.000000       -2.016037        1.000000   10.637826    3.957579    0.006715    3.184857
    0.735294    0.745079    0.720616   -1.007743    0.000000       -2.016226        1.000000   10.784001    4.000204    0.006715    3.184857
    0.745098    0.724110    0.752084   -1.007882    0.000000       -2.016384        1.000000   10.926061    4.039437    0.006715    3.184857
    0.754902    0.702423    0.783556   -1.007998    0.000000       -2.016518        1.000000   11.063867    4.075352    0.006715    3.184857
    0.764706    0.680041    0.815032   -1.008096    0.000000       -2.016631        1.000000   11.197282    4.108043    0.006715    3.184857
    0.774510    0.656984    0.846510   -1.008179    0.000000       -2.016728        1.000000   11.326174    4.137616    0.006715    3.184857
    0.784314    0.633277    0.877991   -1.008249    0.000000       -2.016811        1.000000   11.450414    4.164195    0.006715    3.184857
    0.794118    0.608941    0.909473   -1.008310    0.000000       -2.016883        1.000000   11.569881    4.187915    0.006715    3.184857
    0.803922    0.584002    0.940958   -1.008361    0.000000       -2.016944        1.000000   11.684454    4.208925    0.006715    3.184857
    0.813725    0.558484    0.972443   -1.008405    0.000000       -2.016997        1.000000   11.794021    4.227381    0.006715    3.184857
    0.823529    0.532412    1.003931   -1.008443    0.000000       -2.017044        1.000000   11.898473    4.243449    0.006715    3.184857
    0.833333    0.505812    1.035419   -1.008476    0.000000       -2.017084        1.000000   11.997707    4.257302    0.006715    3.184857
    0.843137    0.478710    1.066908   -1.008504    0.000000       -2.017119        1.000000   12.091623    4.269116    0.006715    3.184857
    0.852941    0.451134    1.098398   -1.008529    0.000000       -2.017149        1.000000   12.180130    4.279070    0.006715    3.184857
    0.862745    0.423111    1.129889   -1.008550    0.000000       -2.017176        1.000000   12.263139    4.287344    0.006715    3.184857
    0.872549    0.394668    1.161380   -1.008568    0.000000       -2.017199        1.000000   12.340567    4.294117    0.006715    3.184857
    0.882353    0.365833    1.192872   -1.008584    0.000000       -2.017219        1.000000   12.412339    4.299566    0.006715    3.184857
    0.892157    0.336636    1.224364   -1.008598    0.000000       -2.017237        1.000000   12.478382    4.303862    0.006715    3.184857
    0.901961    0.307105    1.255857   -1.008609    0.000000       -2.017252        1.000000   12.538632    4.307169    0.006715    3.184857
    0.911765    0.277269    1.287350   -1.008620    0.000000       -2.017265        1.000000   12.593029    4.309644    0.006715    3.184857
    0.921569    0.247158    1.318843   -1.008628    0.000000       -2.017276        1.000000   12.641518    4.311434    0.006715    3.184857
    0.931373    0.216802    1.350337   -1.008635    0.000000       -2.017286        1.000000   12.684051    4.312675    0.006715    3.184857
    0.941176    0.186232    1.381831   -1.008641    0.000000       -2.017293        1.000000   12.720588    4.313490    0.006715    3.184857
    0.950980    0.155476    1.413325   -1.008646    0.000000       -2.017300        1.000000   12.751090    4.313987    0.006715    3.184857
    0.960784    0.124566    1.444819   -1.008650    0.000000       -2.017305        1.000000   12.775528    4.314262    0.006715    3.184857
    0.970588    0.093533    1.476313   -1.008653    0.000000       -2.017309        1.000000   12.793878    4.314393    0.006715    3.184857
    0.980392    0.062407    1.507808   -1.008655    0.000000       -2.017312        1.000000   12.806121    4.314442    0.006715    3.184857
    0.990196    0.031219    1.539302   -1.008657    0.000000       -2.017314        1.000000   12.812246    4.314453    0.006715    3.184857
    1.000000    0.000000    1.570796   -1.008657    0.000000       -2.017314        1.000000   12.812246    4.314454    0.006715    3.184857
