           t           r         psi          cs          qs               p             sig           A           V          Q2           S
    0.000000    0.000000   -1.570796   -0.984305    0.000000       -1.968611        1.000000    0.000000    0.000000    0.110556    3.255063
    0.009804    0.031907   -1.539384   -0.984343    0.000000       -1.968661        1.000000    0.000000    0.000001    0.110556    3.255063
    0.019608    0.063783   -1.507970   -0.984456    0.000000       -1.968812        1.000000    0.012789    0.000013    0.110556    3.255063
    0.029412    0.095595   -1.476551   -0.984647    0.000000       -1.969066        1.000000    0.031957    0.000065    0.110556    3.255063
    0.039216    0.127314   -1.445124   -0.984920    0.000000       -1.969427        1.000000    0.057485    0.000204    0.110556    3.255063
    0.049020    0.158906   -1.413688   -0.985278    0.000000       -1.969902        1.000000    0.089348    0.000497    0.110556    3.255063
    0.058824    0.190342   -1.382238   -0.985730    0.000000       -1.970497        1.000000    0.127513    0.001027    0.110556    3.255063
    0.068627    0.221590   -1.350773   -0.986282    0.000000       -1.971223        1.000000    0.171945    0.001895    0.110556    3.255063
    0.078431    0.252618   -1.319288   -0.986945    0.000000       -1.972090        1.000000    0.222597    0.003217    0.110556    3.255063
    0.088235    0.283396   -1.287780   -0.987730    0.000000       -1.973113        1.000000    0.279422    0.005126    0.110556    3.255063
    0.098039    0.313893   -1.256245   -0.988653    0.000000       -1.974307        1.000000    0.342361    0.007765    0.110556    3.255063
    0.107843    0.344079   -1.224678   -0.989729    0.000000       -1.975692        1.000000    0.411352    0.011292    0.110556    3.255063
    0.117647    0.373923   -1.193074   -0.990979    0.000000       -1.977291        1.000000    0.486328    0.015876    0.110556    3.255063
    0.127451    0.403395   -1.161427   -0.992426    0.000000       -1.979131        1.000000    0.567213    0.021692    0.110556    3.255063
    0.137255    0.432464   -1.129730   -0.994099    0.000000       -1.981243        1.000000    0.653927    0.028925    0.110556    3.255063
    0.147059    0.461101   -1.097976   -0.996031    0.000000       -1.983666        1.000000    0.746383    0.037765    0.110556    3.255063
    0.156863    0.489276   -1.066155   -0.998262    0.000000       -1.986442        1.000000    0.844489    0.048405    0.110556    3.255063
    0.166667    0.516960   -1.034258   -1.000838    0.000000       -1.989625        1.000000    0.948145    0.061038    0.110556    3.255063
    0.176471    0.544123   -1.002273   -1.003815    0.000000       -1.993276        1.000000    1.057248    0.075860    0.110556    3.255063
    0.186275    0.570735   -0.970185   -1.007262    0.000000       -1.997470        1.000000    1.171687    0.093063    0.110556    3.255063
    0.196078    0.596768   -0.937979   -1.011259    0.000000       -2.002296        1.000000    1.291346    0.112834    0.110556    3.255063
    0.205882    0.622192   -0.905635   -1.015903    0.000000       -2.007858        1.000000    1.416102    0.135355    0.110556    3.255063
    0.215686    0.646977   -0.873131   -1.021313    0.000000       -2.014286        1.000000    1.545829    0.160798    0.110556    3.255063
    0.225490    0.671093   -0.840440   -1.027631    0.000000       -2.021733        1.000000    1.680391    0.189326    0.110556    3.255063
    0.235294    0.694512   -0.807531   -1.035032    0.000000       -2.030386        1.000000    1.819648    0.221091    0.110556    3.255063
    0.245098    0.717202   -0.774366   -1.043728    0.000000       -2.040469        1.000000    1.963455    0.256228    0.110556    3.255063
    0.254902    0.739132   -0.740899   -1.053975    0.000000       -2.052258        1.000000    2.111659    0.294858    0.110556    3.255063
    0.264706    0.760269   -0.707076   -1.066090    0.000000       -2.066083        1.000000    2.264102    0.337086    0.110556    3.255063
    0.274510    0.780582   -0.672832   -1.080453    0.000000       -2.082347        1.000000    2.420618    0.382996    0.110556    3.255063
    0.284314    0.800033   -0.638088   -1.097526    0.000000       -2.101530        1.000000    2.581033    0.432651    0.110556    3.255063
    0.294118    0.818587   -0.602748   -1.117854    0.000000       -2.124200        1.000000    2.745169    0.486091    0.110556    3.255063
    0.303922    0.836202   -0.566699   -1.142072    0.000000       -2.151012        1.000000    2.912837    0.543335    0.110556    3.255063
    0.313725    0.852836   -0.529807   -1.170883    0.000000       -2.182689        1.000000    3.083841    0.604371    0.110556    3.255063
    0.323529    0.868440   -0.491912   -1.204996    0.000000       -2.219956        1.000000    3.257973    0.669161    0.110556    3.255063
    0.333333    0.882963   -0.452835   -1.244998    0.000000       -2.263399        1.000000    3.435017    0.737635    0.110556    3.255063
    0.343137    0.896344   -0.412385   -1.291065    0.000000       -2.313180        1.000000    3.614744    0.809687    0.110556    3.255063
    0.352941    0.908521   -0.370376   -1.342454    0.000000       -2.368508        1.000000    3.796913    0.885171    0.110556    3.255063
    0.362745    0.919423   -0.326673   -1.396638    0.000000       -2.426758        1.000000    3.981268    0.963896    0.110556    3.255063
    0.372549    0.928978   -0.281264   -1.448070    0.000000       -2.482223        1.000000    4.167538    1.045616    0.110556    3.255063
    0.382353    0.937117   -0.234383   -1.486851    0.000000       -2.524777        1.000000    4.355441    1.130025    0.110556    3.255063
    0.392157    0.943786   -0.186655   -1.498325    0.000000       -2.539483        1.000000    4.544681    1.216754    0.110556    3.255063
    0.401961    0.948960   -0.139226   -1.465416    0.000000       -2.509005        1.000000    4.734958    1.305373    0.110556    3.255063
    0.411765    0.952661   -0.093741   -1.375088    0.000000       -2.420171        1.000000    4.925977    1.395412    0.110556    3.255063
    0.421569    0.954973   -0.052084   -1.226806    0.000000       -2.272537        1.000000    5.117460    1.486396    0.110556    3.255063
    0.431373    0.956041   -0.015891   -1.036519    0.000000       -2.082367        1.000000    5.309157    1.577891    0.110556    3.255063
    0.441176    0.956055    0.013913   -0.831274    0.000000       -1.877138        1.000000    5.500857    1.669539    0.110556    3.255063
    0.450980    0.955221    0.037296   -0.638093    0.000000       -1.684243        1.000000    5.692390    1.761076    0.110556    3.255063
    0.460784    0.953736    0.054968   -0.475462    0.000000       -1.522387        1.000000    5.883625    1.852320    0.110556    3.255063
    0.470588    0.951764    0.068056   -0.351398    0.000000       -1.399647        1.000000    6.074465    1.943158    0.110556    3.255063
    0.480392    0.949431    0.077809   -0.266037    0.000000       -1.316113        1.000000    6.264836    2.033515    0.110556    3.255063
    0.490196    0.946826    0.085403   -0.215235    0.000000       -1.267547        1.000000    6.454686    2.123342    0.110556    3.255063
    0.500000    0.943999    0.091853   -0.193290    0.000000       -1.248147        1.000000    6.643968    2.212602    0.110556    3.255063
    0.509804    0.940975    0.097986   -0.194458    0.000000       -1.252089        1.000000    6.832644    2.301259    0.110556    3.255063
    0.519608    0.937752    0.104455   -0.213615    0.000000       -1.274183        1.000000    7.020674    2.389276    0.110556    3.255063
    0.529412    0.934311    0.111765   -0.246417    0.000000       -1.310046        1.000000    7.208014    2.476607    0.110556    3.255063
    0.539216    0.930620    0.120290   -0.289264    0.000000       -1.356051        1.000000    7.394614    2.563198    0.110556    3.255063
    0.549020    0.926636    0.130302   -0.339183    0.000000       -1.409206        1.000000    7.580415    2.648982    0.110556    3.255063
    0.558824    0.922310    0.141987   -0.393707    0.000000       -1.467031        1.000000    7.765349    2.733880    0.110556    3.255063
    0.568627    0.917586    0.155457   -0.450787    0.000000       -1.527461        1.000000    7.949336    2.817798    0.110556    3.255063
    0.578431    0.912409    0.170767   -0.508720    0.000000       -1.588778        1.000000    8.132284    2.900629    0.110556    3.255063
    0.588235    0.906721    0.187920   -0.566108    0.000000       -1.649567        1.000000    8.314092    2.982251    0.110556    3.255063
    0.598039    0.900467    0.206881   -0.621829    0.000000       -1.708683        1.000000    8.494646    3.062529    0.110556    3.255063
    0.607843    0.893594    0.227581   -0.675018    0.000000       -1.765240        1.000000    8.673821    3.141316    0.110556    3.255063
    0.617647    0.886051    0.249930   -0.725046    0.000000       -1.818583        1.000000    8.851485    3.218457    0.110556    3.255063
    0.627451    0.877793    0.273819   -0.771496    0.000000       -1.868275        1.000000    9.027492    3.293789    0.110556    3.255063
    0.637255    0.868779    0.299130   -0.814140    0.000000       -1.914067        1.000000    9.201692    3.367144    0.110556    3.255063
    0.647059    0.858973    0.325740   -0.852908    0.000000       -1.955870        1.000000    9.373926    3.438354    0.110556    3.255063
    0.656863    0.848345    0.353526   -0.887855    0.000000       -1.993723        1.000000    9.544029    3.507254    0.110556    3.255063
    0.666667    0.836869    0.382368   -0.919131    0.000000       -2.027767        1.000000    9.711831    3.573683    0.110556    3.255063
    0.676471    0.824525    0.412153   -0.946952    0.000000       -2.058210        1.000000    9.877158    3.637492    0.110556    3.255063
    0.686275    0.811298    0.442773   -0.971575    0.000000       -2.085305        1.000000   10.039832    3.698540    0.110556    3.255063
    0.696078    0.797177    0.474132   -0.993279    0.000000       -2.109329        1.000000   10.199675    3.756704    0.110556    3.255063
    0.705882    0.782156    0.506141   -1.012348    0.000000       -2.130567        1.000000   10.356506    3.811875    0.110556    3.255063
    0.715686    0.766234    0.538720   -1.029061    0.000000       -2.149301        1.000000   10.510145    3.863964    0.110556    3.255063
    0.725490    0.749413    0.571798   -1.043680    0.000000       -2.165798        1.000000   10.660411    3.912905    0.110556    3.255063
    0.735294    0.731698    0.605313   -1.056452    0.000000       -2.180309        1.000000   10.807125    3.958651    0.110556    3.255063
    0.745098    0.713099    0.639209   -1.067599    0.000000       -2.193064        1.000000   10.950109    4.001178    0.110556    3.255063
    0.754902    0.693628    0.673437   -1.077323    0.000000       -2.204272        1.000000   11.089189    4.040486    0.110556    3.255063
    0.764706    0.673299    0.707955   -1.085804    0.000000       -2.214120        1.000000   11.224194    4.076598    0.110556    3.255063
    0.774510    0.652130    0.742727   -1.093201    0.000000       -2.222773        1.000000   11.354953    4.109560    0.110556    3.255063
    0.784314    0.630141    0.777719   -1.099654    0.000000       -2.230379        1.000000   11.481303    4.139438    0.110556    3.255063
    0.794118    0.607354    0.812903   -1.105283    0.000000       -2.237065        1.000000   11.603085    4.166322    0.110556    3.255063
    0.803922    0.583794    0.848255   -1.110197    0.000000       -2.242946        1.000000   11.720142    4.190320    0.110556    3.255063
    0.813725    0.559487    0.883754   -1.114486    0.000000       -2.248119        1.000000   11.832326    4.211558    0.110556    3.255063
    0.823529    0.534459    0.919381   -1.118231    0.000000       -2.252671        1.000000   11.939491    4.230179    0.110556    3.255063
    0.833333    0.508742    0.955120   -1.121501    0.000000       -2.256676        1.000000   12.041500    4.246339    0.110556    3.255063
    0.843137    0.482364    0.990957   -1.124357    0.000000       -2.260199        1.000000   12.138219    4.260207    0.110556    3.255063
    0.852941    0.455360    1.026878   -1.126848    0.000000       -2.263296        1.000000   12.229524    4.271961    0.110556    3.255063
    0.862745    0.427762    1.062874   -1.129021    0.000000       -2.266016        1.000000   12.315295    4.281785    0.110556    3.255063
    0.872549    0.399604    1.098935   -1.130914    0.000000       -2.268402        1.000000   12.395420    4.289869    0.110556    3.255063
    0.882353    0.370924    1.135052   -1.132559    0.000000       -2.270490        1.000000   12.469795    4.296403    0.110556    3.255063
    0.892157    0.341756    1.171218   -1.133985    0.000000       -2.272313        1.000000   12.538321    4.301576    0.110556    3.255063
    0.901961    0.312139    1.207426   -1.135218    0.000000       -2.273897        1.000000   12.600908    4.305575    0.110556    3.255063
    0.911765    0.282112    1.243671   -1.136277    0.000000       -2.275267        1.000000   12.657475    4.308578    0.110556    3.255063
    0.921569    0.251712    1.279947   -1.137181    0.000000       -2.276442        1.000000   12.707946    4.310758    0.110556    3.255063
    0.931373    0.220981    1.316250   -1.137945    0.000000       -2.277441        1.000000   12.752255    4.312272    0.110556    3.255063
    0.941176    0.189958    1.352575   -1.138582    0.000000       -2.278278        1.000000   12.790344    4.313270    0.110556    3.255063
    0.950980    0.158683    1.388918   -1.139104    0.000000       -2.278966        1.000000   12.822162    4.313880    0.110556    3.255063
    0.960784    0.127199    1.425276   -1.139519    0.000000       -2.279515        1.000000   12.847667    4.314218    0.110556    3.255063
    0.970588    0.095547    1.461647   -1.139834    0.000000       -2.279933        1.000000   12.866825    4.314379    0.110556    3.255063
    0.980392    0.063768    1.498025   -1.140055    0.000000       -2.280227        1.000000   12.879611    4.314439    0.110556    3.255063
    0.990196    0.031905    1.534409   -1.140187    0.000000       -2.280402        1.000000   12.886009    4.314453    0.110556    3.255063
    1.000000    0.000000    1.570796   -1.140230    0.000000       -2.280460        1.000000   12.886009    4.314454    0.110556    3.255063
