           t           r         psi          cs          qs               p             sig           A           V          Q2           S
    0.000000    0.000000   -1.570796   -1.010735    0.000000       -2.021470        1.000000    0.000000   -0.000000    0.250542    5.944869
    0.009804    0.058249   -1.511878   -1.011216    0.000000       -2.022111        1.000000    0.000000    0.000009    0.250542    5.944869
    0.019608    0.116296   -1.452904   -1.012687    0.000000       -2.024066        1.000000    0.042588    0.000146    0.250542    5.944869
    0.029412    0.173939   -1.393813   -1.015231    0.000000       -2.027433        1.000000    0.106285    0.000735    0.250542    5.944869
    0.039216    0.230974   -1.334539   -1.018989    0.000000       -2.032375        1.000000    0.190868    0.002306    0.250542    5.944869
    0.049020    0.287199   -1.275006   -1.024165    0.000000       -2.039129        1.000000    0.296042    0.005576    0.250542    5.944869
    0.058824    0.342410   -1.215123   -1.031040    0.000000       -2.048014        1.000000    0.421433    0.011430    0.250542    5.944869
    0.068627    0.396401   -1.154781   -1.039983    0.000000       -2.059454        1.000000    0.566596    0.020887    0.250542    5.944869
    0.078431    0.448963   -1.093847   -1.051481    0.000000       -2.073996        1.000000    0.731008    0.035073    0.250542    5.944869
    0.088235    0.499886   -1.032152   -1.066161    0.000000       -2.092339        1.000000    0.914068    0.055178    0.250542    5.944869
    0.098039    0.548950   -0.969491   -1.084824    0.000000       -2.115371        1.000000    1.115095    0.082420    0.250542    5.944869
    0.107843    0.595929   -0.905602   -1.108475    0.000000       -2.144189        1.000000    1.333326    0.118000    0.250542    5.944869
    0.117647    0.640582   -0.840160   -1.138330    0.000000       -2.180108        1.000000    1.567909    0.163052    0.250542    5.944869
    0.127451    0.682652   -0.772764   -1.175769    0.000000       -2.224596        1.000000    1.817898    0.218597    0.250542    5.944869
    0.137255    0.721861   -0.702932   -1.222130    0.000000       -2.279052        1.000000    2.082246    0.285488    0.250542    5.944869
    0.147059    0.757899   -0.630116   -1.278186    0.000000       -2.344237        1.000000    2.359791    0.364347    0.250542    5.944869
    0.156863    0.790427   -0.553767   -1.342967    0.000000       -2.419030        1.000000    2.649248    0.455491    0.250542    5.944869
    0.166667    0.819073   -0.473493   -1.411515    0.000000       -2.498086        1.000000    2.949195    0.558850    0.250542    5.944869
    0.176471    0.843454   -0.389392   -1.471433    0.000000       -2.568279        1.000000    3.258071    0.673862    0.250542    5.944869
    0.186275    0.863221   -0.302583   -1.499684    0.000000       -2.605507        1.000000    3.574185    0.799384    0.250542    5.944869
    0.196078    0.878145   -0.215812   -1.464636    0.000000       -2.576984        1.000000    3.895764    0.933656    0.250542    5.944869
    0.205882    0.888239   -0.133619   -1.339799    0.000000       -2.455587        1.000000    4.221040    1.074412    0.250542    5.944869
    0.215686    0.893851   -0.061404   -1.125301    0.000000       -2.241947        1.000000    4.548371    1.219195    0.250542    5.944869
    0.225490    0.895666   -0.003530   -0.855581    0.000000       -1.972061        1.000000    4.876367    1.365786    0.250542    5.944869
    0.235294    0.894577    0.038229   -0.580308    0.000000       -1.697338        1.000000    5.203964    1.512525    0.250542    5.944869
    0.245098    0.891508    0.064772   -0.338105    0.000000       -1.457447        1.000000    5.530437    1.658388    0.250542    5.944869
    0.254902    0.887279    0.078630   -0.146268    0.000000       -1.269827        1.000000    5.855361    1.802865    0.250542    5.944869
    0.264706    0.882539    0.082822   -0.005687    0.000000       -1.134896        1.000000    6.178550    1.945777    0.250542    5.944869
    0.274510    0.877768    0.080154    0.090620    0.000000       -1.044975        1.000000    6.499991    2.087140    0.250542    5.944869
    0.284314    0.873294    0.072943    0.151659    0.000000       -0.990385        1.000000    6.819794    2.227072    0.250542    5.944869
    0.294118    0.869326    0.062998    0.185768    0.000000       -0.962266        1.000000    7.138144    2.365741    0.250542    5.944869
    0.303922    0.865982    0.051678    0.199808    0.000000       -0.953409        1.000000    7.455269    2.503339    0.250542    5.944869
    0.313725    0.863312    0.039991    0.199166    0.000000       -0.958238        1.000000    7.771417    2.640066    0.250542    5.944869
    0.323529    0.861315    0.028665    0.188027    0.000000       -0.972512        1.000000    8.086833    2.776119    0.250542    5.944869
    0.333333    0.859954    0.018214    0.169657    0.000000       -0.993004        1.000000    8.401751    2.911687    0.250542    5.944869
    0.343137    0.859168    0.008979    0.146642    0.000000       -1.017228        1.000000    8.716381    3.046944    0.250542    5.944869
    0.352941    0.858879    0.001170    0.121064    0.000000       -1.043243        1.000000    9.030905    3.182045    0.250542    5.944869
    0.362745    0.859002   -0.005116    0.094617    0.000000       -1.069510        1.000000    9.345474    3.317123    0.250542    5.944869
    0.372549    0.859446   -0.009869    0.068679    0.000000       -1.094804        1.000000    9.660206    3.452289    0.250542    5.944869
    0.382353    0.860124   -0.013153    0.044358    0.000000       -1.118164        1.000000    9.975186    3.587629    0.250542    5.944869
    0.392157    0.860953   -0.015088    0.022510    0.000000       -1.138861        1.000000   10.290469    3.723204    0.250542    5.944869
    0.401961    0.861859   -0.015837    0.003749    0.000000       -1.156388        1.000000   10.606085    3.859052    0.250542    5.944869
    0.411765    0.862780   -0.015593   -0.011546    0.000000       -1.170450        1.000000   10.922037    3.995188    0.250542    5.944869
    0.421569    0.863662   -0.014562   -0.023222    0.000000       -1.180960        1.000000   11.238313    4.131613    0.250542    5.944869
    0.431373    0.864466   -0.012955   -0.031335    0.000000       -1.188021        1.000000   11.554883    4.268307    0.250542    5.944869
    0.441176    0.865164   -0.010974   -0.036123    0.000000       -1.191903        1.000000   11.871709    4.405243    0.250542    5.944869
    0.450980    0.865741   -0.008802   -0.037972    0.000000       -1.193006        1.000000   12.188746    4.542384    0.250542    5.944869
    0.460784    0.866190   -0.006596   -0.037365    0.000000       -1.191821        1.000000   12.505948    4.679690    0.250542    5.944869
    0.470588    0.866512   -0.004483   -0.034845    0.000000       -1.188885        1.000000   12.823267    4.817121    0.250542    5.944869
    0.480392    0.866716   -0.002560   -0.030962    0.000000       -1.184739        1.000000   13.140661    4.954636    0.250542    5.944869
    0.490196    0.866815   -0.000890   -0.026244    0.000000       -1.179892        1.000000   13.458091    5.092199    0.250542    5.944869
    0.500000    0.866826    0.000492   -0.021161    0.000000       -1.174795        1.000000   13.775526    5.229780    0.250542    5.944869
    0.509804    0.866764    0.001577   -0.016111    0.000000       -1.169826        1.000000   14.092937    5.367352    0.250542    5.944869
    0.519608    0.866647    0.002377   -0.011411    0.000000       -1.165280        1.000000   14.410306    5.504895    0.250542    5.944869
    0.529412    0.866492    0.002918   -0.007297    0.000000       -1.161371        1.000000   14.727618    5.642394    0.250542    5.944869
    0.539216    0.866311    0.003242   -0.003929    0.000000       -1.158243        1.000000   15.044864    5.779839    0.250542    5.944869
    0.549020    0.866117    0.003393   -0.001404    0.000000       -1.155975        1.000000   15.362039    5.917225    0.250542    5.944869
    0.558824    0.865918    0.003423    0.000233    0.000000       -1.154604        1.000000   15.679141    6.054548    0.250542    5.944869
    0.568627    0.865720    0.003383    0.000973    0.000000       -1.154129        1.000000   15.996170    6.191807    0.250542    5.944869
    0.578431    0.865524    0.003326    0.000830    0.000000       -1.154533        1.000000   16.313128    6.329005    0.250542    5.944869
    0.588235    0.865331    0.003303   -0.000176    0.000000       -1.155797        1.000000   16.630015    6.466141    0.250542    5.944869
    0.598039    0.865138    0.003363   -0.002028    0.000000       -1.157907        1.000000   16.946831    6.603215    0.250542    5.944869
    0.607843    0.864937    0.003556   -0.004726    0.000000       -1.160873        1.000000   17.263573    6.740228    0.250542    5.944869
    0.617647    0.864720    0.003931   -0.008301    0.000000       -1.164736        1.000000   17.580236    6.877174    0.250542    5.944869
    0.627451    0.864474    0.004542   -0.012823    0.000000       -1.169584        1.000000   17.896809    7.014047    0.250542    5.944869
    0.637255    0.864184    0.005447   -0.018412    0.000000       -1.175556        1.000000   18.213276    7.150836    0.250542    5.944869
    0.647059    0.863832    0.006712   -0.025253    0.000000       -1.182859        1.000000   18.529614    7.287522    0.250542    5.944869
    0.656863    0.863393    0.008419   -0.033599    0.000000       -1.191778        1.000000   18.845792    7.424083    0.250542    5.944869
    0.666667    0.862840    0.010665   -0.043787    0.000000       -1.202684        1.000000   19.161766    7.560486    0.250542    5.944869
    0.676471    0.862138    0.013567   -0.056244    0.000000       -1.216045        1.000000   19.477484    7.696687    0.250542    5.944869
    0.686275    0.861243    0.017275   -0.071494    0.000000       -1.232433        1.000000   19.792874    7.832631    0.250542    5.944869
    0.696078    0.860105    0.021968   -0.090157    0.000000       -1.252525        1.000000   20.107847    7.968247    0.250542    5.944869
    0.705882    0.858659    0.027864   -0.112939    0.000000       -1.277093        1.000000   20.422290    8.103441    0.250542    5.944869
    0.715686    0.856829    0.035227   -0.140614    0.000000       -1.306984        1.000000   20.736064    8.238098    0.250542    5.944869
    0.725490    0.854519    0.044365   -0.173977    0.000000       -1.343074        1.000000   21.048991    8.372069    0.250542    5.944869
    0.735294    0.851618    0.055632   -0.213784    0.000000       -1.386203        1.000000   21.360856    8.505168    0.250542    5.944869
    0.745098    0.847989    0.069423   -0.260648    0.000000       -1.437068        1.000000   21.671393    8.637162    0.250542    5.944869
    0.754902    0.843475    0.086160   -0.314930    0.000000       -1.496104        1.000000   21.980276    8.767758    0.250542    5.944869
    0.764706    0.837893    0.106277   -0.376605    0.000000       -1.563340        1.000000   22.287115    8.896598    0.250542    5.944869
    0.774510    0.831038    0.130193   -0.445144    0.000000       -1.638275        1.000000   22.591444    9.023246    0.250542    5.944869
    0.784314    0.822682    0.158278   -0.519453    0.000000       -1.719796        1.000000   22.892712    9.147177    0.250542    5.944869
    0.794118    0.812582    0.190824   -0.597879    0.000000       -1.806186        1.000000   23.190282    9.267776    0.250542    5.944869
    0.803922    0.800489    0.228010   -0.678337    0.000000       -1.895242        1.000000   23.483424    9.384340    0.250542    5.944869
    0.813725    0.786152    0.269889   -0.758514    0.000000       -1.984486        1.000000   23.771315    9.496088    0.250542    5.944869
    0.823529    0.769333    0.316377   -0.836133    0.000000       -2.071449        1.000000   24.053047    9.602190    0.250542    5.944869
    0.833333    0.749818    0.367265   -0.909214    0.000000       -2.153933        1.000000   24.327633    9.701795    0.250542    5.944869
    0.843137    0.727424    0.422243   -0.976250    0.000000       -2.230226        1.000000   24.594017    9.794086    0.250542    5.944869
    0.852941    0.702008    0.480927   -1.036301    0.000000       -2.299201        1.000000   24.851095    9.878325    0.250542    5.944869
    0.862745    0.673476    0.542897   -1.088976    0.000000       -2.360314        1.000000   25.097724    9.953914    0.250542    5.944869
    0.872549    0.641781    0.607722   -1.134345    0.000000       -2.413520        1.000000   25.332747   10.020440    0.250542    5.944869
    0.882353    0.606927    0.674989   -1.172816    0.000000       -2.459155        1.000000   25.555005   10.077720    0.250542    5.944869
    0.892157    0.568966    0.744311   -1.205006    0.000000       -2.497798        1.000000   25.763362   10.125820    0.250542    5.944869
    0.901961    0.527998    0.815344   -1.231633    0.000000       -2.530158        1.000000   25.956717   10.165070    0.250542    5.944869
    0.911765    0.484165    0.887784   -1.253434    0.000000       -2.556983        1.000000   26.134019   10.196047    0.250542    5.944869
    0.921569    0.437647    0.961371   -1.271108    0.000000       -2.579003        1.000000   26.294287   10.219547    0.250542    5.944869
    0.931373    0.388660    1.035884   -1.285289    0.000000       -2.596887        1.000000   26.436615   10.236543    0.250542    5.944869
    0.941176    0.337450    1.111135   -1.296528    0.000000       -2.611225        1.000000   26.560190   10.248122    0.250542    5.944869
    0.950980    0.284288    1.186967   -1.305288    0.000000       -2.622524        1.000000   26.664298   10.255424    0.250542    5.944869
    0.960784    0.229466    1.263247   -1.311953    0.000000       -2.631205        1.000000   26.748329   10.259568    0.250542    5.944869
    0.970588    0.173297    1.339862   -1.316826    0.000000       -2.637606        1.000000   26.811791   10.261583    0.250542    5.944869
    0.980392    0.116105    1.416714   -1.320140    0.000000       -2.641990        1.000000   26.854309   10.262346    0.250542    5.944869
    0.990196    0.058225    1.493718   -1.322062    0.000000       -2.644544        1.000000   26.875631   10.262524    0.250542    5.944869
    1.000000    0.000000    1.570796   -1.322691    0.000000       -2.645382        1.000000   26.875631   10.262536    0.250542    5.944869
