           t           r         psi          cs          qs               p             sig           A           V          Q2           S
    0.000000    0.000000   -1.570796   -0.995110    0.000000       -1.990220        1.000000    0.000000    0.000000    0.021059    5.127935
    0.009804    0.050253   -1.520768   -0.995116    0.000000       -1.990228        1.000000    0.000000    0.000005    0.021059    5.127935
    0.019608    0.100380   -1.470739   -0.995133    0.000000       -1.990250        1.000000    0.031708    0.000080    0.021059    5.127935
    0.029412    0.150256   -1.420710   -0.995162    0.000000       -1.990289        1.000000    0.079171    0.000401    0.021059    5.127935
    0.039216    0.199756   -1.370678   -0.995205    0.000000       -1.990345        1.000000    0.142270    0.001261    0.021059    5.127935
    0.049020    0.248756   -1.320644   -0.995263    0.000000       -1.990422        1.000000    0.220847    0.003056    0.021059    5.127935
    0.058824    0.297133   -1.270606   -0.995339    0.000000       -1.990521        1.000000    0.314705    0.006279    0.021059    5.127935
    0.068627    0.344767   -1.220564   -0.995438    0.000000       -1.990648        1.000000    0.423611    0.011508    0.021059    5.127935
    0.078431    0.391538   -1.170517   -0.995563    0.000000       -1.990807        1.000000    0.547290    0.019388    0.021059    5.127935
    0.088235    0.437328   -1.120462   -0.995721    0.000000       -1.991006        1.000000    0.685433    0.030618    0.021059    5.127935
    0.098039    0.482023   -1.070399   -0.995920    0.000000       -1.991255        1.000000    0.837694    0.045932    0.021059    5.127935
    0.107843    0.525511   -1.020324   -0.996172    0.000000       -1.991565        1.000000    1.003693    0.066081    0.021059    5.127935
    0.117647    0.567682   -0.970235   -0.996491    0.000000       -1.991953        1.000000    1.183012    0.091810    0.021059    5.127935
    0.127451    0.608430   -0.920127   -0.996898    0.000000       -1.992442        1.000000    1.375203    0.123842    0.021059    5.127935
    0.137255    0.647652   -0.869997   -0.997421    0.000000       -1.993062        1.000000    1.579783    0.162857    0.021059    5.127935
    0.147059    0.685249   -0.819836   -0.998100    0.000000       -1.993856        1.000000    1.796240    0.209473    0.021059    5.127935
    0.156863    0.721124   -0.769637   -0.998991    0.000000       -1.994885        1.000000    2.024029    0.264231    0.021059    5.127935
    0.166667    0.755187   -0.719385   -1.000176    0.000000       -1.996235        1.000000    2.262577    0.327572    0.021059    5.127935
    0.176471    0.787349   -0.669064   -1.001779    0.000000       -1.998036        1.000000    2.511285    0.399833    0.021059    5.127935
    0.186275    0.817525   -0.618649   -1.003986    0.000000       -2.000485        1.000000    2.769525    0.481223    0.021059    5.127935
    0.196078    0.845633   -0.568101   -1.007093    0.000000       -2.003890        1.000000    3.036643    0.571826    0.021059    5.127935
    0.205882    0.871597   -0.517365   -1.011583    0.000000       -2.008747        1.000000    3.311963    0.671584    0.021059    5.127935
    0.215686    0.895338   -0.466352   -1.018268    0.000000       -2.015897        1.000000    3.594783    0.780298    0.021059    5.127935
    0.225490    0.916780   -0.414920   -1.028589    0.000000       -2.026809        1.000000    3.884375    0.897625    0.021059    5.127935
    0.235294    0.935842   -0.362826   -1.045204    0.000000       -2.044195        1.000000    4.179989    1.023078    0.021059    5.127935
    0.245098    0.952433   -0.309638   -1.073253    0.000000       -2.073265        1.000000    4.480844    1.156030    0.021059    5.127935
    0.254902    0.966436   -0.254556   -1.122854    0.000000       -2.124240        1.000000    4.786122    1.295716    0.021059    5.127935
    0.264706    0.977684   -0.196077   -1.211940    0.000000       -2.215166        1.000000    5.094953    1.441225    0.021059    5.127935
    0.274510    0.985918   -0.131834   -1.348465    0.000000       -2.353947        1.000000    5.406384    1.591471    0.021059    5.127935
    0.284314    0.990791   -0.062121   -1.369326    0.000000       -2.376674        1.000000    5.719355    1.745088    0.021059    5.127935
    0.294118    0.992339   -0.003885   -0.852799    0.000000       -1.860511        1.000000    6.032815    1.900356    0.021059    5.127935
    0.303922    0.991757    0.021567   -0.207185    0.000000       -1.215262        1.000000    6.346092    2.055812    0.021059    5.127935
    0.313725    0.990570    0.023152    0.091247    0.000000       -0.918001        1.000000    6.658993    2.210932    0.021059    5.127935
    0.323529    0.989569    0.016072    0.167256    0.000000       -0.843154        1.000000    6.971578    2.365710    0.021059    5.127935
    0.333333    0.988972    0.007814    0.152508    0.000000       -0.858613        1.000000    7.283975    2.520257    0.021059    5.127935
    0.343137    0.988754    0.001257    0.105773    0.000000       -0.905600        1.000000    7.596302    2.674688    0.021059    5.127935
    0.352941    0.988802   -0.002737    0.053673    0.000000       -0.957648        1.000000    7.908645    2.829098    0.021059    5.127935
    0.362745    0.988988   -0.004287    0.010174    0.000000       -1.000951        1.000000    8.221047    2.983546    0.021059    5.127935
    0.372549    0.989203   -0.004026   -0.017699    0.000000       -1.028606        1.000000    8.533516    3.138059    0.021059    5.127935
    0.382353    0.989376   -0.002791   -0.028833    0.000000       -1.039567        1.000000    8.846040    3.292635    0.021059    5.127935
    0.392157    0.989480   -0.001345   -0.027002    0.000000       -1.037634        1.000000    9.158597    3.447255    0.021059    5.127935
    0.401961    0.989517   -0.000190   -0.018350    0.000000       -1.028945        1.000000    9.471166    3.601896    0.021059    5.127935
    0.411765    0.989507    0.000481   -0.008487    0.000000       -1.019091        1.000000    9.783731    3.756542    0.021059    5.127935
    0.421569    0.989476    0.000702   -0.000833    0.000000       -1.011469        1.000000   10.096287    3.911180    0.021059    5.127935
    0.431373    0.989442    0.000622    0.003466    0.000000       -1.007205        1.000000   10.408832    4.065808    0.021059    5.127935
    0.441176    0.989416    0.000404    0.004780    0.000000       -1.005918        1.000000   10.721368    4.220426    0.021059    5.127935
    0.450980    0.989401    0.000174    0.004144    0.000000       -1.006568        1.000000   11.033900    4.375037    0.021059    5.127935
    0.460784    0.989397    0.000002    0.002646    0.000000       -1.008071        1.000000   11.346431    4.529646    0.021059    5.127935
    0.470588    0.989400   -0.000092    0.001101    0.000000       -1.009613        1.000000   11.658963    4.684255    0.021059    5.127935
    0.480392    0.989405   -0.000116   -0.000039    0.000000       -1.010748        1.000000   11.971496    4.838865    0.021059    5.127935
    0.490196    0.989411   -0.000097   -0.000643    0.000000       -1.011346        1.000000   12.284031    4.993477    0.021059    5.127935
    0.500000    0.989415   -0.000059   -0.000790    0.000000       -1.011489        1.000000   12.596568    5.148091    0.021059    5.127935
    0.509804    0.989417   -0.000022   -0.000651    0.000000       -1.011348        1.000000   12.909105    5.302705    0.021059    5.127935
    0.519608    0.989417    0.000004   -0.000400    0.000000       -1.011096        1.000000   13.221642    5.457320    0.021059    5.127935
    0.529412    0.989416    0.000018   -0.000164    0.000000       -1.010861        1.000000   13.534179    5.611934    0.021059    5.127935
    0.539216    0.989415    0.000022   -0.000013    0.000000       -1.010711        1.000000   13.846715    5.766549    0.021059    5.127935
    0.549020    0.989414    0.000022    0.000033    0.000000       -1.010666        1.000000   14.159251    5.921163    0.021059    5.127935
    0.558824    0.989413    0.000021   -0.000024    0.000000       -1.010725        1.000000   14.471787    6.075777    0.021059    5.127935
    0.568627    0.989412    0.000026   -0.000184    0.000000       -1.010885        1.000000   14.784323    6.230390    0.021059    5.127935
    0.578431    0.989410    0.000041   -0.000470    0.000000       -1.011173        1.000000   15.096858    6.385003    0.021059    5.127935
    0.588235    0.989407    0.000076   -0.000961    0.000000       -1.011667        1.000000   15.409392    6.539615    0.021059    5.127935
    0.598039    0.989402    0.000144   -0.001827    0.000000       -1.012538        1.000000   15.721924    6.694226    0.021059    5.127935
    0.607843    0.989392    0.000272   -0.003397    0.000000       -1.014119        1.000000   16.034453    6.848835    0.021059    5.127935
    0.617647    0.989373    0.000508   -0.006285    0.000000       -1.017026        1.000000   16.346976    7.003439    0.021059    5.127935
    0.627451    0.989338    0.000944   -0.011605    0.000000       -1.022382        1.000000   16.659488    7.158035    0.021059    5.127935
    0.637255    0.989272    0.001748   -0.021347    0.000000       -1.032190        1.000000   16.971980    7.312616    0.021059    5.127935
    0.647059    0.989151    0.003221   -0.038949    0.000000       -1.049912        1.000000   17.284433    7.467168    0.021059    5.127935
    0.656863    0.988928    0.005888   -0.069976    0.000000       -1.081154        1.000000   17.596816    7.621666    0.021059    5.127935
    0.666667    0.988525    0.010614   -0.122388    0.000000       -1.133940        1.000000   17.909071    7.776066    0.021059    5.127935
    0.676471    0.987805    0.018700   -0.204883    0.000000       -1.217052        1.000000   18.221099    7.930284    0.021059    5.127935
    0.686275    0.986561    0.031793   -0.321401    0.000000       -1.334511        1.000000   18.532733    8.084171    0.021059    5.127935
    0.696078    0.984499    0.051451   -0.463342    0.000000       -1.477744        1.000000   18.843717    8.237467    0.021059    5.127935
    0.705882    0.981267    0.078439   -0.608745    0.000000       -1.624702        1.000000   19.153679    8.389761    0.021059    5.127935
    0.715686    0.976505    0.112322   -0.734504    0.000000       -1.752111        1.000000   19.462138    8.540459    0.021059    5.127935
    0.725490    0.969906    0.151769   -0.829472    0.000000       -1.848648        1.000000   19.768512    8.688796    0.021059    5.127935
    0.735294    0.961242    0.195229   -0.895108    0.000000       -1.915667        1.000000   20.072149    8.833890    0.021059    5.127935
    0.745098    0.950363    0.241396   -0.938460    0.000000       -1.960180        1.000000   20.372350    8.974806    0.021059    5.127935
    0.754902    0.937185    0.289337   -0.966684    0.000000       -1.989356        1.000000   20.668388    9.110614    0.021059    5.127935
    0.764706    0.921668    0.338432   -0.985139    0.000000       -2.008584        1.000000   20.959525    9.240435    0.021059    5.127935
    0.774510    0.903804    0.388287   -0.997381    0.000000       -2.021451        1.000000   21.245019    9.363476    0.021059    5.127935
    0.784314    0.883609    0.438650   -1.005655    0.000000       -2.030233        1.000000   21.524133    9.479049    0.021059    5.127935
    0.794118    0.861113    0.489360   -1.011361    0.000000       -2.036353        1.000000   21.796142    9.586589    0.021059    5.127935
    0.803922    0.836362    0.540312   -1.015375    0.000000       -2.040707        1.000000   22.060332    9.685668    0.021059    5.127935
    0.813725    0.809411    0.591435   -1.018252    0.000000       -2.043864        1.000000   22.316008    9.776000    0.021059    5.127935
    0.823529    0.780324    0.642682   -1.020349    0.000000       -2.046194        1.000000   22.562497    9.857440    0.021059    5.127935
    0.833333    0.749173    0.694020   -1.021902    0.000000       -2.047941        1.000000   22.799146    9.929991    0.021059    5.127935
    0.843137    0.716038    0.745425   -1.023069    0.000000       -2.049271        1.000000   23.025328    9.993789    0.021059    5.127935
    0.852941    0.681003    0.796882   -1.023956    0.000000       -2.050295        1.000000   23.240443   10.049106    0.021059    5.127935
    0.862745    0.644159    0.848378   -1.024637    0.000000       -2.051092        1.000000   23.443921   10.096328    0.021059    5.127935
    0.872549    0.605604    0.899905   -1.025166    0.000000       -2.051719        1.000000   23.635219   10.135951    0.021059    5.127935
    0.882353    0.565438    0.951455   -1.025580    0.000000       -2.052216        1.000000   23.813829   10.168559    0.021059    5.127935
    0.892157    0.523768    1.003023   -1.025906    0.000000       -2.052613        1.000000   23.979277   10.194806    0.021059    5.127935
    0.901961    0.480704    1.054606   -1.026164    0.000000       -2.052930        1.000000   24.131122   10.215401    0.021059    5.127935
    0.911765    0.436360    1.106201   -1.026368    0.000000       -2.053185        1.000000   24.268959   10.231082    0.021059    5.127935
    0.921569    0.390854    1.157804   -1.026531    0.000000       -2.053390        1.000000   24.392422   10.242600    0.021059    5.127935
    0.931373    0.344306    1.209415   -1.026659    0.000000       -2.053554        1.000000   24.501182   10.250693    0.021059    5.127935
    0.941176    0.296842    1.261032   -1.026761    0.000000       -2.053684        1.000000   24.594948   10.256069    0.021059    5.127935
    0.950980    0.248587    1.312653   -1.026840    0.000000       -2.053786        1.000000   24.673472   10.259386    0.021059    5.127935
    0.960784    0.199669    1.364278   -1.026900    0.000000       -2.053865        1.000000   24.736543   10.261236    0.021059    5.127935
    0.970588    0.150219    1.415906   -1.026944    0.000000       -2.053923        1.000000   24.783995   10.262122    0.021059    5.127935
    0.980392    0.100369    1.467535   -1.026974    0.000000       -2.053963        1.000000   24.815699   10.262454    0.021059    5.127935
    0.990196    0.050252    1.519165   -1.026991    0.000000       -2.053986        1.000000   24.831573   10.262531    0.021059    5.127935
    1.000000    0.000000    1.570796   -1.026997    0.000000       -2.053994        1.000000   24.831573   10.262536    0.021059    5.127935
