           t           r         psi          cs          qs               p             sig           A           V          Q2           S
    0.000000    0.000000   -1.570796   -0.998364    0.000000       -1.996729        1.000000    0.000000    0.000000    0.005188    5.462870
    0.009804    0.053532   -1.517326   -0.998365    0.000000       -1.996730        1.000000    0.000000    0.000006    0.005188    5.462870
    0.019608    0.106911   -1.463856   -0.998367    0.000000       -1.996733        1.000000    0.035977    0.000103    0.005188    5.462870
    0.029412    0.159984   -1.410386   -0.998371    0.000000       -1.996738        1.000000    0.089814    0.000518    0.005188    5.462870
    0.039216    0.212601   -1.356916   -0.998377    0.000000       -1.996746        1.000000    0.161356    0.001627    0.005188    5.462870
    0.049020    0.264609   -1.303445   -0.998385    0.000000       -1.996756        1.000000    0.250400    0.003937    0.005188    5.462870
    0.058824    0.315861   -1.249973   -0.998396    0.000000       -1.996770        1.000000    0.356691    0.008079    0.005188    5.462870
    0.068627    0.366210   -1.196502   -0.998409    0.000000       -1.996787        1.000000    0.479926    0.014783    0.005188    5.462870
    0.078431    0.415513   -1.143029   -0.998427    0.000000       -1.996810        1.000000    0.619751    0.024861    0.005188    5.462870
    0.088235    0.463627   -1.089555   -0.998450    0.000000       -1.996838        1.000000    0.775767    0.039182    0.005188    5.462870
    0.098039    0.510416   -1.036080   -0.998479    0.000000       -1.996874        1.000000    0.947528    0.058645    0.005188    5.462870
    0.107843    0.555747   -0.982602   -0.998517    0.000000       -1.996920        1.000000    1.134543    0.084158    0.005188    5.462870
    0.117647    0.599488   -0.929123   -0.998565    0.000000       -1.996979        1.000000    1.336278    0.116602    0.005188    5.462870
    0.127451    0.641515   -0.875641   -0.998629    0.000000       -1.997054        1.000000    1.552156    0.156810    0.005188    5.462870
    0.137255    0.681708   -0.822155   -0.998713    0.000000       -1.997152        1.000000    1.781559    0.205542    0.005188    5.462870
    0.147059    0.719952   -0.768663   -0.998825    0.000000       -1.997282        1.000000    2.023831    0.263454    0.005188    5.462870
    0.156863    0.756136   -0.715165   -0.998977    0.000000       -1.997455        1.000000    2.278280    0.331081    0.005188    5.462870
    0.166667    0.790158   -0.661657   -0.999188    0.000000       -1.997692        1.000000    2.544178    0.408817    0.005188    5.462870
    0.176471    0.821919   -0.608135   -0.999487    0.000000       -1.998023        1.000000    2.820763    0.496896    0.005188    5.462870
    0.186275    0.851327   -0.554594   -0.999922    0.000000       -1.998497        1.000000    3.107245    0.595383    0.005188    5.462870
    0.196078    0.878298   -0.501024   -1.000576    0.000000       -1.999202        1.000000    3.402803    0.704161    0.005188    5.462870
    0.205882    0.902752   -0.447411   -1.001600    0.000000       -2.000291        1.000000    3.706590    0.822935    0.005188    5.462870
    0.215686    0.924616   -0.393726   -1.003285    0.000000       -2.002063        1.000000    4.017734    0.951221    0.005188    5.462870
    0.225490    0.943823   -0.339921   -1.006243    0.000000       -2.005139        1.000000    4.335342    1.088363    0.005188    5.462870
    0.235294    0.960309   -0.285895   -1.011895    0.000000       -2.010959        1.000000    4.658497    1.233532    0.005188    5.462870
    0.245098    0.974009   -0.231420   -1.024019    0.000000       -2.023334        1.000000    4.986263    1.385743    0.005188    5.462870
    0.254902    0.984847   -0.175893   -1.054622    0.000000       -2.054342        1.000000    5.317676    1.543870    0.005188    5.462870
    0.264706    0.992692   -0.117365   -1.150080    0.000000       -2.150511        1.000000    5.651728    1.706657    0.005188    5.462870
    0.274510    0.997216   -0.049427   -1.396212    0.000000       -2.397780        1.000000    5.987304    1.872694    0.005188    5.462870
    0.284314    0.998081    0.007675   -0.423541    0.000000       -1.425434        1.000000    6.323170    2.040202    0.005188    5.462870
    0.294118    0.997500    0.009100    0.157995    0.000000       -0.844470        1.000000    6.658841    2.207705    0.005188    5.462870
    0.303922    0.997241    0.001050    0.112143    0.000000       -0.890623        1.000000    6.994424    2.375063    0.005188    5.462870
    0.313725    0.997294   -0.002114    0.011495    0.000000       -0.991216        1.000000    7.330026    2.542396    0.005188    5.462870
    0.323529    0.997396   -0.001331   -0.028583    0.000000       -1.031193        1.000000    7.665661    2.709761    0.005188    5.462870
    0.333333    0.997428   -0.000014   -0.016169    0.000000       -1.018747        1.000000    8.001308    2.877149    0.005188    5.462870
    0.343137    0.997415    0.000346    0.000796    0.000000       -1.001795        1.000000    8.336950    3.044539    0.005188    5.462870
    0.352941    0.997401    0.000150    0.004579    0.000000       -0.998026        1.000000    8.672588    3.211924    0.005188    5.462870
    0.362745    0.997399   -0.000028    0.001753    0.000000       -1.000855        1.000000    9.008224    3.379305    0.005188    5.462870
    0.372549    0.997401   -0.000052   -0.000472    0.000000       -1.003077        1.000000    9.343862    3.546688    0.005188    5.462870
    0.382353    0.997403   -0.000015   -0.000675    0.000000       -1.003278        1.000000    9.679500    3.714071    0.005188    5.462870
    0.392157    0.997403    0.000008   -0.000164    0.000000       -1.002767        1.000000   10.015138    3.881454    0.005188    5.462870
    0.401961    0.997403    0.000007    0.000110    0.000000       -1.002494        1.000000   10.350776    4.048837    0.005188    5.462870
    0.411765    0.997403    0.000001    0.000091    0.000000       -1.002513        1.000000   10.686414    4.216220    0.005188    5.462870
    0.421569    0.997403   -0.000001    0.000010    0.000000       -1.002594        1.000000   11.022052    4.383604    0.005188    5.462870
    0.431373    0.997403   -0.000001   -0.000020    0.000000       -1.002624        1.000000   11.357690    4.550987    0.005188    5.462870
    0.441176    0.997403   -0.000000   -0.000011    0.000000       -1.002615        1.000000   11.693328    4.718370    0.005188    5.462870
    0.450980    0.997403    0.000000    0.000001    0.000000       -1.002603        1.000000   12.028966    4.885753    0.005188    5.462870
    0.460784    0.997403    0.000000    0.000003    0.000000       -1.002601        1.000000   12.364604    5.053136    0.005188    5.462870
    0.470588    0.997403   -0.000000    0.000001    0.000000       -1.002603        1.000000   12.700242    5.220519    0.005188    5.462870
    0.480392    0.997403   -0.000000   -0.000000    0.000000       -1.002604        1.000000   13.035880    5.387902    0.005188    5.462870
    0.490196    0.997403   -0.000000   -0.000000    0.000000       -1.002604        1.000000   13.371518    5.555286    0.005188    5.462870
    0.500000    0.997403    0.000000   -0.000000    0.000000       -1.002604        1.000000   13.707156    5.722669    0.005188    5.462870
    0.509804    0.997403    0.000000    0.000000    0.000000       -1.002604        1.000000   14.042794    5.890052    0.005188    5.462870
    0.519608    0.997403    0.000000    0.000000    0.000000       -1.002604        1.000000   14.378432    6.057435    0.005188    5.462870
    0.529412    0.997403   -0.000000    0.000000    0.000000       -1.002604        1.000000   14.714070    6.224818    0.005188    5.462870
    0.539216    0.997403   -0.000000   -0.000000    0.000000       -1.002604        1.000000   15.049708    6.392201    0.005188    5.462870
    0.549020    0.997403    0.000000   -0.000000    0.000000       -1.002604        1.000000   15.385346    6.559584    0.005188    5.462870
    0.558824    0.997403    0.000000   -0.000000    0.000000       -1.002604        1.000000   15.720984    6.726968    0.005188    5.462870
    0.568627    0.997403    0.000000   -0.000000    0.000000       -1.002604        1.000000   16.056623    6.894351    0.005188    5.462870
    0.578431    0.997403    0.000000   -0.000000    0.000000       -1.002604        1.000000   16.392261    7.061734    0.005188    5.462870
    0.588235    0.997403    0.000000   -0.000000    0.000000       -1.002604        1.000000   16.727899    7.229117    0.005188    5.462870
    0.598039    0.997403    0.000000   -0.000000    0.000000       -1.002604        1.000000   17.063537    7.396500    0.005188    5.462870
    0.607843    0.997403    0.000000   -0.000001    0.000000       -1.002605        1.000000   17.399175    7.563883    0.005188    5.462870
    0.617647    0.997403    0.000000   -0.000003    0.000000       -1.002607        1.000000   17.734813    7.731266    0.005188    5.462870
    0.627451    0.997403    0.000000   -0.000011    0.000000       -1.002615        1.000000   18.070451    7.898650    0.005188    5.462870
    0.637255    0.997403    0.000002   -0.000041    0.000000       -1.002645        1.000000   18.406089    8.066033    0.005188    5.462870
    0.647059    0.997403    0.000006   -0.000154    0.000000       -1.002759        1.000000   18.741727    8.233416    0.005188    5.462870
    0.656863    0.997402    0.000023   -0.000576    0.000000       -1.003181        1.000000   19.077364    8.400799    0.005188    5.462870
    0.666667    0.997399    0.000087   -0.002147    0.000000       -1.004754        1.000000   19.413001    8.568181    0.005188    5.462870
    0.676471    0.997390    0.000325   -0.007961    0.000000       -1.010578        1.000000   19.748635    8.735562    0.005188    5.462870
    0.686275    0.997354    0.001199   -0.029026    0.000000       -1.031679        1.000000   20.084256    8.902936    0.005188    5.462870
    0.696078    0.997223    0.004293   -0.099720    0.000000       -1.102495        1.000000   20.419834    9.070285    0.005188    5.462870
    0.705882    0.996778    0.013998   -0.287212    0.000000       -1.290346        1.000000   20.755261    9.237541    0.005188    5.462870
    0.715686    0.995481    0.037123   -0.581520    0.000000       -1.585368        1.000000   21.090253    9.404478    0.005188    5.462870
    0.725490    0.992534    0.075015   -0.811480    0.000000       -1.816168        1.000000   21.424252    9.570519    0.005188    5.462870
    0.735294    0.987298    0.121833   -0.921137    0.000000       -1.926495        1.000000   21.756490    9.734664    0.005188    5.462870
    0.745098    0.979454    0.172553   -0.966335    0.000000       -1.972150        1.000000   22.086088    9.895676    0.005188    5.462870
    0.754902    0.968887    0.224896   -0.985778    0.000000       -1.991899        1.000000   22.412130   10.052273    0.005188    5.462870
    0.764706    0.955566    0.277966   -0.994942    0.000000       -2.001273        1.000000   22.733690   10.203222    0.005188    5.462870
    0.774510    0.939502    0.331392   -0.999666    0.000000       -2.006146        1.000000   23.049843   10.347392    0.005188    5.462870
    0.784314    0.920728    0.385009   -1.002294    0.000000       -2.008883        1.000000   23.359680   10.483777    0.005188    5.462870
    0.794118    0.899291    0.438734   -1.003851    0.000000       -2.010522        1.000000   23.662302   10.611525    0.005188    5.462870
    0.803922    0.875247    0.492526   -1.004821    0.000000       -2.011555        1.000000   23.956833   10.729947    0.005188    5.462870
    0.813725    0.848665    0.546360   -1.005452    0.000000       -2.012235        1.000000   24.242419   10.838532    0.005188    5.462870
    0.823529    0.819619    0.600221   -1.005876    0.000000       -2.012698        1.000000   24.518231   10.936952    0.005188    5.462870
    0.833333    0.788193    0.654102   -1.006171    0.000000       -2.013024        1.000000   24.783467   11.025063    0.005188    5.462870
    0.843137    0.754476    0.707996   -1.006380    0.000000       -2.013259        1.000000   25.037357   11.102901    0.005188    5.462870
    0.852941    0.718568    0.761899   -1.006531    0.000000       -2.013432        1.000000   25.279164   11.170678    0.005188    5.462870
    0.862745    0.680571    0.815810   -1.006643    0.000000       -2.013561        1.000000   25.508184   11.228766    0.005188    5.462870
    0.872549    0.640596    0.869726   -1.006727    0.000000       -2.013659        1.000000   25.723752   11.277684    0.005188    5.462870
    0.882353    0.598758    0.923645   -1.006791    0.000000       -2.013735        1.000000   25.925242   11.318074    0.005188    5.462870
    0.892157    0.555180    0.977568   -1.006840    0.000000       -2.013794        1.000000   26.112067   11.350686    0.005188    5.462870
    0.901961    0.509988    1.031493   -1.006878    0.000000       -2.013840        1.000000   26.283684   11.376345    0.005188    5.462870
    0.911765    0.463313    1.085420   -1.006907    0.000000       -2.013876        1.000000   26.439594   11.395931    0.005188    5.462870
    0.921569    0.415291    1.139348   -1.006930    0.000000       -2.013905        1.000000   26.579344   11.410349    0.005188    5.462870
    0.931373    0.366061    1.193277   -1.006948    0.000000       -2.013927        1.000000   26.702528   11.420499    0.005188    5.462870
    0.941176    0.315767    1.247207   -1.006962    0.000000       -2.013945        1.000000   26.808787   11.427253    0.005188    5.462870
    0.950980    0.264554    1.301138   -1.006972    0.000000       -2.013959        1.000000   26.897813   11.431428    0.005188    5.462870
    0.960784    0.212572    1.355069   -1.006980    0.000000       -2.013970        1.000000   26.969346   11.433757    0.005188    5.462870
    0.970588    0.159973    1.409000   -1.006986    0.000000       -2.013977        1.000000   27.023179   11.434875    0.005188    5.462870
    0.980392    0.106908    1.462932   -1.006990    0.000000       -2.013982        1.000000   27.059154   11.435294    0.005188    5.462870
    0.990196    0.053532    1.516864   -1.006993    0.000000       -2.013986        1.000000   27.077168   11.435391    0.005188    5.462870
    1.000000    0.000000    1.570796   -1.006993    0.000000       -2.013987        1.000000   27.077168   11.435397    0.005188    5.462870
