           t           r         psi          cs          qs               p             sig           A           V          Q2           S
    0.000000    0.000000   -1.570796   -1.004614    0.000000       -2.009227        1.000000    0.000000    0.000000    0.221367    6.615136
    0.009804    0.064808   -1.505633   -1.005080    0.000000       -2.009849        1.000000    0.000000    0.000014    0.221367    6.615136
    0.019608    0.129342   -1.440408   -1.006515    0.000000       -2.011754        1.000000    0.052706    0.000222    0.221367    6.615136
    0.029412    0.193324   -1.375056   -1.009019    0.000000       -2.015063        1.000000    0.131484    0.001117    0.221367    6.615136
    0.039216    0.256481   -1.309503   -1.012767    0.000000       -2.019976        1.000000    0.235998    0.003499    0.221367    6.615136
    0.049020    0.318538   -1.243659   -1.018017    0.000000       -2.026792        1.000000    0.365799    0.008442    0.221367    6.615136
    0.058824    0.379219   -1.177417   -1.025132    0.000000       -2.035925        1.000000    0.520328    0.017255    0.221367    6.615136
    0.068627    0.438247   -1.110640   -1.034609    0.000000       -2.047938        1.000000    0.698909    0.031425    0.221367    6.615136
    0.078431    0.495342   -1.043154   -1.047120    0.000000       -2.063585        1.000000    0.900757    0.052560    0.221367    6.615136
    0.088235    0.550218   -0.974734   -1.063573    0.000000       -2.083873        1.000000    1.124966    0.082322    0.221367    6.615136
    0.098039    0.602582   -0.905088   -1.085175    0.000000       -2.110124        1.000000    1.370513    0.122352    0.221367    6.615136
    0.107843    0.652126   -0.833833   -1.113496    0.000000       -2.144037        1.000000    1.636249    0.174198    0.221367    6.615136
    0.117647    0.698519   -0.760471   -1.150486    0.000000       -2.187697        1.000000    1.920890    0.239232    0.221367    6.615136
    0.127451    0.741403   -0.684371   -1.198306    0.000000       -2.243375        1.000000    2.223005    0.318569    0.221367    6.615136
    0.137255    0.780378   -0.604768   -1.258668    0.000000       -2.312816        1.000000    2.541002    0.412967    0.221367    6.615136
    0.147059    0.814993   -0.520848   -1.330985    0.000000       -2.395286        1.000000    2.873105    0.522720    0.221367    6.615136
    0.156863    0.844750   -0.432012   -1.408207    0.000000       -2.483229        1.000000    3.217333    0.647519    0.221367    6.615136
    0.166667    0.869134   -0.338517   -1.469672    0.000000       -2.554946        1.000000    3.571498    0.786288    0.221367    6.615136
    0.176471    0.887708   -0.242583   -1.475152    0.000000       -2.568665        1.000000    3.933231    0.937046    0.221367    6.615136
    0.186275    0.900302   -0.149479   -1.375113    0.000000       -2.473465        1.000000    4.300097    1.096915    0.221367    6.615136
    0.196078    0.907227   -0.066989   -1.149342    0.000000       -2.249130        1.000000    4.669784    1.262499    0.221367    6.615136
    0.205882    0.909362   -0.002242   -0.839680    0.000000       -1.939350        1.000000    5.040341    1.430597    0.221367    6.615136
    0.215686    0.907968    0.041802   -0.523500    0.000000       -1.623899        1.000000    5.410330    1.598860    0.221367    6.615136
    0.225490    0.904355    0.066804   -0.258758    0.000000       -1.362052        1.000000    5.778847    1.765947    0.221367    6.615136
    0.235294    0.899631    0.076912   -0.064755    0.000000       -1.173036        1.000000    6.145439    1.931293    0.221367    6.615136
    0.245098    0.894613    0.076616    0.064128    0.000000       -1.050395        1.000000    6.509986    2.094781    0.221367    6.615136
    0.254902    0.889845    0.069700    0.141825    0.000000       -0.979237        1.000000    6.872590    2.256525    0.221367    6.615136
    0.264706    0.885660    0.059027    0.182089    0.000000       -0.945047        1.000000    7.233489    2.416741    0.221367    6.615136
    0.274510    0.882230    0.046651    0.195939    0.000000       -0.936319        1.000000    7.592990    2.575692    0.221367    6.615136
    0.284314    0.879617    0.034003    0.191612    0.000000       -0.944590        1.000000    7.951426    2.733650    0.221367    6.615136
    0.294118    0.877805    0.022058    0.175168    0.000000       -0.963760        1.000000    8.309124    2.890883    0.221367    6.615136
    0.303922    0.876727    0.011446    0.151126    0.000000       -0.989405        1.000000    8.666383    3.047642    0.221367    6.615136
    0.313725    0.876283    0.002545    0.122926    0.000000       -1.018254        1.000000    9.023460    3.204151    0.221367    6.615136
    0.323529    0.876356   -0.004467    0.093244    0.000000       -1.047833        1.000000    9.380568    3.360600    0.221367    6.615136
    0.333333    0.876821   -0.009564    0.064184    0.000000       -1.076248        1.000000    9.737865    3.517146    0.221367    6.615136
    0.343137    0.877557   -0.012841    0.037372    0.000000       -1.102061        1.000000   10.095462    3.673904    0.221367    6.615136
    0.352941    0.878451   -0.014486    0.014009    0.000000       -1.124239        1.000000   10.453423    3.830951    0.221367    6.615136
    0.362745    0.879406   -0.014750   -0.005114    0.000000       -1.142122        1.000000   10.811773    3.988330    0.221367    6.615136
    0.372549    0.880341   -0.013923   -0.019600    0.000000       -1.155414        1.000000   11.170505    4.146051    0.221367    6.615136
    0.382353    0.881195   -0.012309   -0.029425    0.000000       -1.164162        1.000000   11.529584    4.304096    0.221367    6.615136
    0.392157    0.881927   -0.010201   -0.034894    0.000000       -1.168716        1.000000   11.888962    4.462431    0.221367    6.615136
    0.401961    0.882513   -0.007865   -0.036566    0.000000       -1.169659        1.000000   12.248578    4.621007    0.221367    6.615136
    0.411765    0.882947   -0.005524   -0.035176    0.000000       -1.167730        1.000000   12.608371    4.779769    0.221367    6.615136
    0.421569    0.883233   -0.003351   -0.031538    0.000000       -1.163735        1.000000   12.968281    4.938662    0.221367    6.615136
    0.431373    0.883387   -0.001464   -0.026457    0.000000       -1.158462        1.000000   13.328254    5.097635    0.221367    6.615136
    0.441176    0.883431    0.000066   -0.020668    0.000000       -1.152619        1.000000   13.688244    5.256644    0.221367    6.615136
    0.450980    0.883387    0.001215   -0.014783    0.000000       -1.146789        1.000000   14.048217    5.415651    0.221367    6.615136
    0.460784    0.883281    0.001991   -0.009271    0.000000       -1.141411        1.000000   14.408146    5.574631    0.221367    6.615136
    0.470588    0.883136    0.002432   -0.004453    0.000000       -1.136778        1.000000   14.768017    5.733565    0.221367    6.615136
    0.480392    0.882972    0.002588   -0.000520    0.000000       -1.133055        1.000000   15.127820    5.892443    0.221367    6.615136
    0.490196    0.882805    0.002520    0.002456    0.000000       -1.130293        1.000000   15.487556    6.051260    0.221367    6.615136
    0.500000    0.882649    0.002290    0.004489    0.000000       -1.128462        1.000000   15.847228    6.210019    0.221367    6.615136
    0.509804    0.882510    0.001957    0.005658    0.000000       -1.127471        1.000000   16.206843    6.368725    0.221367    6.615136
    0.519608    0.882396    0.001572    0.006082    0.000000       -1.127195        1.000000   16.566412    6.527386    0.221367    6.615136
    0.529412    0.882307    0.001181    0.005902    0.000000       -1.127490        1.000000   16.925944    6.686010    0.221367    6.615136
    0.539216    0.882242    0.000817    0.005261    0.000000       -1.128214        1.000000   17.285450    6.844606    0.221367    6.615136
    0.549020    0.882200    0.000506    0.004295    0.000000       -1.129235        1.000000   17.644939    7.003184    0.221367    6.615136
    0.558824    0.882175    0.000264    0.003122    0.000000       -1.130440        1.000000   18.004418    7.161749    0.221367    6.615136
    0.568627    0.882164    0.000103    0.001835    0.000000       -1.131742        1.000000   18.363892    7.320309    0.221367    6.615136
    0.578431    0.882160    0.000027    0.000498    0.000000       -1.133084        1.000000   18.723364    7.478865    0.221367    6.615136
    0.588235    0.882158    0.000039   -0.000854    0.000000       -1.134438        1.000000   19.082836    7.637421    0.221367    6.615136
    0.598039    0.882153    0.000138   -0.002218    0.000000       -1.135809        1.000000   19.442306    7.795976    0.221367    6.615136
    0.607843    0.882138    0.000327   -0.003623    0.000000       -1.137232        1.000000   19.801770    7.954527    0.221367    6.615136
    0.617647    0.882108    0.000610   -0.005128    0.000000       -1.138775        1.000000   20.161221    8.113071    0.221367    6.615136
    0.627451    0.882057    0.000997   -0.006828    0.000000       -1.140541        1.000000   20.520652    8.271600    0.221367    6.615136
    0.637255    0.881976    0.001503   -0.008850    0.000000       -1.142666        1.000000   20.880050    8.430105    0.221367    6.615136
    0.647059    0.881859    0.002155   -0.011364    0.000000       -1.145330        1.000000   21.239399    8.588575    0.221367    6.615136
    0.656863    0.881693    0.002992   -0.014586    0.000000       -1.148763        1.000000   21.598682    8.746995    0.221367    6.615136
    0.666667    0.881465    0.004068   -0.018787    0.000000       -1.153252        1.000000   21.957871    8.905343    0.221367    6.615136
    0.676471    0.881159    0.005458   -0.024309    0.000000       -1.159161        1.000000   22.316936    9.063596    0.221367    6.615136
    0.686275    0.880749    0.007259   -0.031578    0.000000       -1.166945        1.000000   22.675833    9.221719    0.221367    6.615136
    0.696078    0.880205    0.009603   -0.041126    0.000000       -1.177172        1.000000   23.034509    9.379669    0.221367    6.615136
    0.705882    0.879488    0.012657   -0.053607    0.000000       -1.190541        1.000000   23.392893    9.537391    0.221367    6.615136
    0.715686    0.878544    0.016636   -0.069813    0.000000       -1.207903        1.000000   23.750892    9.694810    0.221367    6.615136
    0.725490    0.877304    0.021813   -0.090682    0.000000       -1.230266        1.000000   24.108386    9.851828    0.221367    6.615136
    0.735294    0.875682    0.028522   -0.117281    0.000000       -1.258784        1.000000   24.465219   10.008318    0.221367    6.615136
    0.745098    0.873563    0.037174   -0.150762    0.000000       -1.294708        1.000000   24.821188   10.164109    0.221367    6.615136
    0.754902    0.870809    0.048251   -0.192264    0.000000       -1.339285        1.000000   25.176035   10.318981    0.221367    6.615136
    0.764706    0.867243    0.062307   -0.242760    0.000000       -1.393602        1.000000   25.529430   10.472644    0.221367    6.615136
    0.774510    0.862655    0.079947   -0.302836    0.000000       -1.458346        1.000000   25.880954   10.624723    0.221367    6.615136
    0.784314    0.856794    0.101794   -0.372442    0.000000       -1.533541        1.000000   26.230090   10.774740    0.221367    6.615136
    0.794118    0.849372    0.128442   -0.450661    0.000000       -1.618303        1.000000   26.576202   10.922089    0.221367    6.615136
    0.803922    0.840069    0.160395   -0.535603    0.000000       -1.710703        1.000000   26.918523   11.066023    0.221367    6.615136
    0.813725    0.828540    0.198000   -0.624491    0.000000       -1.807852        1.000000   27.256146   11.205647    0.221367    6.615136
    0.823529    0.814438    0.241410   -0.713988    0.000000       -1.906224        1.000000   27.588023   11.339924    0.221367    6.615136
    0.833333    0.797421    0.290550   -0.800682    0.000000       -2.002163        1.000000   27.912965   11.467704    0.221367    6.615136
    0.843137    0.777183    0.345139   -0.881600    0.000000       -2.092420        1.000000   28.229660   11.587772    0.221367    6.615136
    0.852941    0.753460    0.404729   -0.954585    0.000000       -2.174570        1.000000   28.536688   11.698929    0.221367    6.615136
    0.862745    0.726052    0.468759   -1.018445    0.000000       -2.247186        1.000000   28.832548   11.800076    0.221367    6.615136
    0.872549    0.694829    0.536626   -1.072887    0.000000       -2.309795        1.000000   29.115685   11.890308    0.221367    6.615136
    0.882353    0.659733    0.607727   -1.118308    0.000000       -2.362672        1.000000   29.384521   11.969001    0.221367    6.615136
    0.892157    0.620782    0.681503   -1.155544    0.000000       -2.406590        1.000000   29.637484   12.035882    0.221367    6.615136
    0.901961    0.578062    0.757456   -1.185640    0.000000       -2.442575        1.000000   29.873039   12.091063    0.221367    6.615136
    0.911765    0.531723    0.835160   -1.209686    0.000000       -2.471733        1.000000   30.089712   12.135052    0.221367    6.615136
    0.921569    0.481974    0.914254   -1.228705    0.000000       -2.495125        1.000000   30.286112   12.168725    0.221367    6.615136
    0.931373    0.429074    0.994444   -1.243601    0.000000       -2.513706        1.000000   30.460956   12.193271    0.221367    6.615136
    0.941176    0.373327    1.075488   -1.255140    0.000000       -2.528297        1.000000   30.613083   12.210111    0.221367    6.615136
    0.950980    0.315073    1.157188   -1.263948    0.000000       -2.539578        1.000000   30.741473   12.220792    0.221367    6.615136
    0.960784    0.254684    1.239384   -1.270524    0.000000       -2.548100        1.000000   30.845254   12.226883    0.221367    6.615136
    0.970588    0.192559    1.321946   -1.275256    0.000000       -2.554296        1.000000   30.923720   12.229857    0.221367    6.615136
    0.980392    0.129113    1.404762   -1.278434    0.000000       -2.558492        1.000000   30.976333   12.230985    0.221367    6.615136
    0.990196    0.064780    1.487740   -1.280260    0.000000       -2.560916        1.000000   31.002730   12.231250    0.221367    6.615136
    1.000000    0.000000    1.570796   -1.280854    0.000000       -2.561709        1.000000   31.002730   12.231267    0.221367    6.615136
