           t           r         psi          cs          qs               p             sig           A           V          Q2           S
    0.000000    0.000000   -1.570796   -2.735018    0.000000       -5.470036        1.000000    0.000000    0.000000    0.940997   66.418943
    0.009804    0.249478    0.152462    0.599790    0.000000       -3.362083        1.000000    0.000000    0.093539    0.940997   66.418943
    0.019608    0.244758    0.002393   -0.106850    0.000000       -4.192500        1.000000    1.001404    0.211325    0.940997   66.418943
    0.029412    0.242864   -0.001553   -0.008217    0.000000       -4.125740        1.000000    1.995058    0.332241    0.940997   66.418943
    0.039216    0.242886   -0.000050    0.000948    0.000000       -4.116216        1.000000    2.988799    0.452974    0.940997   66.418943
    0.049020    0.242905    0.000015    0.000099    0.000000       -4.116732        1.000000    3.982621    0.573675    0.940997   66.418943
    0.058824    0.242905    0.000001   -0.000008    0.000000       -4.116838        1.000000    4.976444    0.694377    0.940997   66.418943
    0.068627    0.242905   -0.000000   -0.000001    0.000000       -4.116834        1.000000    5.970265    0.815079    0.940997   66.418943
    0.078431    0.242905   -0.000000    0.000000    0.000000       -4.116833        1.000000    6.964087    0.935781    0.940997   66.418943
    0.088235    0.242905    0.000000    0.000000    0.000000       -4.116833        1.000000    7.957908    1.056483    0.940997   66.418943
    0.098039    0.242905    0.000000   -0.000000    0.000000       -4.116833        1.000000    8.951730    1.177186    0.940997   66.418943
    0.107843    0.242905   -0.000000   -0.000000    0.000000       -4.116833        1.000000    9.945551    1.297888    0.940997   66.418943
    0.117647    0.242905   -0.000000    0.000000    0.000000       -4.116833        1.000000   10.939373    1.418590    0.940997   66.418943
    0.127451    0.242905    0.000000    0.000000    0.000000       -4.116833        1.000000   11.933195    1.539292    0.940997   66.418943
    0.137255    0.242905    0.000000    0.000000    0.000000       -4.116833        1.000000   12.927016    1.659994    0.940997   66.418943
    0.147059    0.242905   -0.000000   -0.000000    0.000000       -4.116833        1.000000   13.920838    1.780697    0.940997   66.418943
    0.156863    0.242905   -0.000000   -0.000000    0.000000       -4.116833        1.000000   14.914659    1.901399    0.940997   66.418943
    0.166667    0.242905   -0.000000   -0.000000    0.000000       -4.116833        1.000000   15.908481    2.022101    0.940997   66.418943
    0.176471    0.242905   -0.000000   -0.000000    0.000000       -4.116833        1.000000   16.902302    2.142803    0.940997   66.418943
    0.186275    0.242905   -0.000000   -0.000000    0.000000       -4.116833        1.000000   17.896124    2.263505    0.940997   66.418943
    0.196078    0.242905   -0.000000   -0.000000    0.000000       -4.116833        1.000000   18.889946    2.384208    0.940997   66.418943
    0.205882    0.242905   -0.000000   -0.000000    0.000000       -4.116833        1.000000   19.883767    2.504910    0.940997   66.418943
    0.215686    0.242905   -0.000000   -0.000000    0.000000       -4.116833        1.000000   20.877589    2.625612    0.940997   66.418943
    0.225490    0.242905   -0.000000   -0.000000    0.000000       -4.116833        1.000000   21.871410    2.746314    0.940997   66.418943
    0.235294    0.242905   -0.000000   -0.000000    0.000000       -4.116833        1.000000   22.865232    2.867016    0.940997   66.418943
    0.245098    0.242905   -0.000000   -0.000000    0.000000       -4.116833        1.000000   23.859053    2.987719    0.940997   66.418943
    0.254902    0.242905   -0.000000   -0.000000    0.000000       -4.116833        1.000000   24.852875    3.108421    0.940997   66.418943
    0.264706    0.242905   -0.000000   -0.000000    0.000000       -4.116833        1.000000   25.846697    3.229123    0.940997   66.418943
    0.274510    0.242905   -0.000000   -0.000000    0.000000       -4.116833        1.000000   26.840518    3.349825    0.940997   66.418943
    0.284314    0.242905   -0.000000   -0.000000    0.000000       -4.116833        1.000000   27.834340    3.470527    0.940997   66.418943
    0.294118    0.242905   -0.000000   -0.000000    0.000000       -4.116833        1.000000   28.828161    3.591229    0.940997   66.418943
    0.303922    0.242905   -0.000000   -0.000000    0.000000       -4.116833        1.000000   29.821983    3.711932    0.940997   66.418943
    0.313725    0.242905   -0.000000   -0.000000    0.000000       -4.116833        1.000000   30.815804    3.832634    0.940997   66.418943
    0.323529    0.242905   -0.000000   -0.000000    0.000000       -4.116833        1.000000   31.809626    3.953336    0.940997   66.418943
    0.333333    0.242905   -0.000000   -0.000000    0.000000       -4.116833        1.000000   32.803448    4.074038    0.940997   66.418943
    0.343137    0.242905   -0.000000   -0.000000    0.000000       -4.116833        1.000000   33.797269    4.194740    0.940997   66.418943
    0.352941    0.242905   -0.000000   -0.000000    0.000000       -4.116833        1.000000   34.791091    4.315443    0.940997   66.418943
    0.362745    0.242905   -0.000000   -0.000000    0.000000       -4.116833        1.000000   35.784912    4.436145    0.940997   66.418943
    0.372549    0.242905   -0.000000   -0.000000    0.000000       -4.116833        1.000000   36.778734    4.556847    0.940997   66.418943
    0.382353    0.242905   -0.000000   -0.000000    0.000000       -4.116833        1.000000   37.772555    4.677549    0.940997   66.418943
    0.392157    0.242905   -0.000000   -0.000000    0.000000       -4.116833        1.000000   38.766377    4.798251    0.940997   66.418943
    0.401961    0.242905   -0.000000   -0.000000    0.000000       -4.116833        1.000000   39.760199    4.918954    0.940997   66.418943
    0.411765    0.242905   -0.000000   -0.000000    0.000000       -4.116833        1.000000   40.754020    5.039656    0.940997   66.418943
    0.421569    0.242905   -0.000000   -0.000000    0.000000       -4.116833        1.000000   41.747842    5.160358    0.940997   66.418943
    0.431373    0.242905   -0.000000   -0.000000    0.000000       -4.116833        1.000000   42.741663    5.281060    0.940997   66.418943
    0.441176    0.242905   -0.000000   -0.000000    0.000000       -4.116833        1.000000   43.735485    5.401762    0.940997   66.418943
    0.450980    0.242905   -0.000000   -0.000000    0.000000       -4.116833        1.000000   44.729306    5.522465    0.940997   66.418943
    0.460784    0.242905   -0.000000   -0.000000    0.000000       -4.116833        1.000000   45.723128    5.643167    0.940997   66.418943
    0.470588    0.242905   -0.000000   -0.000000    0.000000       -4.116833        1.000000   46.716950    5.763869    0.940997   66.418943
    0.480392    0.242905   -0.000000   -0.000000    0.000000       -4.116833        1.000000   47.710771    5.884571    0.940997   66.418943
    0.490196    0.242905   -0.000000   -0.000000    0.000000       -4.116833        1.000000   48.704593    6.005273    0.940997   66.418943
    0.500000    0.242905   -0.000000   -0.000000    0.000000       -4.116833        1.000000   49.698414    6.125976    0.940997   66.418943
    0.509804    0.242905   -0.000000   -0.000000    0.000000       -4.116833        1.000000   50.692236    6.246678    0.940997   66.418943
    0.519608    0.242905   -0.000000    0.000000    0.000000       -4.116833        1.000000   51.686057    6.367380    0.940997   66.418943
    0.529412    0.242905    0.000000    0.000000    0.000000       -4.116833        1.000000   52.679879    6.488082    0.940997   66.418943
    0.539216    0.242905   -0.000000    0.000000    0.000000       -4.116833        1.000000   53.673701    6.608784    0.940997   66.418943
    0.549020    0.242905   -0.000000    0.000000    0.000000       -4.116833        1.000000   54.667522    6.729487    0.940997   66.418943
    0.558824    0.242905   -0.000000   -0.000000    0.000000       -4.116833        1.000000   55.661344    6.850189    0.940997   66.418943
    0.568627    0.242905   -0.000000   -0.000000    0.000000       -4.116833        1.000000   56.655165    6.970891    0.940997   66.418943
    0.578431    0.242905   -0.000000    0.000000    0.000000       -4.116833        1.000000   57.648987    7.091593    0.940997   66.418943
    0.588235    0.242905   -0.000000   -0.000000    0.000000       -4.116833        1.000000   58.642808    7.212295    0.940997   66.418943
    0.598039    0.242905   -0.000000   -0.000000    0.000000       -4.116833        1.000000   59.636630    7.332998    0.940997   66.418943
    0.607843    0.242905   -0.000000   -0.000000    0.000000       -4.116833        1.000000   60.630452    7.453700    0.940997   66.418943
    0.617647    0.242905   -0.000000    0.000000    0.000000       -4.116833        1.000000   61.624273    7.574402    0.940997   66.418943
    0.627451    0.242905   -0.000000   -0.000000    0.000000       -4.116833        1.000000   62.618095    7.695104    0.940997   66.418943
    0.637255    0.242905   -0.000000    0.000000    0.000000       -4.116833        1.000000   63.611916    7.815806    0.940997   66.418943
    0.647059    0.242905   -0.000000   -0.000000    0.000000       -4.116833        1.000000   64.605738    7.936509    0.940997   66.418943
    0.656863    0.242905   -0.000000    0.000000    0.000000       -4.116833        1.000000   65.599559    8.057211    0.940997   66.418943
    0.666667    0.242905   -0.000000    0.000000    0.000000       -4.116833        1.000000   66.593381    8.177913    0.940997   66.418943
    0.676471    0.242905   -0.000000   -0.000000    0.000000       -4.116833        1.000000   67.587202    8.298615    0.940997   66.418943
    0.686275    0.242905   -0.000000   -0.000000    0.000000       -4.116833        1.000000   68.581024    8.419317    0.940997   66.418943
    0.696078    0.242905   -0.000000    0.000000    0.000000       -4.116833        1.000000   69.574846    8.540020    0.940997   66.418943
    0.705882    0.242905   -0.000000   -0.000000    0.000000       -4.116833        1.000000   70.568667    8.660722    0.940997   66.418943
    0.715686    0.242905   -0.000000   -0.000000    0.000000       -4.116833        1.000000   71.562489    8.781424    0.940997   66.418943
    0.725490    0.242905   -0.000000    0.000000    0.000000       -4.116833        1.000000   72.556310    8.902126    0.940997   66.418943
    0.735294    0.242905   -0.000000   -0.000000    0.000000       -4.116833        1.000000   73.550132    9.022828    0.940997   66.418943
    0.745098    0.242905   -0.000000    0.000000    0.000000       -4.116833        1.000000   74.543953    9.143531    0.940997   66.418943
    0.754902    0.242905   -0.000000   -0.000000    0.000000       -4.116833        1.000000   75.537775    9.264233    0.940997   66.418943
    0.764706    0.242905   -0.000000    0.000000    0.000000       -4.116833        1.000000   76.531597    9.384935    0.940997   66.418943
    0.774510    0.242905   -0.000000   -0.000000    0.000000       -4.116833        1.000000   77.525418    9.505637    0.940997   66.418943
    0.784314    0.242905   -0.000000    0.000000    0.000000       -4.116833        1.000000   78.519240    9.626339    0.940997   66.418943
    0.794118    0.242905   -0.000000    0.000000    0.000000       -4.116833        1.000000   79.513061    9.747042    0.940997   66.418943
    0.803922    0.242905   -0.000000   -0.000000    0.000000       -4.116833        1.000000   80.506883    9.867744    0.940997   66.418943
    0.813725    0.242905   -0.000000   -0.000000    0.000000       -4.116833        1.000000   81.500704    9.988446    0.940997   66.418943
    0.823529    0.242905   -0.000000    0.000000    0.000000       -4.116833        1.000000   82.494526   10.109148    0.940997   66.418943
    0.833333    0.242905   -0.000000   -0.000000    0.000000       -4.116833        1.000000   83.488348   10.229850    0.940997   66.418943
    0.843137    0.242905   -0.000000    0.000000    0.000000       -4.116833        1.000000   84.482169   10.350553    0.940997   66.418943
    0.852941    0.242905   -0.000000   -0.000000    0.000000       -4.116833        1.000000   85.475991   10.471255    0.940997   66.418943
    0.862745    0.242905    0.000000   -0.000000    0.000000       -4.116833        1.000000   86.469812   10.591957    0.940997   66.418943
    0.872549    0.242905   -0.000000    0.000000    0.000000       -4.116833        1.000000   87.463634   10.712659    0.940997   66.418943
    0.882353    0.242905   -0.000000    0.000000    0.000000       -4.116833        1.000000   88.457455   10.833361    0.940997   66.418943
    0.892157    0.242905   -0.000000   -0.000000    0.000000       -4.116833        1.000000   89.451277   10.954064    0.940997   66.418943
    0.901961    0.242905   -0.000000    0.000000    0.000000       -4.116833        1.000000   90.445099   11.074766    0.940997   66.418943
    0.911765    0.242905   -0.000000   -0.000000    0.000000       -4.116833        1.000000   91.438920   11.195468    0.940997   66.418943
    0.921569    0.242905   -0.000000    0.000000    0.000000       -4.116833        1.000000   92.432742   11.316170    0.940997   66.418943
    0.931373    0.242905    0.000000   -0.000000    0.000000       -4.116833        1.000000   93.426563   11.436872    0.940997   66.418943
    0.941176    0.242905    0.000000   -0.000000    0.000000       -4.116833        1.000000   94.420385   11.557575    0.940997   66.418943
    0.950980    0.242905    0.000000   -0.000000    0.000000       -4.116833        1.000000   95.414206   11.678277    0.940997   66.418943
    0.960784    0.242905    0.000000   -0.000000    0.000000       -4.116833        1.000000   96.408028   11.798979    0.940997   66.418943
    0.970588    0.242905    0.000003   -0.000018    0.000000       -4.116858        1.000000   97.401848   11.919681    0.940997   66.418943
    0.980392    0.242869    0.000258   -0.001820    0.000000       -4.119273        1.000000   98.395520   12.040375    0.940997   66.418943
    0.990196    0.239304    0.025338   -0.177908    0.000000       -4.355352        1.000000   99.374607   12.160304    0.940997   66.418943
    1.000000    0.000000    1.570796   -6.189616    0.000000      -12.379232        1.000000   99.374607   12.231267    0.940997   66.418943
