           t           r         psi          cs          qs               p             sig           A           V          Q2           S
    0.000000    0.000000   -1.570796   -0.990947    0.000000       -1.981894        1.000000    0.000000   -0.000000    0.098175    4.565852
    0.009804    0.044749   -1.526438   -0.990999    0.000000       -1.981963        1.000000    0.000000    0.000003    0.098175    4.565852
    0.019608    0.089409   -1.482074   -0.991156    0.000000       -1.982172        1.000000    0.025147    0.000050    0.098175    4.565852
    0.029412    0.133894   -1.437701   -0.991424    0.000000       -1.982528        1.000000    0.062805    0.000252    0.098175    4.565852
    0.039216    0.178115   -1.393314   -0.991813    0.000000       -1.983042        1.000000    0.112901    0.000792    0.098175    4.565852
    0.049020    0.221985   -1.348906   -0.992336    0.000000       -1.983730        1.000000    0.175336    0.001922    0.098175    4.565852
    0.058824    0.265417   -1.304471   -0.993013    0.000000       -1.984614        1.000000    0.249986    0.003957    0.098175    4.565852
    0.068627    0.308326   -1.260002   -0.993867    0.000000       -1.985721        1.000000    0.336704    0.007269    0.098175    4.565852
    0.078431    0.350627   -1.215490   -0.994929    0.000000       -1.987088        1.000000    0.435320    0.012282    0.098175    4.565852
    0.088235    0.392233   -1.170926   -0.996238    0.000000       -1.988758        1.000000    0.545638    0.019459    0.098175    4.565852
    0.098039    0.433063   -1.126296   -0.997844    0.000000       -1.990787        1.000000    0.667439    0.029297    0.098175    4.565852
    0.107843    0.473033   -1.081587   -0.999811    0.000000       -1.993248        1.000000    0.800482    0.042317    0.098175    4.565852
    0.117647    0.512061   -1.036780   -1.002218    0.000000       -1.996229        1.000000    0.944503    0.059050    0.098175    4.565852
    0.127451    0.550068   -0.991854   -1.005170    0.000000       -1.999846        1.000000    1.099212    0.080031    0.098175    4.565852
    0.137255    0.586972   -0.946781   -1.008798    0.000000       -2.004244        1.000000    1.264302    0.105784    0.098175    4.565852
    0.147059    0.622695   -0.901527   -1.013277    0.000000       -2.009611        1.000000    1.439438    0.136815    0.098175    4.565852
    0.156863    0.657159   -0.856050   -1.018831    0.000000       -2.016194        1.000000    1.624268    0.173596    0.098175    4.565852
    0.166667    0.690285   -0.810294   -1.025761    0.000000       -2.024312        1.000000    1.818415    0.216561    0.098175    4.565852
    0.176471    0.721994   -0.764191   -1.034459    0.000000       -2.034388        1.000000    2.021480    0.266089    0.098175    4.565852
    0.186275    0.752206   -0.717648   -1.045452    0.000000       -2.046978        1.000000    2.233042    0.322502    0.098175    4.565852
    0.196078    0.780840   -0.670550   -1.059444    0.000000       -2.062824        1.000000    2.452658    0.386048    0.098175    4.565852
    0.205882    0.807810   -0.622742   -1.077370    0.000000       -2.082906        1.000000    2.679859    0.456900    0.098175    4.565852
    0.215686    0.833027   -0.574020   -1.100464    0.000000       -2.108504        1.000000    2.914153    0.535144    0.098175    4.565852
    0.225490    0.856390   -0.524121   -1.130292    0.000000       -2.141238        1.000000    3.155018    0.620772    0.098175    4.565852
    0.235294    0.877792   -0.472701   -1.168699    0.000000       -2.182997        1.000000    3.401902    0.713674    0.098175    4.565852
    0.245098    0.897106   -0.419336   -1.217447    0.000000       -2.235564        1.000000    3.654218    0.813626    0.098175    4.565852
    0.254902    0.914191   -0.363543   -1.277052    0.000000       -2.299423        1.000000    3.911340    0.920277    0.098175    4.565852
    0.264706    0.928884   -0.304894   -1.343881    0.000000       -2.370789        1.000000    4.172593    1.033128    0.098175    4.565852
    0.274510    0.941008   -0.243317   -1.404309    0.000000       -2.435697        1.000000    4.437257    1.151501    0.098175    4.565852
    0.284314    0.950408   -0.179721   -1.427174    0.000000       -2.462406        1.000000    4.704565    1.274511    0.098175    4.565852
    0.294118    0.957010   -0.116821   -1.364975    0.000000       -2.402774        1.000000    4.973730    1.401065    0.098175    4.565852
    0.303922    0.960917   -0.059348   -1.182346    0.000000       -2.221187        1.000000    5.243993    1.529934    0.098175    4.565852
    0.313725    0.962477   -0.012497   -0.899357    0.000000       -1.938262        1.000000    5.514696    1.659952    0.098175    4.565852
    0.323529    0.962240    0.020749   -0.587991    0.000000       -1.627009        1.000000    5.785331    1.790218    0.098175    4.565852
    0.333333    0.960818    0.040756   -0.316146    0.000000       -1.356061        1.000000    6.055567    1.920186    0.098175    4.565852
    0.343137    0.958752    0.050089   -0.112682    0.000000       -1.154397        1.000000    6.325221    2.049601    0.098175    4.565852
    0.352941    0.956449    0.051840    0.024401    0.000000       -1.019729        1.000000    6.594228    2.178388    0.098175    4.565852
    0.362745    0.954186    0.048688    0.108920    0.000000       -0.937852        1.000000    6.862598    2.306562    0.098175    4.565852
    0.372549    0.952134    0.042655    0.155394    0.000000       -0.893923        1.000000    7.130392    2.434184    0.098175    4.565852
    0.382353    0.950389    0.035169    0.175441    0.000000       -0.876109        1.000000    7.397694    2.561333    0.098175    4.565852
    0.392157    0.948993    0.027215    0.177518    0.000000       -0.875841        1.000000    7.664604    2.688098    0.098175    4.565852
    0.401961    0.947950    0.019455    0.167609    0.000000       -0.887099        1.000000    7.931220    2.814564    0.098175    4.565852
    0.411765    0.947242    0.012324    0.149967    0.000000       -0.905650        1.000000    8.197638    2.940816    0.098175    4.565852
    0.421569    0.946833    0.006098    0.127675    0.000000       -0.928458        1.000000    8.463940    3.066931    0.098175    4.565852
    0.431373    0.946680    0.000929    0.103036    0.000000       -0.953286        1.000000    8.730199    3.192976    0.098175    4.565852
    0.441176    0.946733   -0.003118    0.077816    0.000000       -0.978442        1.000000    8.996474    3.319010    0.098175    4.565852
    0.450980    0.946943   -0.006050    0.053386    0.000000       -1.002625        1.000000    9.262807    3.445079    0.098175    4.565852
    0.460784    0.947259   -0.007925    0.030799    0.000000       -1.024845        1.000000    9.529229    3.571218    0.098175    4.565852
    0.470588    0.947638   -0.008846    0.010829    0.000000       -1.044385        1.000000    9.795758    3.697448    0.098175    4.565852
    0.480392    0.948039   -0.008941   -0.006029    0.000000       -1.060796        1.000000   10.062399    3.823783    0.098175    4.565852
    0.490196    0.948428   -0.008356   -0.019547    0.000000       -1.073886        1.000000   10.329150    3.950224    0.098175    4.565852
    0.500000    0.948779   -0.007241   -0.029769    0.000000       -1.083728        1.000000   10.596000    4.076765    0.098175    4.565852
    0.509804    0.949071   -0.005736   -0.036989    0.000000       -1.090634        1.000000   10.862931    4.203393    0.098175    4.565852
    0.519608    0.949289   -0.003966   -0.041721    0.000000       -1.095133        1.000000   11.129924    4.330091    0.098175    4.565852
    0.529412    0.949423   -0.002028   -0.044655    0.000000       -1.097924        1.000000   11.396955    4.456837    0.098175    4.565852
    0.539216    0.949469    0.000017   -0.046608    0.000000       -1.099829        1.000000   11.663999    4.583608    0.098175    4.565852
    0.549020    0.949421    0.002143   -0.048473    0.000000       -1.101744        1.000000   11.931029    4.710378    0.098175    4.565852
    0.558824    0.949275    0.004369   -0.051178    0.000000       -1.104603        1.000000   12.198018    4.837122    0.098175    4.565852
    0.568627    0.949027    0.006752   -0.055665    0.000000       -1.109351        1.000000   12.464937    4.963812    0.098175    4.565852
    0.578431    0.948667    0.009393   -0.062871    0.000000       -1.116935        1.000000   12.731755    5.090420    0.098175    4.565852
    0.588235    0.948180    0.012435   -0.073729    0.000000       -1.128299        1.000000   12.998437    5.216911    0.098175    4.565852
    0.598039    0.947545    0.016062   -0.089164    0.000000       -1.144386        1.000000   13.264939    5.343248    0.098175    4.565852
    0.607843    0.946730    0.020499   -0.110085    0.000000       -1.166130        1.000000   13.531213    5.469385    0.098175    4.565852
    0.617647    0.945694    0.026012   -0.137355    0.000000       -1.194422        1.000000   13.797195    5.595263    0.098175    4.565852
    0.627451    0.944381    0.032902   -0.171725    0.000000       -1.230046        1.000000   14.062807    5.720810    0.098175    4.565852
    0.637255    0.942724    0.041500   -0.213732    0.000000       -1.273576        1.000000   14.327954    5.845932    0.098175    4.565852
    0.647059    0.940636    0.052154   -0.263566    0.000000       -1.325230        1.000000   14.592513    5.970510    0.098175    4.565852
    0.656863    0.938021    0.065209   -0.320911    0.000000       -1.384720        1.000000   14.856337    6.094391    0.098175    4.565852
    0.666667    0.934762    0.080982   -0.384835    0.000000       -1.451119        1.000000   15.119244    6.217385    0.098175    4.565852
    0.676471    0.930735    0.099736   -0.453749    0.000000       -1.522830        1.000000   15.381019    6.339254    0.098175    4.565852
    0.686275    0.925802    0.121648   -0.525512    0.000000       -1.597674        1.000000   15.641406    6.459712    0.098175    4.565852
    0.696078    0.919824    0.146789   -0.597661    0.000000       -1.673134        1.000000   15.900112    6.578417    0.098175    4.565852
    0.705882    0.912662    0.175123   -0.667740    0.000000       -1.746677        1.000000   16.156803    6.694978    0.098175    4.565852
    0.715686    0.904183    0.206507   -0.733619    0.000000       -1.816091        1.000000   16.411110    6.808953    0.098175    4.565852
    0.725490    0.894267    0.240715   -0.793731    0.000000       -1.879724        1.000000   16.662628    6.919868    0.098175    4.565852
    0.735294    0.882808    0.277467   -0.847162    0.000000       -1.936586        1.000000   16.910923    7.027224    0.098175    4.565852
    0.745098    0.869718    0.316454   -0.893612    0.000000       -1.986317        1.000000   17.155536    7.130513    0.098175    4.565852
    0.754902    0.854928    0.357367   -0.933271    0.000000       -2.029061        1.000000   17.395989    7.229243    0.098175    4.565852
    0.764706    0.838387    0.399913   -0.966656    0.000000       -2.065307        1.000000   17.631791    7.322947    0.098175    4.565852
    0.774510    0.820064    0.443825   -0.994462    0.000000       -2.095737        1.000000   17.862438    7.411206    0.098175    4.565852
    0.784314    0.799942    0.488872   -1.017448    0.000000       -2.121107        1.000000   18.087427    7.493659    0.098175    4.565852
    0.794118    0.778022    0.534853   -1.036353    0.000000       -2.142162        1.000000   18.306250    7.570018    0.098175    4.565852
    0.803922    0.754316    0.581602   -1.051854    0.000000       -2.159592        1.000000   18.518405    7.640077    0.098175    4.565852
    0.813725    0.728849    0.628980   -1.064547    0.000000       -2.174005        1.000000   18.723398    7.703714    0.098175    4.565852
    0.823529    0.701659    0.676873   -1.074937    0.000000       -2.185925        1.000000   18.920744    7.760898    0.098175    4.565852
    0.833333    0.672790    0.725187   -1.083446    0.000000       -2.195791        1.000000   19.109970    7.811690    0.098175    4.565852
    0.843137    0.642298    0.773847   -1.090423    0.000000       -2.203968        1.000000   19.290620    7.856237    0.098175    4.565852
    0.852941    0.610243    0.822790   -1.096151    0.000000       -2.210754        1.000000   19.462254    7.894768    0.098175    4.565852
    0.862745    0.576695    0.871967   -1.100861    0.000000       -2.216394        1.000000   19.624453    7.927591    0.098175    4.565852
    0.872549    0.541728    0.921334   -1.104738    0.000000       -2.221089        1.000000   19.776817    7.955079    0.098175    4.565852
    0.882353    0.505422    0.970860   -1.107933    0.000000       -2.224998        1.000000   19.918970    7.977659    0.098175    4.565852
    0.892157    0.467864    1.020515   -1.110566    0.000000       -2.228255        1.000000   20.050560    7.995807    0.098175    4.565852
    0.901961    0.429143    1.070278   -1.112734    0.000000       -2.230965        1.000000   20.171259    8.010026    0.098175    4.565852
    0.911765    0.389351    1.120129   -1.114517    0.000000       -2.233216        1.000000   20.280766    8.020839    0.098175    4.565852
    0.921569    0.348588    1.170052   -1.115978    0.000000       -2.235077        1.000000   20.378808    8.028772    0.098175    4.565852
    0.931373    0.306952    1.220034   -1.117168    0.000000       -2.236606        1.000000   20.465140    8.034340    0.098175    4.565852
    0.941176    0.264547    1.270065   -1.118127    0.000000       -2.237849        1.000000   20.539546    8.038036    0.098175    4.565852
    0.950980    0.221479    1.320133   -1.118889    0.000000       -2.238844        1.000000   20.601838    8.040315    0.098175    4.565852
    0.960784    0.177855    1.370232   -1.119480    0.000000       -2.239619        1.000000   20.651861    8.041585    0.098175    4.565852
    0.970588    0.133784    1.420354   -1.119919    0.000000       -2.240200        1.000000   20.689488    8.042193    0.098175    4.565852
    0.980392    0.089376    1.470493   -1.120222    0.000000       -2.240602        1.000000   20.714626    8.042421    0.098175    4.565852
    0.990196    0.044744    1.520642   -1.120400    0.000000       -2.240838        1.000000   20.727210    8.042474    0.098175    4.565852
    1.000000    0.000000    1.570796   -1.120458    0.000000       -2.240916        1.000000   20.727210    8.042477    0.098175    4.565852
