           t           r         psi          cs          qs               p             sig           A           V          Q2           S
    0.000000    0.000000   -1.570796   -0.992369    0.000000       -1.984739        1.000000    0.000000    0.000000    0.044715    4.451702
    0.009804    0.043630   -1.527485   -0.992383    0.000000       -1.984757        1.000000    0.000000    0.000003    0.044715    4.451702
    0.019608    0.087179   -1.484173   -0.992424    0.000000       -1.984812        1.000000    0.023907    0.000045    0.044715    4.451702
    0.029412    0.130564   -1.440858   -0.992495    0.000000       -1.984905        1.000000    0.059711    0.000228    0.044715    4.451702
    0.039216    0.173704   -1.397539   -0.992597    0.000000       -1.985040        1.000000    0.107344    0.000717    0.044715    4.451702
    0.049020    0.216519   -1.354215   -0.992734    0.000000       -1.985220        1.000000    0.166719    0.001740    0.044715    4.451702
    0.058824    0.258927   -1.310884   -0.992910    0.000000       -1.985451        1.000000    0.237723    0.003584    0.044715    4.451702
    0.068627    0.300849   -1.267545   -0.993133    0.000000       -1.985741        1.000000    0.320223    0.006586    0.044715    4.451702
    0.078431    0.342206   -1.224195   -0.993410    0.000000       -1.986097        1.000000    0.414064    0.011131    0.044715    4.451702
    0.088235    0.382921   -1.180831   -0.993751    0.000000       -1.986532        1.000000    0.519070    0.017641    0.044715    4.451702
    0.098039    0.422916   -1.137451   -0.994168    0.000000       -1.987060        1.000000    0.635044    0.026572    0.044715    4.451702
    0.107843    0.462115   -1.094050   -0.994678    0.000000       -1.987699        1.000000    0.761767    0.038398    0.044715    4.451702
    0.117647    0.500446   -1.050625   -0.995301    0.000000       -1.988472        1.000000    0.899002    0.053609    0.044715    4.451702
    0.127451    0.537834   -1.007170   -0.996064    0.000000       -1.989408        1.000000    1.046489    0.072697    0.044715    4.451702
    0.137255    0.574209   -0.963678   -0.997001    0.000000       -1.990546        1.000000    1.203951    0.096148    0.044715    4.451702
    0.147059    0.609501   -0.920141   -0.998157    0.000000       -1.991934        1.000000    1.371091    0.124433    0.044715    4.451702
    0.156863    0.643641   -0.876547   -0.999590    0.000000       -1.993636        1.000000    1.547593    0.157996    0.044715    4.451702
    0.166667    0.676563   -0.832883   -1.001380    0.000000       -1.995737        1.000000    1.733123    0.197248    0.044715    4.451702
    0.176471    0.708202   -0.789131   -1.003632    0.000000       -1.998351        1.000000    1.927329    0.242555    0.044715    4.451702
    0.186275    0.738494   -0.745269   -1.006492    0.000000       -2.001632        1.000000    2.129842    0.294233    0.044715    4.451702
    0.196078    0.767378   -0.701265   -1.010160    0.000000       -2.005794        1.000000    2.340275    0.352539    0.044715    4.451702
    0.205882    0.794791   -0.657078   -1.014920    0.000000       -2.011132        1.000000    2.558226    0.417662    0.044715    4.451702
    0.215686    0.820674   -0.612652   -1.021177    0.000000       -2.018072        1.000000    2.783275    0.489722    0.044715    4.451702
    0.225490    0.844965   -0.567911   -1.029519    0.000000       -2.027225        1.000000    3.014984    0.568764    0.044715    4.451702
    0.235294    0.867602   -0.522745   -1.040816    0.000000       -2.039490        1.000000    3.252902    0.654750    0.044715    4.451702
    0.245098    0.888522   -0.476998   -1.056371    0.000000       -2.056207        1.000000    3.496556    0.747561    0.044715    4.451702
    0.254902    0.907653   -0.430446   -1.078148    0.000000       -2.079389        1.000000    3.745457    0.846994    0.044715    4.451702
    0.264706    0.924917   -0.382756   -1.109085    0.000000       -2.112028        1.000000    3.999091    0.952757    0.044715    4.451702
    0.274510    0.940219   -0.333442   -1.153347    0.000000       -2.158349        1.000000    4.256922    1.064467    0.044715    4.451702
    0.284314    0.953442   -0.281816   -1.215828    0.000000       -2.223284        1.000000    4.518379    1.181645    0.044715    4.451702
    0.294118    0.964438   -0.227019   -1.298118    0.000000       -2.308387        1.000000    4.782851    1.303699    0.044715    4.451702
    0.303922    0.973024   -0.168442   -1.383029    0.000000       -2.396208        1.000000    5.049678    1.429895    0.044715    4.451702
    0.313725    0.979023   -0.107248   -1.399843    0.000000       -2.415401        1.000000    5.318150    1.559310    0.044715    4.451702
    0.323529    0.982404   -0.049118   -1.223060    0.000000       -2.239744        1.000000    5.587549    1.690827    0.044715    4.451702
    0.333333    0.983494   -0.003727   -0.832871    0.000000       -1.849647        1.000000    5.857246    1.823295    0.044715    4.451702
    0.343137    0.983003    0.023157   -0.411198    0.000000       -1.428217        1.000000    6.126810    1.955865    0.044715    4.451702
    0.352941    0.981708    0.033975   -0.108474    0.000000       -1.126519        1.000000    6.396018    2.088133    0.044715    4.451702
    0.362745    0.980186    0.034552    0.063260    0.000000       -0.956346        1.000000    6.664808    2.219990    0.044715    4.451702
    0.372549    0.978770    0.029770    0.144185    0.000000       -0.877054        1.000000    6.933211    2.351458    0.044715    4.451702
    0.382353    0.977619    0.022752    0.170665    0.000000       -0.851963        1.000000    7.201297    2.482603    0.044715    4.451702
    0.392157    0.976789    0.015320    0.166113    0.000000       -0.857529        1.000000    7.469157    2.613504    0.044715    4.451702
    0.401961    0.976273    0.008497    0.144570    0.000000       -0.879696        1.000000    7.736874    2.744240    0.044715    4.451702
    0.411765    0.976031    0.002822    0.114631    0.000000       -0.909923        1.000000    8.004526    2.874883    0.044715    4.451702
    0.421569    0.976007   -0.001469    0.081860    0.000000       -0.942722        1.000000    8.272170    3.005493    0.044715    4.451702
    0.431373    0.976138   -0.004339    0.050083    0.000000       -0.974352        1.000000    8.539851    3.136119    0.044715    4.451702
    0.441176    0.976366   -0.005894    0.021984    0.000000       -1.002204        1.000000    8.807594    3.266793    0.044715    4.451702
    0.450980    0.976637   -0.006337   -0.000667    0.000000       -1.024568        1.000000    9.075412    3.397534    0.044715    4.451702
    0.460784    0.976907   -0.005929   -0.016961    0.000000       -1.040582        1.000000    9.343303    3.528348    0.044715    4.451702
    0.470588    0.977146   -0.004951   -0.026830    0.000000       -1.050206        1.000000    9.611260    3.659232    0.044715    4.451702
    0.480392    0.977335   -0.003671   -0.030955    0.000000       -1.054139        1.000000    9.879269    3.790174    0.044715    4.451702
    0.490196    0.977465   -0.002315   -0.030571    0.000000       -1.053622        1.000000   10.147314    3.921159    0.044715    4.451702
    0.500000    0.977538   -0.001046   -0.027211    0.000000       -1.050188        1.000000   10.415379    4.052172    0.044715    4.451702
    0.509804    0.977559    0.000040   -0.022438    0.000000       -1.045394        1.000000   10.683449    4.183198    0.044715    4.451702
    0.519608    0.977538    0.000913   -0.017650    0.000000       -1.040628        1.000000   10.951513    4.314223    0.044715    4.451702
    0.529412    0.977482    0.001597   -0.013978    0.000000       -1.037013        1.000000   11.219563    4.445238    0.044715    4.451702
    0.539216    0.977400    0.002162   -0.012285    0.000000       -1.035405        1.000000   11.487589    4.576234    0.044715    4.451702
    0.549020    0.977294    0.002708   -0.013241    0.000000       -1.036471        1.000000   11.755587    4.707204    0.044715    4.451702
    0.558824    0.977162    0.003365   -0.017441    0.000000       -1.040806        1.000000   12.023549    4.838143    0.044715    4.451702
    0.568627    0.976996    0.004287   -0.025540    0.000000       -1.049076        1.000000   12.291465    4.969042    0.044715    4.451702
    0.578431    0.976781    0.005663   -0.038396    0.000000       -1.062150        1.000000   12.559322    5.099889    0.044715    4.451702
    0.588235    0.976492    0.007725   -0.057173    0.000000       -1.081217        1.000000   12.827100    5.230668    0.044715    4.451702
    0.598039    0.976093    0.010762   -0.083409    0.000000       -1.107843        1.000000   13.094768    5.361354    0.044715    4.451702
    0.607843    0.975533    0.015140   -0.118950    0.000000       -1.143913        1.000000   13.362283    5.491907    0.044715    4.451702
    0.617647    0.974745    0.021308   -0.165703    0.000000       -1.191379        1.000000   13.629581    5.622271    0.044715    4.451702
    0.627451    0.973640    0.029789   -0.225126    0.000000       -1.251744        1.000000   13.896577    5.752363    0.044715    4.451702
    0.637255    0.972104    0.041148   -0.297481    0.000000       -1.325307        1.000000   14.163151    5.882067    0.044715    4.451702
    0.647059    0.970000    0.055921   -0.381095    0.000000       -1.410412        1.000000   14.429149    6.011219    0.044715    4.451702
    0.656863    0.967170    0.074521   -0.472058    0.000000       -1.503133        1.000000   14.694370    6.139597    0.044715    4.451702
    0.666667    0.963443    0.097152   -0.564783    0.000000       -1.597833        1.000000   14.958569    6.266912    0.044715    4.451702
    0.676471    0.958646    0.123759   -0.653352    0.000000       -1.688511        1.000000   15.221453    6.392805    0.044715    4.451702
    0.686275    0.952616    0.154051   -0.733013    0.000000       -1.770323        1.000000   15.482683    6.516843    0.044715    4.451702
    0.696078    0.945208    0.187573   -0.801071    0.000000       -1.840482        1.000000   15.741882    6.638539    0.044715    4.451702
    0.705882    0.936303    0.223797   -0.856897    0.000000       -1.898292        1.000000   15.998639    6.757361    0.044715    4.451702
    0.715686    0.925809    0.262204   -0.901347    0.000000       -1.944565        1.000000   16.252519    6.872762    0.044715    4.451702
    0.725490    0.913659    0.302332   -0.936044    0.000000       -1.980903        1.000000   16.503066    6.984191    0.044715    4.451702
    0.735294    0.899808    0.343794   -0.962811    0.000000       -2.009125        1.000000   16.749815    7.091124    0.044715    4.451702
    0.745098    0.884232    0.386283   -0.983348    0.000000       -2.030941        1.000000   16.992293    7.193071    0.044715    4.451702
    0.754902    0.866922    0.429559   -0.999090    0.000000       -2.047799        1.000000   17.230024    7.289597    0.044715    4.451702
    0.764706    0.847883    0.473439   -1.011184    0.000000       -2.060864        1.000000   17.462534    7.380329    0.044715    4.451702
    0.774510    0.827130    0.517784   -1.020517    0.000000       -2.071039        1.000000   17.689353    7.464966    0.044715    4.451702
    0.784314    0.804689    0.562488   -1.027758    0.000000       -2.079010        1.000000   17.910018    7.543284    0.044715    4.451702
    0.794118    0.780592    0.607472   -1.033412    0.000000       -2.085298        1.000000   18.124075    7.615141    0.044715    4.451702
    0.803922    0.754879    0.652675   -1.037857    0.000000       -2.090293        1.000000   18.331082    7.680475    0.044715    4.451702
    0.813725    0.727597    0.698051   -1.041374    0.000000       -2.094288        1.000000   18.530606    7.739308    0.044715    4.451702
    0.823529    0.698795    0.743564   -1.044175    0.000000       -2.097504        1.000000   18.722233    7.791738    0.044715    4.451702
    0.833333    0.668529    0.789187   -1.046420    0.000000       -2.100109        1.000000   18.905560    7.837942    0.044715    4.451702
    0.843137    0.636860    0.834898   -1.048228    0.000000       -2.102232        1.000000   19.080202    7.878165    0.044715    4.451702
    0.852941    0.603851    0.880680   -1.049693    0.000000       -2.103971        1.000000   19.245792    7.912713    0.044715    4.451702
    0.862745    0.569569    0.926520   -1.050884    0.000000       -2.105401        1.000000   19.401982    7.941951    0.044715    4.451702
    0.872549    0.534085    0.972407   -1.051857    0.000000       -2.106582        1.000000   19.548441    7.966288    0.044715    4.451702
    0.882353    0.497472    1.018332   -1.052654    0.000000       -2.107560        1.000000   19.684860    7.986168    0.044715    4.451702
    0.892157    0.459808    1.064289   -1.053308    0.000000       -2.108370        1.000000   19.810950    8.002062    0.044715    4.451702
    0.901961    0.421170    1.110272   -1.053845    0.000000       -2.109042        1.000000   19.926445    8.014458    0.044715    4.451702
    0.911765    0.381641    1.156276   -1.054285    0.000000       -2.109599        1.000000   20.031100    8.023843    0.044715    4.451702
    0.921569    0.341302    1.202298   -1.054646    0.000000       -2.110059        1.000000   20.124694    8.030703    0.044715    4.451702
    0.931373    0.300241    1.248333   -1.054939    0.000000       -2.110437        1.000000   20.207027    8.035501    0.044715    4.451702
    0.941176    0.258542    1.294381   -1.055175    0.000000       -2.110744        1.000000   20.277925    8.038677    0.044715    4.451702
    0.950980    0.216296    1.340437   -1.055363    0.000000       -2.110989        1.000000   20.337239    8.040630    0.044715    4.451702
    0.960784    0.173590    1.386501   -1.055509    0.000000       -2.111181        1.000000   20.384841    8.041716    0.044715    4.451702
    0.970588    0.130516    1.432570   -1.055617    0.000000       -2.111324        1.000000   20.420632    8.042235    0.044715    4.451702
    0.980392    0.087165    1.478643   -1.055692    0.000000       -2.111423        1.000000   20.444535    8.042429    0.044715    4.451702
    0.990196    0.043629    1.524719   -1.055736    0.000000       -2.111482        1.000000   20.456499    8.042474    0.044715    4.451702
    1.000000    0.000000    1.570796   -1.055750    0.000000       -2.111501        1.000000   20.456499    8.042477    0.044715    4.451702
