           t           r         psi          cs          qs               p             sig           A           V          Q2           S
    0.000000    0.000000   -1.570796   -0.996935    0.000000       -1.993871        1.000000    0.000000    0.000000    0.011156    4.118212
    0.009804    0.040364   -1.530545   -0.996937    0.000000       -1.993873        1.000000    0.000000    0.000002    0.011156    4.118212
    0.019608    0.080662   -1.490294   -0.996941    0.000000       -1.993878        1.000000    0.020462    0.000033    0.011156    4.118212
    0.029412    0.120830   -1.450043   -0.996948    0.000000       -1.993887        1.000000    0.051115    0.000168    0.011156    4.118212
    0.039216    0.160802   -1.409792   -0.996958    0.000000       -1.993901        1.000000    0.091907    0.000528    0.011156    4.118212
    0.049020    0.200513   -1.369539   -0.996971    0.000000       -1.993918        1.000000    0.142774    0.001283    0.011156    4.118212
    0.058824    0.239900   -1.329287   -0.996989    0.000000       -1.993941        1.000000    0.203632    0.002645    0.011156    4.118212
    0.068627    0.278898   -1.289033   -0.997010    0.000000       -1.993969        1.000000    0.274383    0.004865    0.011156    4.118212
    0.078431    0.317444   -1.248779   -0.997037    0.000000       -1.994003        1.000000    0.354912    0.008233    0.011156    4.118212
    0.088235    0.355476   -1.208523   -0.997069    0.000000       -1.994045        1.000000    0.445090    0.013067    0.011156    4.118212
    0.098039    0.392932   -1.168266   -0.997108    0.000000       -1.994095        1.000000    0.544769    0.019712    0.011156    4.118212
    0.107843    0.429751   -1.128007   -0.997155    0.000000       -1.994154        1.000000    0.653789    0.028535    0.011156    4.118212
    0.117647    0.465874   -1.087747   -0.997212    0.000000       -1.994226        1.000000    0.771972    0.039914    0.011156    4.118212
    0.127451    0.501242   -1.047483   -0.997281    0.000000       -1.994311        1.000000    0.899128    0.054238    0.011156    4.118212
    0.137255    0.535797   -1.007217   -0.997364    0.000000       -1.994412        1.000000    1.035050    0.071896    0.011156    4.118212
    0.147059    0.569484   -0.966946   -0.997465    0.000000       -1.994535        1.000000    1.179517    0.093270    0.011156    4.118212
    0.156863    0.602248   -0.926672   -0.997587    0.000000       -1.994682        1.000000    1.332296    0.118732    0.011156    4.118212
    0.166667    0.634036   -0.886392   -0.997737    0.000000       -1.994860        1.000000    1.493140    0.148636    0.011156    4.118212
    0.176471    0.664796   -0.846105   -0.997921    0.000000       -1.995076        1.000000    1.661786    0.183310    0.011156    4.118212
    0.186275    0.694477   -0.805810   -0.998149    0.000000       -1.995342        1.000000    1.837962    0.223051    0.011156    4.118212
    0.196078    0.723032   -0.765504   -0.998434    0.000000       -1.995670        1.000000    2.021381    0.268121    0.011156    4.118212
    0.205882    0.750413   -0.725186   -0.998793    0.000000       -1.996079        1.000000    2.211747    0.318739    0.011156    4.118212
    0.215686    0.776576   -0.684851   -0.999250    0.000000       -1.996594        1.000000    2.408750    0.375079    0.011156    4.118212
    0.225490    0.801477   -0.644495   -0.999839    0.000000       -1.997251        1.000000    2.612069    0.437263    0.011156    4.118212
    0.235294    0.825076   -0.604112   -1.000609    0.000000       -1.998100        1.000000    2.821376    0.505360    0.011156    4.118212
    0.245098    0.847333   -0.563694   -1.001630    0.000000       -1.999217        1.000000    3.036328    0.579385    0.011156    4.118212
    0.254902    0.868209   -0.523227   -1.003011    0.000000       -2.000710        1.000000    3.256577    0.659293    0.011156    4.118212
    0.264706    0.887669   -0.482694   -1.004916    0.000000       -2.002750        1.000000    3.481762    0.744979    0.011156    4.118212
    0.274510    0.905679   -0.442070   -1.007608    0.000000       -2.005608        1.000000    3.711516    0.836281    0.011156    4.118212
    0.284314    0.922204   -0.401314   -1.011524    0.000000       -2.009729        1.000000    3.945461    0.932975    0.011156    4.118212
    0.294118    0.937211   -0.360364   -1.017418    0.000000       -2.015880        1.000000    4.183214    1.034782    0.011156    4.118212
    0.303922    0.950665   -0.319114   -1.026655    0.000000       -2.025444        1.000000    4.424380    1.141366    0.011156    4.118212
    0.313725    0.962530   -0.277383   -1.041850    0.000000       -2.041066        1.000000    4.668556    1.252337    0.011156    4.118212
    0.323529    0.972761   -0.234836   -1.068297    0.000000       -2.068083        1.000000    4.915328    1.367254    0.011156    4.118212
    0.333333    0.981295   -0.190823   -1.117128    0.000000       -2.117693        1.000000    5.164264    1.485626    0.011156    4.118212
    0.343137    0.988035   -0.144040   -1.210002    0.000000       -2.211631        1.000000    5.414910    1.606908    0.011156    4.118212
    0.352941    0.992815   -0.092300   -1.357616    0.000000       -2.360566        1.000000    5.666768    1.730487    0.011156    4.118212
    0.362745    0.995411   -0.036538   -1.321823    0.000000       -2.325763        1.000000    5.919285    1.855610    0.011156    4.118212
    0.372549    0.995957    0.004801   -0.647949    0.000000       -1.651997        1.000000    6.171941    1.981373    0.011156    4.118212
    0.382353    0.995426    0.017484   -0.056393    0.000000       -1.060834        1.000000    6.424462    2.107122    0.011156    4.118212
    0.392157    0.994748    0.014781    0.143784    0.000000       -0.861386        1.000000    6.676811    2.232699    0.011156    4.118212
    0.401961    0.994281    0.008228    0.163943    0.000000       -0.841774        1.000000    6.929041    2.358138    0.011156    4.118212
    0.411765    0.994074    0.002347    0.122172    0.000000       -0.883787        1.000000    7.181219    2.483499    0.011156    4.118212
    0.421569    0.994063   -0.001447    0.065550    0.000000       -0.940421        1.000000    7.433395    2.608836    0.011156    4.118212
    0.431373    0.994161   -0.003043    0.015833    0.000000       -0.990037        1.000000    7.685595    2.734185    0.011156    4.118212
    0.441176    0.994286   -0.002966   -0.016315    0.000000       -1.022057        1.000000    7.937826    2.859564    0.011156    4.118212
    0.450980    0.994388   -0.001996   -0.028650    0.000000       -1.034291        1.000000    8.190084    2.984973    0.011156    4.118212
    0.460784    0.994445   -0.000857   -0.025900    0.000000       -1.031486        1.000000    8.442356    3.110402    0.011156    4.118212
    0.470588    0.994461   -0.000000   -0.015998    0.000000       -1.021568        1.000000    8.694632    3.235840    0.011156    4.118212
    0.480392    0.994451    0.000432   -0.005771    0.000000       -1.011351        1.000000    8.946906    3.361279    0.011156    4.118212
    0.490196    0.994431    0.000512    0.001170    0.000000       -1.004430        1.000000    9.199175    3.486713    0.011156    4.118212
    0.500000    0.994412    0.000392    0.004131    0.000000       -1.001487        1.000000    9.451438    3.612143    0.011156    4.118212
    0.509804    0.994400    0.000219    0.004026    0.000000       -1.001605        1.000000    9.703699    3.737568    0.011156    4.118212
    0.519608    0.994394    0.000090    0.002178    0.000000       -1.003460        1.000000    9.955958    3.862991    0.011156    4.118212
    0.529412    0.994392    0.000053   -0.000432    0.000000       -1.006072        1.000000   10.208217    3.988413    0.011156    4.118212
    0.539216    0.994388    0.000131   -0.003526    0.000000       -1.009170        1.000000   10.460475    4.113835    0.011156    4.118212
    0.549020    0.994379    0.000352   -0.007710    0.000000       -1.013362        1.000000   10.712730    4.239255    0.011156    4.118212
    0.558824    0.994357    0.000791   -0.014682    0.000000       -1.020357        1.000000   10.964980    4.364671    0.011156    4.118212
    0.568627    0.994310    0.001618   -0.027693    0.000000       -1.033415        1.000000   11.217218    4.490079    0.011156    4.118212
    0.578431    0.994217    0.003182   -0.052362    0.000000       -1.058174        1.000000   11.469432    4.615470    0.011156    4.118212
    0.588235    0.994035    0.006121   -0.097526    0.000000       -1.103508        1.000000   11.721600    4.740826    0.011156    4.118212
    0.598039    0.993690    0.011486   -0.174496    0.000000       -1.180780        1.000000   11.973680    4.866114    0.011156    4.118212
    0.607843    0.993055    0.020754   -0.291298    0.000000       -1.298075        1.000000   12.225600    4.991271    0.011156    4.118212
    0.617647    0.991941    0.035465   -0.441285    0.000000       -1.448776        1.000000   12.477237    5.116179    0.011156    4.118212
    0.627451    0.990106    0.056485   -0.598350    0.000000       -1.606732        1.000000   12.728408    5.240640    0.011156    4.118212
    0.637255    0.987302    0.083467   -0.732707    0.000000       -1.742042        1.000000   12.978868    5.364350    0.011156    4.118212
    0.647059    0.983312    0.115153   -0.830722    0.000000       -1.840958        1.000000   13.228316    5.486910    0.011156    4.118212
    0.656863    0.977982    0.150099   -0.895554    0.000000       -1.906571        1.000000   13.476412    5.607845    0.011156    4.118212
    0.666667    0.971212    0.187149   -0.936589    0.000000       -1.948252        1.000000   13.722790    5.726641    0.011156    4.118212
    0.676471    0.962944    0.225523   -0.962355    0.000000       -1.974539        1.000000   13.967071    5.842779    0.011156    4.118212
    0.686275    0.953149    0.264733   -0.978727    0.000000       -1.991331        1.000000   14.208867    5.955747    0.011156    4.118212
    0.696078    0.941815    0.304478   -0.989353    0.000000       -2.002295        1.000000   14.447788    6.065061    0.011156    4.118212
    0.705882    0.928943    0.344575   -0.996421    0.000000       -2.009637        1.000000   14.683443    6.170273    0.011156    4.118212
    0.715686    0.914542    0.384908   -1.001241    0.000000       -2.014680        1.000000   14.915445    6.270977    0.011156    4.118212
    0.725490    0.898630    0.425405   -1.004606    0.000000       -2.018229        1.000000   15.143411    6.366814    0.011156    4.118212
    0.735294    0.881226    0.466017   -1.007007    0.000000       -2.020783        1.000000   15.366961    6.457482    0.011156    4.118212
    0.745098    0.862355    0.506711   -1.008754    0.000000       -2.022658        1.000000   15.585725    6.542733    0.011156    4.118212
    0.754902    0.842048    0.547467   -1.010049    0.000000       -2.024060        1.000000   15.799337    6.622376    0.011156    4.118212
    0.764706    0.820334    0.588268   -1.011023    0.000000       -2.025126        1.000000   16.007440    6.696282    0.011156    4.118212
    0.774510    0.797250    0.629103   -1.011767    0.000000       -2.025948        1.000000   16.209688    6.764380    0.011156    4.118212
    0.784314    0.772833    0.669965   -1.012343    0.000000       -2.026590        1.000000   16.405741    6.826661    0.011156    4.118212
    0.794118    0.747122    0.710847   -1.012793    0.000000       -2.027097        1.000000   16.595272    6.883171    0.011156    4.118212
    0.803922    0.720160    0.751746   -1.013149    0.000000       -2.027503        1.000000   16.777963    6.934012    0.011156    4.118212
    0.813725    0.691993    0.792657   -1.013432    0.000000       -2.027830        1.000000   16.953509    6.979340    0.011156    4.118212
    0.823529    0.662665    0.833579   -1.013661    0.000000       -2.028095        1.000000   17.121614    7.019358    0.011156    4.118212
    0.833333    0.632227    0.874509   -1.013846    0.000000       -2.028313        1.000000   17.281998    7.054315    0.011156    4.118212
    0.843137    0.600729    0.915446   -1.013996    0.000000       -2.028492        1.000000   17.434392    7.084495    0.011156    4.118212
    0.852941    0.568224    0.956388   -1.014120    0.000000       -2.028641        1.000000   17.578540    7.110218    0.011156    4.118212
    0.862745    0.534766    0.997335   -1.014222    0.000000       -2.028764        1.000000   17.714200    7.131832    0.011156    4.118212
    0.872549    0.500411    1.038286   -1.014306    0.000000       -2.028867        1.000000   17.841145    7.149703    0.011156    4.118212
    0.882353    0.465217    1.079239   -1.014376    0.000000       -2.028954        1.000000   17.959162    7.164212    0.011156    4.118212
    0.892157    0.429243    1.120195   -1.014433    0.000000       -2.029026        1.000000   18.068053    7.175747    0.011156    4.118212
    0.901961    0.392548    1.161154   -1.014481    0.000000       -2.029086        1.000000   18.167635    7.184697    0.011156    4.118212
    0.911765    0.355195    1.202114   -1.014521    0.000000       -2.029137        1.000000   18.257742    7.191442    0.011156    4.118212
    0.921569    0.317246    1.243076   -1.014554    0.000000       -2.029179        1.000000   18.338221    7.196351    0.011156    4.118212
    0.931373    0.278765    1.284038   -1.014581    0.000000       -2.029214        1.000000   18.408938    7.199772    0.011156    4.118212
    0.941176    0.239816    1.325002   -1.014603    0.000000       -2.029243        1.000000   18.469775    7.202030    0.011156    4.118212
    0.950980    0.200464    1.365967   -1.014620    0.000000       -2.029266        1.000000   18.520629    7.203414    0.011156    4.118212
    0.960784    0.160777    1.406932   -1.014634    0.000000       -2.029284        1.000000   18.561415    7.204182    0.011156    4.118212
    0.970588    0.120819    1.447898   -1.014644    0.000000       -2.029297        1.000000   18.592065    7.204548    0.011156    4.118212
    0.980392    0.080659    1.488864   -1.014651    0.000000       -2.029307        1.000000   18.612527    7.204685    0.011156    4.118212
    0.990196    0.040363    1.529830   -1.014656    0.000000       -2.029312        1.000000   18.622766    7.204717    0.011156    4.118212
    1.000000    0.000000    1.570796   -1.014657    0.000000       -2.029314        1.000000   18.622766    7.204719    0.011156    4.118212
