           t           r         psi          cs          qs               p             sig           A           V          Q2           S
    0.000000    0.000000   -1.570796   -0.995422    0.000000       -1.990844        1.000000    0.000000    0.000000    0.147703    3.970648
    0.009804    0.038918   -1.532046   -0.995499    0.000000       -1.990947        1.000000    0.000000    0.000002    0.147703    3.970648
    0.019608    0.077778   -1.493289   -0.995733    0.000000       -1.991259        1.000000    0.019024    0.000029    0.147703    3.970648
    0.029412    0.116521   -1.454520   -0.996131    0.000000       -1.991787        1.000000    0.047524    0.000145    0.147703    3.970648
    0.039216    0.155089   -1.415732   -0.996701    0.000000       -1.992543        1.000000    0.085457    0.000456    0.147703    3.970648
    0.049020    0.193423   -1.376918   -0.997461    0.000000       -1.993545        1.000000    0.132767    0.001109    0.147703    3.970648
    0.058824    0.231467   -1.338071   -0.998429    0.000000       -1.994816        1.000000    0.189382    0.002287    0.147703    3.970648
    0.068627    0.269161   -1.299182   -0.999631    0.000000       -1.996384        1.000000    0.255216    0.004210    0.147703    3.970648
    0.078431    0.306449   -1.260241   -1.001098    0.000000       -1.998288        1.000000    0.330171    0.007130    0.147703    3.970648
    0.088235    0.343273   -1.221236   -1.002868    0.000000       -2.000569        1.000000    0.414132    0.011327    0.147703    3.970648
    0.098039    0.379578   -1.182157   -1.004990    0.000000       -2.003284        1.000000    0.506974    0.017106    0.147703    3.970648
    0.107843    0.415304   -1.142987   -1.007521    0.000000       -2.006496        1.000000    0.608554    0.024791    0.147703    3.970648
    0.117647    0.450398   -1.103709   -1.010531    0.000000       -2.010285        1.000000    0.718717    0.034723    0.147703    3.970648
    0.127451    0.484802   -1.064304   -1.014106    0.000000       -2.014748        1.000000    0.837296    0.047251    0.147703    3.970648
    0.137255    0.518461   -1.024746   -1.018353    0.000000       -2.020002        1.000000    0.964107    0.062729    0.147703    3.970648
    0.147059    0.551318   -0.985009   -1.023400    0.000000       -2.026190        1.000000    1.098954    0.081512    0.147703    3.970648
    0.156863    0.583317   -0.945056   -1.029407    0.000000       -2.033487        1.000000    1.241628    0.103945    0.147703    3.970648
    0.166667    0.614403   -0.904848   -1.036568    0.000000       -2.042104        1.000000    1.391906    0.130365    0.147703    3.970648
    0.176471    0.644519   -0.864335   -1.045125    0.000000       -2.052304        1.000000    1.549550    0.161090    0.147703    3.970648
    0.186275    0.673606   -0.823457   -1.055374    0.000000       -2.064405        1.000000    1.714308    0.196415    0.147703    3.970648
    0.196078    0.701606   -0.782142   -1.067680    0.000000       -2.078797        1.000000    1.885915    0.236607    0.147703    3.970648
    0.205882    0.728458   -0.740300   -1.082487    0.000000       -2.095951        1.000000    2.064090    0.281900    0.147703    3.970648
    0.215686    0.754099   -0.697824   -1.100329    0.000000       -2.116431        1.000000    2.248536    0.332487    0.147703    3.970648
    0.225490    0.778462   -0.654585   -1.121833    0.000000       -2.140895        1.000000    2.438941    0.388519    0.147703    3.970648
    0.235294    0.801475   -0.610426   -1.147707    0.000000       -2.170076        1.000000    2.634975    0.450097    0.147703    3.970648
    0.245098    0.823063   -0.565163   -1.178675    0.000000       -2.204721        1.000000    2.836289    0.517266    0.147703    3.970648
    0.254902    0.843142   -0.518586   -1.215345    0.000000       -2.245445        1.000000    3.042514    0.590009    0.147703    3.970648
    0.264706    0.861621   -0.470465   -1.257906    0.000000       -2.292418        1.000000    3.253259    0.668241    0.147703    3.970648
    0.274510    0.878400   -0.420583   -1.305565    0.000000       -2.344785        1.000000    3.468108    0.751795    0.147703    3.970648
    0.284314    0.893373   -0.368787   -1.355570    0.000000       -2.399664        1.000000    3.686620    0.840416    0.147703    3.970648
    0.294118    0.906430   -0.315091   -1.401789    0.000000       -2.450705        1.000000    3.908324    0.933743    0.147703    3.970648
    0.303922    0.917469   -0.259840   -1.433185    0.000000       -2.486551        1.000000    4.132729    1.031303    0.147703    3.970648
    0.313725    0.926414   -0.203912   -1.433450    0.000000       -2.490518        1.000000    4.359322    1.132498    0.147703    3.970648
    0.323529    0.933238   -0.148884   -1.384078    0.000000       -2.443761        1.000000    4.587584    1.236622    0.147703    3.970648
    0.333333    0.937997   -0.096971   -1.272230    0.000000       -2.333323        1.000000    4.817010    1.342901    0.147703    3.970648
    0.343137    0.940845   -0.050624   -1.100060    0.000000       -2.161573        1.000000    5.047133    1.450564    0.147703    3.970648
    0.352941    0.942034   -0.011855   -0.887338    0.000000       -1.948796        1.000000    5.277546    1.558927    0.147703    3.970648
    0.362745    0.941880    0.018315   -0.663303    0.000000       -1.724831        1.000000    5.507922    1.667456    0.147703    3.970648
    0.372549    0.940719    0.039986   -0.454227    0.000000       -1.516394        1.000000    5.738013    1.775781    0.147703    3.970648
    0.382353    0.938866    0.054085   -0.276015    0.000000       -1.339573        1.000000    5.967652    1.883681    0.147703    3.970648
    0.392157    0.936591    0.061949   -0.134095    0.000000       -1.199749        1.000000    6.196734    1.991042    0.147703    3.970648
    0.401961    0.934109    0.064978   -0.026999    0.000000       -1.095279        1.000000    6.425209    2.097820    0.147703    3.970648
    0.411765    0.931582    0.064442    0.049944    0.000000       -1.021271        1.000000    6.653066    2.204017    0.147703    3.970648
    0.421569    0.929127    0.061409    0.102211    0.000000       -0.972039        1.000000    6.880322    2.309658    0.147703    3.970648
    0.431373    0.926825    0.056738    0.134899    0.000000       -0.942317        1.000000    7.107016    2.414784    0.147703    3.970648
    0.441176    0.924724    0.051105    0.152302    0.000000       -0.927689        1.000000    7.333195    2.519442    0.147703    3.970648
    0.450980    0.922853    0.045034    0.157866    0.000000       -0.924631        1.000000    7.558917    2.623682    0.147703    3.970648
    0.460784    0.921220    0.038932    0.154287    0.000000       -0.930407        1.000000    7.784239    2.727556    0.147703    3.970648
    0.470588    0.919819    0.033113    0.143652    0.000000       -0.942922        1.000000    8.009219    2.831112    0.147703    3.970648
    0.480392    0.918635    0.027819    0.127564    0.000000       -0.960585        1.000000    8.233910    2.934398    0.147703    3.970648
    0.490196    0.917644    0.023236    0.107256    0.000000       -0.982197        1.000000    8.458358    3.037454    0.147703    3.970648
    0.500000    0.916815    0.019511    0.083662    0.000000       -1.006863        1.000000    8.682603    3.140316    0.147703    3.970648
    0.509804    0.916113    0.016756    0.057481    0.000000       -1.033934        1.000000    8.906676    3.243014    0.147703    3.970648
    0.519608    0.915497    0.015063    0.029217    0.000000       -1.062962        1.000000    9.130599    3.345570    0.147703    3.970648
    0.529412    0.914925    0.014504   -0.000795    0.000000       -1.093665        1.000000    9.354382    3.447994    0.147703    3.970648
    0.539216    0.914352    0.015145   -0.032366    0.000000       -1.125910        1.000000    9.578024    3.550292    0.147703    3.970648
    0.549020    0.913730    0.017043   -0.065436    0.000000       -1.159692        1.000000    9.801515    3.652455    0.147703    3.970648
    0.558824    0.913008    0.020259   -0.100061    0.000000       -1.195117        1.000000   10.024829    3.754464    0.147703    3.970648
    0.568627    0.912135    0.024856   -0.136390    0.000000       -1.232380        1.000000   10.247929    3.856288    0.147703    3.970648
    0.578431    0.911055    0.030903   -0.174638    0.000000       -1.271743        1.000000   10.470765    3.957881    0.147703    3.970648
    0.588235    0.909710    0.038480   -0.215051    0.000000       -1.313489        1.000000   10.693272    4.059184    0.147703    3.970648
    0.598039    0.908039    0.047677   -0.257862    0.000000       -1.357885        1.000000   10.915371    4.160120    0.147703    3.970648
    0.607843    0.905977    0.058590   -0.303239    0.000000       -1.405126        1.000000   11.136965    4.260594    0.147703    3.970648
    0.617647    0.903456    0.071320   -0.351233    0.000000       -1.455280        1.000000   11.357942    4.360493    0.147703    3.970648
    0.627451    0.900404    0.085968   -0.401732    0.000000       -1.508243        1.000000   11.578174    4.459682    0.147703    3.970648
    0.637255    0.896746    0.102626   -0.454428    0.000000       -1.563704        1.000000   11.797510    4.558001    0.147703    3.970648
    0.647059    0.892402    0.121370   -0.508809    0.000000       -1.621138        1.000000   12.015783    4.655271    0.147703    3.970648
    0.656863    0.887292    0.142253   -0.564182    0.000000       -1.679822        1.000000   12.232808    4.751283    0.147703    3.970648
    0.666667    0.881337    0.165297   -0.619716    0.000000       -1.738890        1.000000   12.448375    4.845809    0.147703    3.970648
    0.676471    0.874455    0.190491   -0.674514    0.000000       -1.797397        1.000000   12.662259    4.938593    0.147703    3.970648
    0.686275    0.866570    0.217791   -0.727691    0.000000       -1.854405        1.000000   12.874215    5.029364    0.147703    3.970648
    0.696078    0.857609    0.247115   -0.778450    0.000000       -1.909060        1.000000   13.083979    5.117830    0.147703    3.970648
    0.705882    0.847505    0.278357   -0.826135    0.000000       -1.960651        1.000000   13.291271    5.203693    0.147703    3.970648
    0.715686    0.836198    0.311388   -0.870270    0.000000       -2.008648        1.000000   13.495798    5.286648    0.147703    3.970648
    0.725490    0.823636    0.346063   -0.910570    0.000000       -2.052719        1.000000   13.697252    5.366394    0.147703    3.970648
    0.735294    0.809777    0.382230   -0.946923    0.000000       -2.092714        1.000000   13.895317    5.442642    0.147703    3.970648
    0.745098    0.794587    0.419736   -0.979370    0.000000       -2.128642        1.000000   14.089666    5.515122    0.147703    3.970648
    0.754902    0.778042    0.458431   -1.008070    0.000000       -2.160639        1.000000   14.279968    5.583589    0.147703    3.970648
    0.764706    0.760129    0.498175   -1.033263    0.000000       -2.188930        1.000000   14.465889    5.647834    0.147703    3.970648
    0.774510    0.740841    0.538835   -1.055238    0.000000       -2.213797        1.000000   14.647092    5.707686    0.147703    3.970648
    0.784314    0.720181    0.580293   -1.074311    0.000000       -2.235550        1.000000   14.823242    5.763021    0.147703    3.970648
    0.794118    0.698160    0.622443   -1.090797    0.000000       -2.254509        1.000000   14.994006    5.813762    0.147703    3.970648
    0.803922    0.674796    0.665189   -1.105003    0.000000       -2.270985        1.000000   15.159056    5.859883    0.147703    3.970648
    0.813725    0.650116    0.708448   -1.117214    0.000000       -2.285271        1.000000   15.318068    5.901409    0.147703    3.970648
    0.823529    0.624151    0.752148   -1.127691    0.000000       -2.297637        1.000000   15.470730    5.938418    0.147703    3.970648
    0.833333    0.596938    0.796226   -1.136667    0.000000       -2.308328        1.000000   15.616736    5.971038    0.147703    3.970648
    0.843137    0.568521    0.840627   -1.144348    0.000000       -2.317560        1.000000   15.755791    5.999442    0.147703    3.970648
    0.852941    0.538947    0.885305   -1.150914    0.000000       -2.325525        1.000000   15.887613    6.023847    0.147703    3.970648
    0.862745    0.508270    0.930220   -1.156521    0.000000       -2.332388        1.000000   16.011932    6.044508    0.147703    3.970648
    0.872549    0.476546    0.975337   -1.161304    0.000000       -2.338294        1.000000   16.128491    6.061712    0.147703    3.970648
    0.882353    0.443835    1.020625   -1.165377    0.000000       -2.343368        1.000000   16.237049    6.075770    0.147703    3.970648
    0.892157    0.410200    1.066060   -1.168837    0.000000       -2.347716        1.000000   16.337380    6.087015    0.147703    3.970648
    0.901961    0.375710    1.111619   -1.171769    0.000000       -2.351431        1.000000   16.429276    6.095787    0.147703    3.970648
    0.911765    0.340433    1.157283   -1.174243    0.000000       -2.354590        1.000000   16.512542    6.102432    0.147703    3.970648
    0.921569    0.304440    1.203036   -1.176317    0.000000       -2.357260        1.000000   16.587006    6.107290    0.147703    3.970648
    0.931373    0.267808    1.248862   -1.178043    0.000000       -2.359496        1.000000   16.652509    6.110689    0.147703    3.970648
    0.941176    0.230610    1.294749   -1.179461    0.000000       -2.361345        1.000000   16.708915    6.112940    0.147703    3.970648
    0.950980    0.192926    1.340686   -1.180606    0.000000       -2.362847        1.000000   16.756103    6.114324    0.147703    3.970648
    0.960784    0.154833    1.386663   -1.181506    0.000000       -2.364034        1.000000   16.793973    6.115094    0.147703    3.970648
    0.970588    0.116413    1.432671   -1.182183    0.000000       -2.364931        1.000000   16.822447    6.115462    0.147703    3.970648
    0.980392    0.077746    1.478700   -1.182655    0.000000       -2.365557        1.000000   16.841463    6.115600    0.147703    3.970648
    0.990196    0.038914    1.524745   -1.182933    0.000000       -2.365928        1.000000   16.850981    6.115632    0.147703    3.970648
    1.000000    0.000000    1.570796   -1.183025    0.000000       -2.366050        1.000000   16.850981    6.115634    0.147703    3.970648
