           t           r         psi          cs          qs               p             sig           A           V          Q2           S
    0.000000    0.000000   -1.570796   -1.024089    0.000000       -2.048179        1.000000    0.000000   -0.000000    0.292336    4.294535
    0.009804    0.042090   -1.527674   -1.024426    0.000000       -2.048627        1.000000    0.000000    0.000003    0.292336    4.294535
    0.019608    0.084102   -1.484523   -1.025444    0.000000       -2.049983        1.000000    0.022249    0.000040    0.292336    4.294535
    0.029412    0.125957   -1.441315   -1.027174    0.000000       -2.052281        1.000000    0.055570    0.000204    0.292336    4.294535
    0.039216    0.167578   -1.398018   -1.029666    0.000000       -2.055578        1.000000    0.099901    0.000641    0.292336    4.294535
    0.049020    0.208884   -1.354599   -1.032988    0.000000       -2.059956        1.000000    0.155160    0.001558    0.292336    4.294535
    0.058824    0.249798   -1.311021   -1.037232    0.000000       -2.065520        1.000000    0.221242    0.003212    0.292336    4.294535
    0.068627    0.290239   -1.267242   -1.042512    0.000000       -2.072400        1.000000    0.298023    0.005908    0.292336    4.294535
    0.078431    0.330127   -1.223218   -1.048969    0.000000       -2.080759        1.000000    0.385355    0.009996    0.292336    4.294535
    0.088235    0.369383   -1.178893   -1.056775    0.000000       -2.090792        1.000000    0.483073    0.015863    0.292336    4.294535
    0.098039    0.407922   -1.134209   -1.066135    0.000000       -2.102730        1.000000    0.590986    0.023926    0.292336    4.294535
    0.107843    0.445662   -1.089093   -1.077294    0.000000       -2.116847        1.000000    0.708882    0.034627    0.292336    4.294535
    0.117647    0.482518   -1.043464   -1.090539    0.000000       -2.133464        1.000000    0.836529    0.048422    0.292336    4.294535
    0.127451    0.518400   -0.997228   -1.106203    0.000000       -2.152948        1.000000    0.973668    0.065777    0.292336    4.294535
    0.137255    0.553218   -0.950275   -1.124668    0.000000       -2.175718        1.000000    1.120018    0.087153    0.292336    4.294535
    0.147059    0.586876   -0.902479   -1.146358    0.000000       -2.202231        1.000000    1.275271    0.113001    0.292336    4.294535
    0.156863    0.619274   -0.853693   -1.171719    0.000000       -2.232969        1.000000    1.439096    0.143752    0.292336    4.294535
    0.166667    0.650307   -0.803754   -1.201194    0.000000       -2.268395        1.000000    1.611130    0.179802    0.292336    4.294535
    0.176471    0.679861   -0.752482   -1.235145    0.000000       -2.308887        1.000000    1.790982    0.221503    0.292336    4.294535
    0.186275    0.707816   -0.699682   -1.273743    0.000000       -2.354599        1.000000    1.978230    0.269148    0.292336    4.294535
    0.196078    0.734044   -0.645162   -1.316766    0.000000       -2.405260        1.000000    2.172416    0.322959    0.292336    4.294535
    0.205882    0.758405   -0.588752   -1.363290    0.000000       -2.459847        1.000000    2.373046    0.383065    0.292336    4.294535
    0.215686    0.780756   -0.530343   -1.411255    0.000000       -2.516125        1.000000    2.579590    0.449487    0.292336    4.294535
    0.225490    0.800950   -0.469946   -1.456914    0.000000       -2.570083        1.000000    2.791475    0.522113    0.292336    4.294535
    0.235294    0.818842   -0.407776   -1.494306    0.000000       -2.615407        1.000000    3.008094    0.600685    0.292336    4.294535
    0.245098    0.834305   -0.344348   -1.515062    0.000000       -2.643301        1.000000    3.228803    0.684775    0.292336    4.294535
    0.254902    0.847245   -0.280573   -1.509060    0.000000       -2.643203        1.000000    3.452936    0.773788    0.292336    4.294535
    0.264706    0.857620   -0.217791   -1.466400    0.000000       -2.604872        1.000000    3.679813    0.866972    0.292336    4.294535
    0.274510    0.865465   -0.157701   -1.380596    0.000000       -2.521706        1.000000    3.908765    0.963466    0.292336    4.294535
    0.284314    0.870900   -0.102144   -1.251771    0.000000       -2.394023        1.000000    4.139156    1.062362    0.292336    4.294535
    0.294118    0.874134   -0.052789   -1.087898    0.000000       -2.230294        1.000000    4.370402    1.162791    0.292336    4.294535
    0.303922    0.875446   -0.010833   -0.902941    0.000000       -2.045149        1.000000    4.601994    1.263990    0.292336    4.294535
    0.313725    0.875158    0.023173   -0.712788    0.000000       -1.855132        1.000000    4.833511    1.365350    0.292336    4.294535
    0.323529    0.873605    0.049312   -0.531234    0.000000       -1.674524        1.000000    5.064617    1.466427    0.292336    4.294535
    0.333333    0.871110    0.068162   -0.367738    0.000000       -1.513033        1.000000    5.295063    1.566924    0.292336    4.294535
    0.343137    0.867960    0.080601   -0.227172    0.000000       -1.375558        1.000000    5.524675    1.666662    0.292336    4.294535
    0.352941    0.864406    0.087632   -0.110785    0.000000       -1.263210        1.000000    5.753348    1.765553    0.292336    4.294535
    0.362745    0.860652    0.090255   -0.017503    0.000000       -1.174683        1.000000    5.981027    1.863567    0.292336    4.294535
    0.372549    0.856865    0.089398    0.054962    0.000000       -1.107423        1.000000    6.207704    1.960717    0.292336    4.294535
    0.382353    0.853171    0.085880    0.109345    0.000000       -1.058433        1.000000    6.433404    2.057039    0.292336    4.294535
    0.392157    0.849669    0.080406    0.148383    0.000000       -1.024743        1.000000    6.658178    2.152588    0.292336    4.294535
    0.401961    0.846427    0.073565    0.174595    0.000000       -1.003647        1.000000    6.882094    2.247428    0.292336    4.294535
    0.411765    0.843492    0.065852    0.190193    0.000000       -0.992785        1.000000    7.105234    2.341628    0.292336    4.294535
    0.421569    0.840892    0.057672    0.197077    0.000000       -0.990159        1.000000    7.327686    2.435261    0.292336    4.294535
    0.431373    0.838640    0.049357    0.196857    0.000000       -0.994097        1.000000    7.549542    2.528400    0.292336    4.294535
    0.441176    0.836736    0.041176    0.190892    0.000000       -1.003215        1.000000    7.770895    2.621116    0.292336    4.294535
    0.450980    0.835169    0.033347    0.180331    0.000000       -1.016366        1.000000    7.991833    2.713479    0.292336    4.294535
    0.460784    0.833921    0.026042    0.166143    0.000000       -1.032604        1.000000    8.212441    2.805555    0.292336    4.294535
    0.470588    0.832967    0.019396    0.149154    0.000000       -1.051148        1.000000    8.432796    2.897406    0.292336    4.294535
    0.480392    0.832277    0.013512    0.130062    0.000000       -1.071351        1.000000    8.652969    2.989087    0.292336    4.294535
    0.490196    0.831818    0.008465    0.109460    0.000000       -1.092683        1.000000    8.873020    3.080650    0.292336    4.294535
    0.500000    0.831552    0.004308    0.087846    0.000000       -1.114713        1.000000    9.093001    3.172137    0.292336    4.294535
    0.509804    0.831442    0.001076    0.065632    0.000000       -1.137097        1.000000    9.312953    3.263585    0.292336    4.294535
    0.519608    0.831448   -0.001214    0.043145    0.000000       -1.159575        1.000000    9.532907    3.355022    0.292336    4.294535
    0.529412    0.831531   -0.002557    0.020636    0.000000       -1.181961        1.000000    9.752882    3.446470    0.292336    4.294535
    0.539216    0.831650   -0.002954   -0.001724    0.000000       -1.204147        1.000000    9.972890    3.537941    0.292336    4.294535
    0.549020    0.831767   -0.002415   -0.023844    0.000000       -1.226100        1.000000   10.192927    3.629438    0.292336    4.294535
    0.558824    0.831841   -0.000950   -0.045711    0.000000       -1.247864        1.000000   10.412985    3.720957    0.292336    4.294535
    0.568627    0.831834    0.001432   -0.067394    0.000000       -1.269556        1.000000   10.633040    3.812485    0.292336    4.294535
    0.578431    0.831707    0.004724   -0.089038    0.000000       -1.291371        1.000000   10.853062    3.903998    0.292336    4.294535
    0.588235    0.831423    0.008932   -0.110865    0.000000       -1.313574        1.000000   11.073009    3.995465    0.292336    4.294535
    0.598039    0.830942    0.014067   -0.133165    0.000000       -1.336499        1.000000   11.292829    4.086844    0.292336    4.294535
    0.607843    0.830225    0.020157   -0.156287    0.000000       -1.360534        1.000000   11.512459    4.178085    0.292336    4.294535
    0.617647    0.829231    0.027244   -0.180628    0.000000       -1.386117        1.000000   11.731826    4.269127    0.292336    4.294535
    0.627451    0.827917    0.035390   -0.206617    0.000000       -1.413712        1.000000   11.950846    4.359898    0.292336    4.294535
    0.637255    0.826236    0.044672   -0.234690    0.000000       -1.443791        1.000000   12.169420    4.450314    0.292336    4.294535
    0.647059    0.824139    0.055187   -0.265270    0.000000       -1.476810        1.000000   12.387440    4.540278    0.292336    4.294535
    0.656863    0.821572    0.067050   -0.298735    0.000000       -1.513179        1.000000   12.604781    4.629679    0.292336    4.294535
    0.666667    0.818477    0.080388   -0.335396    0.000000       -1.553232        1.000000   12.821303    4.718393    0.292336    4.294535
    0.676471    0.814788    0.095340   -0.375456    0.000000       -1.597196        1.000000   13.036850    4.806275    0.292336    4.294535
    0.686275    0.810436    0.112052   -0.418995    0.000000       -1.645160        1.000000   13.251245    4.893163    0.292336    4.294535
    0.696078    0.805346    0.130670   -0.465939    0.000000       -1.697056        1.000000   13.464293    4.978874    0.292336    4.294535
    0.705882    0.799437    0.151332   -0.516051    0.000000       -1.752636        1.000000   13.675778    5.063206    0.292336    4.294535
    0.715686    0.792622    0.174164   -0.568927    0.000000       -1.811475        1.000000   13.885461    5.145932    0.292336    4.294535
    0.725490    0.784815    0.199271   -0.624008    0.000000       -1.872980        1.000000   14.093078    5.226805    0.292336    4.294535
    0.735294    0.775923    0.226731   -0.680607    0.000000       -1.936410        1.000000   14.298343    5.305556    0.292336    4.294535
    0.745098    0.765855    0.256593   -0.737944    0.000000       -2.000924        1.000000   14.500944    5.381900    0.292336    4.294535
    0.754902    0.754523    0.288869   -0.795194    0.000000       -2.065621        1.000000   14.700548    5.455538    0.292336    4.294535
    0.764706    0.741840    0.323540   -0.851536    0.000000       -2.129596        1.000000   14.896796    5.526163    0.292336    4.294535
    0.774510    0.727726    0.360551   -0.906205    0.000000       -2.191994        1.000000   15.089311    5.593468    0.292336    4.294535
    0.784314    0.712110    0.399816   -0.958527    0.000000       -2.252052        1.000000   15.277694    5.657156    0.292336    4.294535
    0.794118    0.694930    0.441224   -1.007952    0.000000       -2.309132        1.000000   15.461533    5.716949    0.292336    4.294535
    0.803922    0.676135    0.484645   -1.054069    0.000000       -2.362742        1.000000   15.640400    5.772600    0.292336    4.294535
    0.813725    0.655688    0.529934   -1.096611    0.000000       -2.412542        1.000000   15.813857    5.823899    0.292336    4.294535
    0.823529    0.633565    0.576935   -1.135443    0.000000       -2.458334        1.000000   15.981462    5.870691    0.292336    4.294535
    0.833333    0.609757    0.625493   -1.170547    0.000000       -2.500052        1.000000   16.142769    5.912878    0.292336    4.294535
    0.843137    0.584267    0.675452   -1.202004    0.000000       -2.537737        1.000000   16.297333    5.950428    0.292336    4.294535
    0.852941    0.557115    0.726661   -1.229966    0.000000       -2.571515        1.000000   16.444713    5.983380    0.292336    4.294535
    0.862745    0.528335    0.778977   -1.254640    0.000000       -2.601575        1.000000   16.584481    6.011844    0.292336    4.294535
    0.872549    0.497973    0.832267   -1.276264    0.000000       -2.628145        1.000000   16.716216    6.036002    0.292336    4.294535
    0.882353    0.466090    0.886407   -1.295089    0.000000       -2.651479        1.000000   16.839517    6.056100    0.292336    4.294535
    0.892157    0.432756    0.941286   -1.311372    0.000000       -2.671837        1.000000   16.953999    6.072445    0.292336    4.294535
    0.901961    0.398054    0.996801   -1.325361    0.000000       -2.689477        1.000000   17.059301    6.085394    0.292336    4.294535
    0.911765    0.362077    1.052861   -1.337291    0.000000       -2.704645        1.000000   17.155086    6.095341    0.292336    4.294535
    0.921569    0.324927    1.109384   -1.347377    0.000000       -2.717573        1.000000   17.241043    6.102707    0.292336    4.294535
    0.931373    0.286714    1.166296   -1.355815    0.000000       -2.728470        1.000000   17.316891    6.107920    0.292336    4.294535
    0.941176    0.247556    1.223532   -1.362777    0.000000       -2.737524        1.000000   17.382380    6.111405    0.292336    4.294535
    0.950980    0.207576    1.281032   -1.368412    0.000000       -2.744901        1.000000   17.437293    6.113567    0.292336    4.294535
    0.960784    0.166904    1.338744   -1.372847    0.000000       -2.750739        1.000000   17.481446    6.114778    0.292336    4.294535
    0.970588    0.125672    1.396620   -1.376187    0.000000       -2.755156        1.000000   17.514691    6.115361    0.292336    4.294535
    0.980392    0.084017    1.454614   -1.378512    0.000000       -2.758244        1.000000   17.536918    6.115579    0.292336    4.294535
    0.990196    0.042080    1.512686   -1.379883    0.000000       -2.760069        1.000000   17.548049    6.115630    0.292336    4.294535
    1.000000    0.000000    1.570796   -1.380336    0.000000       -2.760673        1.000000   17.548049    6.115634    0.292336    4.294535
