           t           r         psi          cs          qs               p             sig           A           V          Q2           S
    0.000000    0.000000   -1.570796   -1.016537    0.000000       -2.033073        1.000000    0.000000    0.000000    0.262788    4.215773
    0.009804    0.041319   -1.528778   -1.016795    0.000000       -2.033417        1.000000    0.000000    0.000002    0.262788    4.215773
    0.019608    0.082565   -1.486739   -1.017576    0.000000       -2.034458        1.000000    0.021441    0.000037    0.262788    4.215773
    0.029412    0.123665   -1.444656   -1.018903    0.000000       -2.036220        1.000000    0.053556    0.000188    0.262788    4.215773
    0.039216    0.164546   -1.402506   -1.020813    0.000000       -2.038749        1.000000    0.096287    0.000591    0.262788    4.215773
    0.049020    0.205135   -1.360264   -1.023359    0.000000       -2.042105        1.000000    0.149559    0.001437    0.262788    4.215773
    0.058824    0.245359   -1.317903   -1.026609    0.000000       -2.046367        1.000000    0.213276    0.002962    0.262788    4.215773
    0.068627    0.285143   -1.275391   -1.030652    0.000000       -2.051637        1.000000    0.287325    0.005450    0.262788    4.215773
    0.078431    0.324416   -1.232695   -1.035593    0.000000       -2.058037        1.000000    0.371573    0.009223    0.262788    4.215773
    0.088235    0.363101   -1.189773   -1.041566    0.000000       -2.065719        1.000000    0.465867    0.014640    0.262788    4.215773
    0.098039    0.401125   -1.146580   -1.048729    0.000000       -2.074860        1.000000    0.570036    0.022089    0.262788    4.215773
    0.107843    0.438411   -1.103064   -1.057272    0.000000       -2.085677        1.000000    0.683887    0.031979    0.262788    4.215773
    0.117647    0.474882   -1.059162   -1.067424    0.000000       -2.098423        1.000000    0.807210    0.044737    0.262788    4.215773
    0.127451    0.510461   -1.014802   -1.079453    0.000000       -2.113397        1.000000    0.939772    0.060797    0.262788    4.215773
    0.137255    0.545066   -0.969901   -1.093676    0.000000       -2.130945        1.000000    1.081321    0.080596    0.262788    4.215773
    0.147059    0.578615   -0.924361   -1.110457    0.000000       -2.151468        1.000000    1.231582    0.104559    0.262788    4.215773
    0.156863    0.611021   -0.878068   -1.130210    0.000000       -2.175411        1.000000    1.390258    0.133099    0.262788    4.215773
    0.166667    0.642193   -0.830888   -1.153387    0.000000       -2.203258        1.000000    1.557030    0.166602    0.262788    4.215773
    0.176471    0.672037   -0.782673   -1.180452    0.000000       -2.235501        1.000000    1.731552    0.205418    0.262788    4.215773
    0.186275    0.700450   -0.733250   -1.211832    0.000000       -2.272584        1.000000    1.913453    0.249854    0.262788    4.215773
    0.196078    0.727324   -0.682436   -1.247815    0.000000       -2.314792        1.000000    2.102332    0.300158    0.262788    4.215773
    0.205882    0.752544   -0.630040   -1.288378    0.000000       -2.362075        1.000000    2.297761    0.356510    0.262788    4.215773
    0.215686    0.775984   -0.575881   -1.332911    0.000000       -2.413748        1.000000    2.499277    0.419007    0.262788    4.215773
    0.225490    0.797515   -0.519825   -1.379792    0.000000       -2.468055        1.000000    2.706384    0.487643    0.262788    4.215773
    0.235294    0.816999   -0.461835   -1.425821    0.000000       -2.521583        1.000000    2.918552    0.562298    0.262788    4.215773
    0.245098    0.834305   -0.402049   -1.465600    0.000000       -2.568628        1.000000    3.135213    0.642714    0.262788    4.215773
    0.254902    0.849308   -0.340881   -1.491125    0.000000       -2.600805        1.000000    3.355771    0.728484    0.262788    4.215773
    0.264706    0.861915   -0.279126   -1.492132    0.000000       -2.607436        1.000000    3.579602    0.819043    0.262788    4.215773
    0.274510    0.872077   -0.218025   -1.457819    0.000000       -2.577361        1.000000    3.806073    0.913682    0.262788    4.215773
    0.284314    0.879815   -0.159221   -1.380099    0.000000       -2.502325        1.000000    4.034553    1.011581    0.262788    4.215773
    0.294118    0.885232   -0.104568   -1.257360    0.000000       -2.380837        1.000000    4.264440    1.111869    0.262788    4.215773
    0.303922    0.888520   -0.055813   -1.096523    0.000000       -2.220238        1.000000    4.495181    1.213704    0.262788    4.215773
    0.313725    0.889941   -0.014259   -0.911644    0.000000       -2.035200        1.000000    4.726290    1.316342    0.262788    4.215773
    0.323529    0.889807    0.019448   -0.719625    0.000000       -1.843252        1.000000    4.957365    1.419185    0.262788    4.215773
    0.333333    0.888442    0.045338   -0.535539    0.000000       -1.659948        1.000000    5.188085    1.521795    0.262788    4.215773
    0.343137    0.886161    0.063973   -0.369838    0.000000       -1.495994        1.000000    5.418213    1.623880    0.262788    4.215773
    0.352941    0.883245    0.076239   -0.227903    0.000000       -1.356803        1.000000    5.647584    1.725266    0.262788    4.215773
    0.362745    0.879938    0.083159   -0.111084    0.000000       -1.243601        1.000000    5.876096    1.825864    0.262788    4.215773
    0.372549    0.876439    0.085751   -0.018171    0.000000       -1.154960        1.000000    6.103699    1.925645    0.262788    4.215773
    0.382353    0.872905    0.084956    0.053349    0.000000       -1.088119        1.000000    6.330385    2.024620    0.262788    4.215773
    0.392157    0.869459    0.081595    0.106437    0.000000       -1.039876        1.000000    6.556176    2.122821    0.262788    4.215773
    0.401961    0.866193    0.076371    0.144015    0.000000       -1.007097        1.000000    6.781118    2.220301    0.262788    4.215773
    0.411765    0.863170    0.069868    0.168736    0.000000       -0.986957        1.000000    7.005276    2.317118    0.262788    4.215773
    0.421569    0.860433    0.062568    0.182903    0.000000       -0.977028        1.000000    7.228723    2.413337    0.262788    4.215773
    0.431373    0.858007    0.054867    0.188467    0.000000       -0.975271        1.000000    7.451539    2.509025    0.262788    4.215773
    0.441176    0.855901    0.047085    0.187059    0.000000       -0.980005        1.000000    7.673809    2.604250    0.262788    4.215773
    0.450980    0.854114    0.039481    0.180041    0.000000       -0.989850        1.000000    7.895615    2.699077    0.262788    4.215773
    0.460784    0.852633    0.032264    0.168546    0.000000       -1.003680        1.000000    8.117036    2.793570    0.262788    4.215773
    0.470588    0.851440    0.025598    0.153520    0.000000       -1.020576        1.000000    8.338147    2.887789    0.262788    4.215773
    0.480392    0.850508    0.019611    0.135753    0.000000       -1.039789        1.000000    8.559017    2.981789    0.262788    4.215773
    0.490196    0.849808    0.014405    0.115903    0.000000       -1.060711        1.000000    8.779704    3.075620    0.262788    4.215773
    0.500000    0.849306    0.010052    0.094519    0.000000       -1.082854        1.000000    9.000261    3.169325    0.262788    4.215773
    0.509804    0.848965    0.006606    0.072046    0.000000       -1.105834        1.000000    9.220730    3.262942    0.262788    4.215773
    0.519608    0.848747    0.004106    0.048841    0.000000       -1.129357        1.000000    9.441141    3.356500    0.262788    4.215773
    0.529412    0.848612    0.002575    0.025173    0.000000       -1.153218        1.000000    9.661518    3.450020    0.262788    4.215773
    0.539216    0.848520    0.002029    0.001228    0.000000       -1.177292        1.000000    9.881871    3.543517    0.262788    4.215773
    0.549020    0.848430    0.002476   -0.022891    0.000000       -1.201534        1.000000   10.102201    3.636994    0.262788    4.215773
    0.558824    0.848302    0.003923   -0.047162    0.000000       -1.225979        1.000000   10.322497    3.730447    0.262788    4.215773
    0.568627    0.848092    0.006378   -0.071648    0.000000       -1.250741        1.000000   10.542739    3.823864    0.262788    4.215773
    0.578431    0.847760    0.009851   -0.096486    0.000000       -1.276007        1.000000   10.762895    3.917220    0.262788    4.215773
    0.588235    0.847264    0.014361   -0.121890    0.000000       -1.302038        1.000000   10.982922    4.010481    0.262788    4.215773
    0.598039    0.846559    0.019938   -0.148140    0.000000       -1.329158        1.000000   11.202765    4.103605    0.262788    4.215773
    0.607843    0.845600    0.026623   -0.175570    0.000000       -1.357743        1.000000   11.422360    4.196535    0.262788    4.215773
    0.617647    0.844342    0.034472   -0.204550    0.000000       -1.388201        1.000000   11.641628    4.289204    0.262788    4.215773
    0.627451    0.842734    0.043558   -0.235467    0.000000       -1.420955        1.000000   11.860479    4.381533    0.262788    4.215773
    0.637255    0.840725    0.053968   -0.268696    0.000000       -1.456414        1.000000   12.078808    4.473428    0.262788    4.215773
    0.647059    0.838256    0.065806   -0.304571    0.000000       -1.494942        1.000000   12.296495    4.564781    0.262788    4.215773
    0.656863    0.835268    0.079185   -0.343356    0.000000       -1.536825        1.000000   12.513407    4.655467    0.262788    4.215773
    0.666667    0.831695    0.094231   -0.385207    0.000000       -1.582237        1.000000   12.729390    4.745342    0.262788    4.215773
    0.676471    0.827466    0.111070   -0.430149    0.000000       -1.631211        1.000000   12.944276    4.834245    0.262788    4.215773
    0.686275    0.822506    0.129829   -0.478053    0.000000       -1.683617        1.000000   13.157873    4.921992    0.262788    4.215773
    0.696078    0.816737    0.150624   -0.528627    0.000000       -1.739149        1.000000   13.369972    5.008380    0.262788    4.215773
    0.705882    0.810074    0.173557   -0.581416    0.000000       -1.797325        1.000000   13.580341    5.093181    0.262788    4.215773
    0.715686    0.802433    0.198707   -0.635823    0.000000       -1.857510        1.000000   13.788726    5.176148    0.262788    4.215773
    0.725490    0.793728    0.226128   -0.691141    0.000000       -1.918944        1.000000   13.994850    5.257013    0.262788    4.215773
    0.735294    0.783872    0.255840   -0.746594    0.000000       -1.980790        1.000000   14.198414    5.335492    0.262788    4.215773
    0.745098    0.772782    0.287834   -0.801392    0.000000       -2.042182        1.000000   14.399099    5.411287    0.262788    4.215773
    0.754902    0.760381    0.322065   -0.854776    0.000000       -2.102287        1.000000   14.596563    5.484096    0.262788    4.215773
    0.764706    0.746595    0.358462   -0.906064    0.000000       -2.160342        1.000000   14.790447    5.553615    0.262788    4.215773
    0.774510    0.731360    0.396926   -0.954689    0.000000       -2.215701        1.000000   14.980375    5.619553    0.262788    4.215773
    0.784314    0.714622    0.437336   -1.000214    0.000000       -2.267853        1.000000   15.165956    5.681634    0.262788    4.215773
    0.794118    0.696338    0.479559   -1.042342    0.000000       -2.316434        1.000000   15.346788    5.739615    0.262788    4.215773
    0.803922    0.676474    0.523450   -1.080910    0.000000       -2.361225        1.000000   15.522463    5.793289    0.262788    4.215773
    0.813725    0.655013    0.568860   -1.115878    0.000000       -2.402136        1.000000   15.692564    5.842498    0.262788    4.215773
    0.823529    0.631946    0.615642   -1.147303    0.000000       -2.439189        1.000000   15.856674    5.887136    0.262788    4.215773
    0.833333    0.607281    0.663651   -1.175323    0.000000       -2.472495        1.000000   16.014380    5.927163    0.262788    4.215773
    0.843137    0.581035    0.712752   -1.200130    0.000000       -2.502229        1.000000   16.165269    5.962599    0.262788    4.215773
    0.852941    0.553239    0.762816   -1.221954    0.000000       -2.528611        1.000000   16.308940    5.993533    0.262788    4.215773
    0.862745    0.523935    0.813724   -1.241040    0.000000       -2.551884        1.000000   16.445002    6.020119    0.262788    4.215773
    0.872549    0.493175    0.865369   -1.257642    0.000000       -2.572306        1.000000   16.573075    6.042574    0.262788    4.215773
    0.882353    0.461024    0.917652   -1.272007    0.000000       -2.590130        1.000000   16.692798    6.061171    0.262788    4.215773
    0.892157    0.427552    0.970488   -1.284369    0.000000       -2.605604        1.000000   16.803830    6.076230    0.262788    4.215773
    0.901961    0.392842    1.023797   -1.294947    0.000000       -2.618957        1.000000   16.905847    6.088113    0.262788    4.215773
    0.911765    0.356982    1.077509   -1.303939    0.000000       -2.630402        1.000000   16.998553    6.097208    0.262788    4.215773
    0.921569    0.320068    1.131564   -1.311524    0.000000       -2.640132        1.000000   17.081671    6.103920    0.262788    4.215773
    0.931373    0.282201    1.185906   -1.317858    0.000000       -2.648319        1.000000   17.154957    6.108657    0.262788    4.215773
    0.941176    0.243490    1.240486   -1.323077    0.000000       -2.655111        1.000000   17.218189    6.111815    0.262788    4.215773
    0.950980    0.204046    1.295260   -1.327298    0.000000       -2.660639        1.000000   17.271178    6.113770    0.262788    4.215773
    0.960784    0.163985    1.350191   -1.330619    0.000000       -2.665012        1.000000   17.313763    6.114863    0.262788    4.215773
    0.970588    0.123427    1.405241   -1.333118    0.000000       -2.668319        1.000000   17.345816    6.115388    0.262788    4.215773
    0.980392    0.082494    1.460379   -1.334859    0.000000       -2.670630        1.000000   17.367239    6.115585    0.262788    4.215773
    0.990196    0.041310    1.515573   -1.335885    0.000000       -2.671997        1.000000   17.377967    6.115631    0.262788    4.215773
    1.000000    0.000000    1.570796   -1.336224    0.000000       -2.672448        1.000000   17.377967    6.115634    0.262788    4.215773
