           t           r         psi          cs          qs               p             sig           A           V          Q2           S
    0.000000    0.000000   -1.570796   -0.999386    0.000000       -1.998772        1.000000    0.000000    0.000000    0.190263    6.106974
    0.009804    0.059837   -1.510955   -0.999683    0.000000       -1.999168        1.000000    0.000000    0.000010    0.190263    6.106974
    0.019608    0.119459   -1.451077   -1.000595    0.000000       -2.000379        1.000000    0.044939    0.000161    0.190263    6.106974
    0.029412    0.178653   -1.391126   -1.002176    0.000000       -2.002471        1.000000    0.112146    0.000809    0.190263    6.106974
    0.039216    0.237205   -1.331057   -1.004524    0.000000       -2.005555        1.000000    0.201380    0.002536    0.190263    6.106974
    0.049020    0.294902   -1.270821   -1.007779    0.000000       -2.009795        1.000000    0.312319    0.006129    0.190263    6.106974
    0.058824    0.351531   -1.210359   -1.012137    0.000000       -2.015415        1.000000    0.444561    0.012551    0.190263    6.106974
    0.068627    0.406881   -1.149596   -1.017866    0.000000       -2.022719        1.000000    0.597625    0.022914    0.190263    6.106974
    0.078431    0.460739   -1.088441   -1.025322    0.000000       -2.032111        1.000000    0.770950    0.038434    0.190263    6.106974
    0.088235    0.512892   -1.026775   -1.034984    0.000000       -2.044126        1.000000    0.963894    0.060391    0.190263    6.106974
    0.098039    0.563124   -0.964450   -1.047496    0.000000       -2.059472        1.000000    1.175735    0.090085    0.190263    6.106974
    0.107843    0.611216   -0.901270   -1.063710    0.000000       -2.079087        1.000000    1.405668    0.128786    0.190263    6.106974
    0.117647    0.656941   -0.836980   -1.084760    0.000000       -2.104195        1.000000    1.652802    0.177684    0.190263    6.106974
    0.127451    0.700060   -0.771250   -1.112107    0.000000       -2.136363        1.000000    1.916156    0.237841    0.190263    6.106974
    0.137255    0.740318   -0.703650   -1.147561    0.000000       -2.177505        1.000000    2.194656    0.310138    0.190263    6.106974
    0.147059    0.777437   -0.633634   -1.193121    0.000000       -2.229707        1.000000    2.487119    0.395219    0.190263    6.106974
    0.156863    0.811107   -0.560545   -1.250377    0.000000       -2.294586        1.000000    2.792248    0.493433    0.190263    6.106974
    0.166667    0.840976   -0.483681   -1.318843    0.000000       -2.371535        1.000000    3.108614    0.604760    0.190263    6.106974
    0.176471    0.866659   -0.402515   -1.392195    0.000000       -2.453834        1.000000    3.434641    0.728724    0.190263    6.106974
    0.186275    0.887753   -0.317236   -1.451734    0.000000       -2.521966        1.000000    3.768604    0.864279    0.190263    6.106974
    0.196078    0.903920   -0.229683   -1.460457    0.000000       -2.537697        1.000000    4.108648    1.009723    0.190263    6.106974
    0.205882    0.915022   -0.144329   -1.370958    0.000000       -2.452464        1.000000    4.452869    1.162705    0.190263    6.106974
    0.215686    0.921302   -0.067986   -1.159991    0.000000       -2.242905        1.000000    4.799453    1.320491    0.190263    6.106974
    0.225490    0.923462   -0.007187   -0.862294    0.000000       -1.945147        1.000000    5.146849    1.480496    0.190263    6.106974
    0.235294    0.922536    0.035013   -0.551135    0.000000       -1.634439        1.000000    5.493896    1.640781    0.190263    6.106974
    0.245098    0.919621    0.059749   -0.285685    0.000000       -1.371149        1.000000    5.839847    1.800207    0.190263    6.106974
    0.254902    0.915663    0.070595   -0.088141    0.000000       -1.177526        1.000000    6.184309    1.958267    0.190263    6.106974
    0.264706    0.911370    0.071591    0.045163    0.000000       -1.049276        1.000000    6.527157    2.114832    0.190263    6.106974
    0.274510    0.907224    0.066207    0.127335    0.000000       -0.972514        1.000000    6.868444    2.269970    0.190263    6.106974
    0.284314    0.903522    0.057092    0.171886    0.000000       -0.933091        1.000000    7.208339    2.423840    0.190263    6.106974
    0.294118    0.900427    0.046155    0.189790    0.000000       -0.919611        1.000000    7.547069    2.576642    0.190263    6.106974
    0.303922    0.898007    0.034732    0.189255    0.000000       -0.923651        1.000000    7.884890    2.728589    0.190263    6.106974
    0.313725    0.896260    0.023739    0.176285    0.000000       -0.939147        1.000000    8.222053    2.879893    0.190263    6.106974
    0.323529    0.895144    0.013782    0.155310    0.000000       -0.961723        1.000000    8.558796    3.030754    0.190263    6.106974
    0.333333    0.894582    0.005235    0.129663    0.000000       -0.988162        1.000000    8.895327    3.181354    0.190263    6.106974
    0.343137    0.894485   -0.001703    0.101918    0.000000       -1.016043        1.000000    9.231822    3.331853    0.190263    6.106974
    0.352941    0.894752   -0.006968    0.074094    0.000000       -1.043507        1.000000    9.568418    3.482383    0.190263    6.106974
    0.362745    0.895286   -0.010606    0.047774    0.000000       -1.069124        1.000000    9.905215    3.633045    0.190263    6.106974
    0.372549    0.895992   -0.012743    0.024167    0.000000       -1.091823        1.000000   10.242277    3.783915    0.190263    6.106974
    0.382353    0.896786   -0.013571    0.004132    0.000000       -1.110858        1.000000   10.579638    3.935037    0.190263    6.106974
    0.392157    0.897596   -0.013320   -0.011814    0.000000       -1.125803        1.000000   10.917303    4.086430    0.190263    6.106974
    0.401961    0.898365   -0.012242   -0.023483    0.000000       -1.136533        1.000000   11.255258    4.238093    0.190263    6.106974
    0.411765    0.899050   -0.010591   -0.030986    0.000000       -1.143209        1.000000   11.593470    4.390005    0.190263    6.106974
    0.421569    0.899626   -0.008607   -0.034697    0.000000       -1.146228        1.000000   11.931900    4.542134    0.190263    6.106974
    0.431373    0.900079   -0.006501   -0.035180    0.000000       -1.146171        1.000000   12.270499    4.694439    0.190263    6.106974
    0.441176    0.900406   -0.004445   -0.033122    0.000000       -1.143722        1.000000   12.609221    4.846879    0.190263    6.106974
    0.450980    0.900614   -0.002571   -0.029252    0.000000       -1.139601        1.000000   12.948022    4.999410    0.190263    6.106974
    0.460784    0.900719   -0.000965   -0.024273    0.000000       -1.134497        1.000000   13.286863    5.151995    0.190263    6.106974
    0.470588    0.900736    0.000326   -0.018811    0.000000       -1.129013        1.000000   13.625710    5.304600    0.190263    6.106974
    0.480392    0.900686    0.001289   -0.013381    0.000000       -1.123644        1.000000   13.964538    5.457199    0.190263    6.106974
    0.490196    0.900588    0.001937   -0.008374    0.000000       -1.118757        1.000000   14.303329    5.609772    0.190263    6.106974
    0.500000    0.900460    0.002305   -0.004054    0.000000       -1.114595        1.000000   14.642072    5.762306    0.190263    6.106974
    0.509804    0.900317    0.002439   -0.000577    0.000000       -1.111294        1.000000   14.980761    5.914794    0.190263    6.106974
    0.519608    0.900172    0.002392    0.001998    0.000000       -1.108898        1.000000   15.319395    6.067233    0.190263    6.106974
    0.529412    0.900033    0.002218    0.003684    0.000000       -1.107384        1.000000   15.657978    6.219623    0.190263    6.106974
    0.539216    0.899907    0.001968    0.004541    0.000000       -1.106682        1.000000   15.996513    6.371969    0.190263    6.106974
    0.549020    0.899798    0.001689    0.004661    0.000000       -1.106698        1.000000   16.335007    6.524275    0.190263    6.106974
    0.558824    0.899705    0.001422    0.004149    0.000000       -1.107325        1.000000   16.673465    6.676546    0.190263    6.106974
    0.568627    0.899627    0.001202    0.003105    0.000000       -1.108466        1.000000   17.011895    6.828789    0.190263    6.106974
    0.578431    0.899560    0.001059    0.001614    0.000000       -1.110041        1.000000   17.350299    6.981007    0.190263    6.106974
    0.588235    0.899498    0.001017   -0.000266    0.000000       -1.111997        1.000000   17.688680    7.133204    0.190263    6.106974
    0.598039    0.899435    0.001098   -0.002510    0.000000       -1.114318        1.000000   18.027037    7.285380    0.190263    6.106974
    0.607843    0.899364    0.001325   -0.005137    0.000000       -1.117034        1.000000   18.365368    7.437534    0.190263    6.106974
    0.617647    0.899273    0.001722   -0.008214    0.000000       -1.120222        1.000000   18.703664    7.589660    0.190263    6.106974
    0.627451    0.899153    0.002320   -0.011866    0.000000       -1.124020        1.000000   19.041916    7.741751    0.190263    6.106974
    0.637255    0.898991    0.003158   -0.016282    0.000000       -1.128635        1.000000   19.380106    7.893794    0.190263    6.106974
    0.647059    0.898769    0.004290   -0.021725    0.000000       -1.134347        1.000000   19.718213    8.045772    0.190263    6.106974
    0.656863    0.898470    0.005787   -0.028546    0.000000       -1.141531        1.000000   20.056207    8.197662    0.190263    6.106974
    0.666667    0.898067    0.007745   -0.037195    0.000000       -1.150664        1.000000   20.394050    8.349433    0.190263    6.106974
    0.676471    0.897530    0.010289   -0.048232    0.000000       -1.162341        1.000000   20.731690    8.501043    0.190263    6.106974
    0.686275    0.896820    0.013582   -0.062342    0.000000       -1.177290        1.000000   21.069064    8.652439    0.190263    6.106974
    0.696078    0.895885    0.017831   -0.080341    0.000000       -1.196378        1.000000   21.406086    8.803552    0.190263    6.106974
    0.705882    0.894661    0.023298   -0.103163    0.000000       -1.220602        1.000000   21.742647    8.954290    0.190263    6.106974
    0.715686    0.893065    0.030301   -0.131833    0.000000       -1.251059        1.000000   22.078608    9.104534    0.190263    6.106974
    0.725490    0.890995    0.039222   -0.167399    0.000000       -1.288877        1.000000   22.413790    9.254128    0.190263    6.106974
    0.735294    0.888323    0.050503   -0.210816    0.000000       -1.335098        1.000000   22.747967    9.402874    0.190263    6.106974
    0.745098    0.884893    0.064637   -0.262783    0.000000       -1.390503        1.000000   23.080854    9.550509    0.190263    6.106974
    0.754902    0.880521    0.082146   -0.323534    0.000000       -1.455395        1.000000   23.412096    9.696703    0.190263    6.106974
    0.764706    0.874991    0.103546   -0.392635    0.000000       -1.529382        1.000000   23.741258    9.841035    0.190263    6.106974
    0.774510    0.868059    0.129304   -0.468831    0.000000       -1.611210        1.000000   24.067812    9.982981    0.190263    6.106974
    0.784314    0.859459    0.159786   -0.550042    0.000000       -1.698743        1.000000   24.391131   10.121904    0.190263    6.106974
    0.794118    0.848912    0.195214   -0.633534    0.000000       -1.789137        1.000000   24.710482   10.257050    0.190263    6.106974
    0.803922    0.836139    0.235634   -0.716273    0.000000       -1.879197        1.000000   25.025028   10.387551    0.190263    6.106974
    0.813725    0.820871    0.280911   -0.795362    0.000000       -1.965830        1.000000   25.333831   10.512457    0.190263    6.106974
    0.823529    0.802867    0.330753   -0.868436    0.000000       -2.046461        1.000000   25.635860   10.630765    0.190263    6.106974
    0.833333    0.781923    0.384749   -0.933902    0.000000       -2.119304        1.000000   25.930011   10.741477    0.190263    6.106974
    0.843137    0.757879    0.442415   -0.990995    0.000000       -2.183427        1.000000   26.215116   10.843660    0.190263    6.106974
    0.852941    0.730630    0.503247   -1.039669    0.000000       -2.238663        1.000000   26.489971   10.936509    0.190263    6.106974
    0.862745    0.700120    0.566751   -1.080403    0.000000       -2.285409        1.000000   26.753349   11.019412    0.190263    6.106974
    0.872549    0.666347    0.632477   -1.113993    0.000000       -2.324421        1.000000   27.004021   11.091994    0.190263    6.106974
    0.882353    0.629357    0.700022   -1.141375    0.000000       -2.356628        1.000000   27.240778   11.154150    0.190263    6.106974
    0.892157    0.589241    0.769045   -1.163498    0.000000       -2.382990        1.000000   27.462444   11.206066    0.190263    6.106974
    0.901961    0.546131    0.839257   -1.181244    0.000000       -2.404422        1.000000   27.667893   11.248207    0.190263    6.106974
    0.911765    0.500195    0.910421   -1.195393    0.000000       -2.421740        1.000000   27.856061   11.281300    0.190263    6.106974
    0.921569    0.451633    0.982341   -1.206606    0.000000       -2.435650        1.000000   28.025960   11.306289    0.190263    6.106974
    0.931373    0.400672    1.054858   -1.215431    0.000000       -2.446741        1.000000   28.176688   11.324284    0.190263    6.106974
    0.941176    0.347563    1.127843   -1.222313    0.000000       -2.455498        1.000000   28.307437   11.336498    0.190263    6.106974
    0.950980    0.292577    1.201192   -1.227607    0.000000       -2.462313        1.000000   28.417501   11.344174    0.190263    6.106974
    0.960784    0.236003    1.274817   -1.231591    0.000000       -2.467496        1.000000   28.506283   11.348519    0.190263    6.106974
    0.970588    0.178142    1.348646   -1.234480    0.000000       -2.471287        1.000000   28.573298   11.350627    0.190263    6.106974
    0.980392    0.119307    1.422620   -1.236433    0.000000       -2.473869        1.000000   28.618180   11.351423    0.190263    6.106974
    0.990196    0.059818    1.496686   -1.237561    0.000000       -2.475367        1.000000   28.640683   11.351609    0.190263    6.106974
    1.000000    0.000000    1.570796   -1.237929    0.000000       -2.475858        1.000000   28.640683   11.351621    0.190263    6.106974
