           t           r         psi          cs          qs               p             sig           A           V          Q2           S
    0.000000    0.000000   -1.570796   -1.396019    0.000000       -2.792039        1.000000    0.000000   -0.000000    0.733347   14.493109
    0.009804    0.141141   -1.369217   -1.464188    0.000000       -2.882743        1.000000    0.000000    0.000446    0.733347   14.493109
    0.019608    0.276197   -1.148134   -1.670335    0.000000       -3.155470        1.000000    0.246581    0.007051    0.733347   14.493109
    0.029412    0.397116   -0.889270   -1.983122    0.000000       -3.569510        1.000000    0.601116    0.034554    0.733347   14.493109
    0.039216    0.492698   -0.587405   -2.227762    0.000000       -3.917198        1.000000    1.040983    0.101149    0.733347   14.493109
    0.049020    0.551670   -0.276293   -2.056416    0.000000       -3.800345        1.000000    1.533499    0.213185    0.733347   14.493109
    0.058824    0.572018   -0.028191   -1.375720    0.000000       -3.123222        1.000000    2.044182    0.353769    0.733347   14.493109
    0.068627    0.564900    0.109578   -0.582201    0.000000       -2.341810        1.000000    2.548509    0.498549    0.733347   14.493109
    0.078431    0.545684    0.148128   -0.007669    0.000000       -1.820164        1.000000    3.035681    0.635155    0.733347   14.493109
    0.088235    0.525847    0.124951    0.291479    0.000000       -1.595389        1.000000    3.505143    0.761909    0.733347   14.493109
    0.098039    0.511488    0.075623    0.373025    0.000000       -1.576467        1.000000    3.961786    0.881103    0.733347   14.493109
    0.107843    0.504404    0.025532    0.315391    0.000000       -1.666499        1.000000    4.412105    0.995851    0.733347   14.493109
    0.117647    0.503578   -0.010986    0.193535    0.000000       -1.792135        1.000000    4.861686    1.109033    0.733347   14.493109
    0.127451    0.506653   -0.029306    0.067478    0.000000       -1.905411        1.000000    5.314013    1.222800    0.733347   14.493109
    0.137255    0.511148   -0.031760   -0.025669    0.000000       -1.981063        1.000000    5.770352    1.338335    0.733347   14.493109
    0.147059    0.515204   -0.024220   -0.072801    0.000000       -2.013212        1.000000    6.230312    1.455885    0.733347   14.493109
    0.156863    0.517859   -0.013009   -0.079357    0.000000       -2.010222        1.000000    6.692643    1.575023    0.733347   14.493109
    0.166667    0.518955   -0.002876   -0.060449    0.000000       -1.987389        1.000000    7.155953    1.695040    0.733347   14.493109
    0.176471    0.518846    0.003741   -0.032341    0.000000       -1.959681        1.000000    7.619165    1.815269    0.733347   14.493109
    0.186275    0.518079    0.006457   -0.007041    0.000000       -1.937208        1.000000    8.081692    1.935272    0.733347   14.493109
    0.196078    0.517154    0.006169    0.009432    0.000000       -1.924190        1.000000    8.543393    2.054867    0.733347   14.493109
    0.205882    0.516403    0.004243    0.016177    0.000000       -1.920277        1.000000    9.004424    2.174067    0.733347   14.493109
    0.215686    0.515966    0.001927    0.015440    0.000000       -1.922668        1.000000    9.465065    2.292992    0.733347   14.493109
    0.225490    0.515834    0.000048    0.010621    0.000000       -1.927987        1.000000    9.925588    2.411789    0.733347   14.493109
    0.235294    0.515915   -0.001047    0.004827    0.000000       -1.933477        1.000000   10.386183    2.530578    0.733347   14.493109
    0.245098    0.516095   -0.001377    0.000121    0.000000       -1.937505        1.000000   10.846939    2.649431    0.733347   14.493109
    0.254902    0.516281   -0.001175   -0.002619    0.000000       -1.939548        1.000000   11.307861    2.768372    0.733347   14.493109
    0.264706    0.516417   -0.000725   -0.003447    0.000000       -1.939865        1.000000   11.768905    2.887389    0.733347   14.493109
    0.274510    0.516486   -0.000259   -0.002941    0.000000       -1.939100        1.000000   12.230010    3.006452    0.733347   14.493109
    0.284314    0.516497    0.000082   -0.001812    0.000000       -1.937932        1.000000   12.691125    3.125534    0.733347   14.493109
    0.294118    0.516471    0.000254   -0.000647    0.000000       -1.936864        1.000000   13.152216    3.244611    0.733347   14.493109
    0.303922    0.516432    0.000281    0.000206    0.000000       -1.936159        1.000000   13.613273    3.363673    0.733347   14.493109
    0.313725    0.516396    0.000216    0.000637    0.000000       -1.935863        1.000000   14.074297    3.482716    0.733347   14.493109
    0.323529    0.516372    0.000117    0.000703    0.000000       -1.935886        1.000000   14.535300    3.601745    0.733347   14.493109
    0.333333    0.516362    0.000027    0.000541    0.000000       -1.936086        1.000000   14.996294    3.720767    0.733347   14.493109
    0.343137    0.516363   -0.000032    0.000294    0.000000       -1.936330        1.000000   15.457289    3.839787    0.733347   14.493109
    0.352941    0.516369   -0.000057    0.000068    0.000000       -1.936530        1.000000   15.918290    3.958808    0.733347   14.493109
    0.362745    0.516378   -0.000055   -0.000081    0.000000       -1.936649        1.000000   16.379298    4.077834    0.733347   14.493109
    0.372549    0.516384   -0.000038   -0.000144    0.000000       -1.936686        1.000000   16.840312    4.196862    0.733347   14.493109
    0.382353    0.516388   -0.000018   -0.000139    0.000000       -1.936666        1.000000   17.301330    4.315894    0.733347   14.493109
    0.392157    0.516390   -0.000001   -0.000096    0.000000       -1.936619        1.000000   17.762349    4.434926    0.733347   14.493109
    0.401961    0.516389    0.000009   -0.000044    0.000000       -1.936569        1.000000   18.223367    4.553959    0.733347   14.493109
    0.411765    0.516387    0.000012   -0.000002    0.000000       -1.936533        1.000000   18.684384    4.672991    0.733347   14.493109
    0.421569    0.516386    0.000011    0.000023    0.000000       -1.936514        1.000000   19.145400    4.792022    0.733347   14.493109
    0.431373    0.516384    0.000007    0.000031    0.000000       -1.936511        1.000000   19.606414    4.911053    0.733347   14.493109
    0.441176    0.516384    0.000002    0.000026    0.000000       -1.936518        1.000000   20.067428    5.030083    0.733347   14.493109
    0.450980    0.516384   -0.000001    0.000016    0.000000       -1.936528        1.000000   20.528441    5.149113    0.733347   14.493109
    0.460784    0.516384   -0.000002    0.000006    0.000000       -1.936538        1.000000   20.989455    5.268143    0.733347   14.493109
    0.470588    0.516384   -0.000003   -0.000002    0.000000       -1.936544        1.000000   21.450469    5.387173    0.733347   14.493109
    0.480392    0.516385   -0.000002   -0.000006    0.000000       -1.936547        1.000000   21.911484    5.506203    0.733347   14.493109
    0.490196    0.516385   -0.000001   -0.000006    0.000000       -1.936547        1.000000   22.372498    5.625234    0.733347   14.493109
    0.500000    0.516385   -0.000000   -0.000005    0.000000       -1.936545        1.000000   22.833513    5.744264    0.733347   14.493109
    0.509804    0.516385    0.000000   -0.000003    0.000000       -1.936543        1.000000   23.294528    5.863295    0.733347   14.493109
    0.519608    0.516385    0.000001   -0.000001    0.000000       -1.936541        1.000000   23.755542    5.982325    0.733347   14.493109
    0.529412    0.516385    0.000000    0.000001    0.000000       -1.936540        1.000000   24.216557    6.101356    0.733347   14.493109
    0.539216    0.516385    0.000000    0.000001    0.000000       -1.936539        1.000000   24.677572    6.220386    0.733347   14.493109
    0.549020    0.516385    0.000000    0.000001    0.000000       -1.936540        1.000000   25.138586    6.339417    0.733347   14.493109
    0.558824    0.516385    0.000000    0.000001    0.000000       -1.936540        1.000000   25.599601    6.458447    0.733347   14.493109
    0.568627    0.516385   -0.000000    0.000000    0.000000       -1.936540        1.000000   26.060615    6.577477    0.733347   14.493109
    0.578431    0.516385   -0.000000    0.000000    0.000000       -1.936541        1.000000   26.521630    6.696508    0.733347   14.493109
    0.588235    0.516385   -0.000000   -0.000000    0.000000       -1.936541        1.000000   26.982644    6.815538    0.733347   14.493109
    0.598039    0.516385   -0.000000   -0.000000    0.000000       -1.936541        1.000000   27.443659    6.934569    0.733347   14.493109
    0.607843    0.516385   -0.000000   -0.000000    0.000000       -1.936541        1.000000   27.904673    7.053599    0.733347   14.493109
    0.617647    0.516385    0.000000   -0.000000    0.000000       -1.936541        1.000000   28.365688    7.172630    0.733347   14.493109
    0.627451    0.516385    0.000000   -0.000000    0.000000       -1.936541        1.000000   28.826702    7.291660    0.733347   14.493109
    0.637255    0.516385    0.000000   -0.000000    0.000000       -1.936541        1.000000   29.287717    7.410690    0.733347   14.493109
    0.647059    0.516385    0.000000    0.000000    0.000000       -1.936541        1.000000   29.748732    7.529721    0.733347   14.493109
    0.656863    0.516385    0.000000   -0.000000    0.000000       -1.936541        1.000000   30.209746    7.648751    0.733347   14.493109
    0.666667    0.516385    0.000000   -0.000000    0.000000       -1.936541        1.000000   30.670761    7.767782    0.733347   14.493109
    0.676471    0.516385    0.000000   -0.000000    0.000000       -1.936541        1.000000   31.131775    7.886812    0.733347   14.493109
    0.686275    0.516385    0.000000   -0.000000    0.000000       -1.936541        1.000000   31.592790    8.005843    0.733347   14.493109
    0.696078    0.516385    0.000000   -0.000001    0.000000       -1.936541        1.000000   32.053804    8.124873    0.733347   14.493109
    0.705882    0.516385    0.000000   -0.000001    0.000000       -1.936542        1.000000   32.514819    8.243903    0.733347   14.493109
    0.715686    0.516385    0.000000   -0.000002    0.000000       -1.936543        1.000000   32.975833    8.362934    0.733347   14.493109
    0.725490    0.516385    0.000001   -0.000003    0.000000       -1.936544        1.000000   33.436848    8.481964    0.733347   14.493109
    0.735294    0.516384    0.000001   -0.000005    0.000000       -1.936547        1.000000   33.897862    8.600994    0.733347   14.493109
    0.745098    0.516384    0.000002   -0.000009    0.000000       -1.936551        1.000000   34.358876    8.720025    0.733347   14.493109
    0.754902    0.516384    0.000004   -0.000015    0.000000       -1.936559        1.000000   34.819890    8.839055    0.733347   14.493109
    0.764706    0.516383    0.000007   -0.000026    0.000000       -1.936573        1.000000   35.280903    8.958085    0.733347   14.493109
    0.774510    0.516382    0.000012   -0.000045    0.000000       -1.936597        1.000000   35.741914    9.077114    0.733347   14.493109
    0.784314    0.516380    0.000020   -0.000079    0.000000       -1.936639        1.000000   36.202924    9.196143    0.733347   14.493109
    0.794118    0.516376    0.000035   -0.000137    0.000000       -1.936711        1.000000   36.663931    9.315170    0.733347   14.493109
    0.803922    0.516369    0.000061   -0.000238    0.000000       -1.936838        1.000000   37.124931    9.434195    0.733347   14.493109
    0.813725    0.516357    0.000106   -0.000415    0.000000       -1.937058        1.000000   37.585922    9.553215    0.733347   14.493109
    0.823529    0.516337    0.000185   -0.000722    0.000000       -1.937441        1.000000   38.046894    9.672229    0.733347   14.493109
    0.833333    0.516302    0.000322   -0.001257    0.000000       -1.938107        1.000000   38.507835    9.791230    0.733347   14.493109
    0.843137    0.516241    0.000561   -0.002188    0.000000       -1.939268        1.000000   38.968721    9.910210    0.733347   14.493109
    0.852941    0.516134    0.000976   -0.003808    0.000000       -1.941287        1.000000   39.429512   10.029152    0.733347   14.493109
    0.862745    0.515949    0.001699   -0.006626    0.000000       -1.944799        1.000000   39.890138   10.148028    0.733347   14.493109
    0.872549    0.515627    0.002957   -0.011524    0.000000       -1.950904        1.000000   40.350475   10.266790    0.733347   14.493109
    0.882353    0.515065    0.005143   -0.020026    0.000000       -1.961501        1.000000   40.810312   10.385353    0.733347   14.493109
    0.892157    0.514089    0.008940   -0.034752    0.000000       -1.979861        1.000000   41.269278   10.503569    0.733347   14.493109
    0.901961    0.512394    0.015520   -0.060161    0.000000       -2.011548        1.000000   41.726730   10.621182    0.733347   14.493109
    0.911765    0.509455    0.026888   -0.103716    0.000000       -2.065890        1.000000   42.181557   10.737745    0.733347   14.493109
    0.921569    0.504372    0.046416   -0.177523    0.000000       -2.158053        1.000000   42.631847   10.852478    0.733347   14.493109
    0.931373    0.495628    0.079637   -0.300162    0.000000       -2.311411        1.000000   43.074330   10.964036    0.733347   14.493109
    0.941176    0.480722    0.135235   -0.497227    0.000000       -2.558437        1.000000   43.503506   11.070110    0.733347   14.493109
    0.950980    0.455715    0.225805   -0.796635    0.000000       -2.935283        1.000000   43.910356   11.166879    0.733347   14.493109
    0.960784    0.414905    0.367187   -1.212065    0.000000       -3.461596        1.000000   44.280772   11.248539    0.733347   14.493109
    0.970588    0.351322    0.574416   -1.713114    0.000000       -4.102687        1.000000   44.594423   11.307974    0.733347   14.493109
    0.980392    0.259201    0.853667   -2.205450    0.000000       -4.741028        1.000000   44.825831   11.340606    0.733347   14.493109
    0.990196    0.138719    1.194658   -2.561938    0.000000       -5.209960        1.000000   44.949676   11.350809    0.733347   14.493109
    1.000000    0.000000    1.570796   -2.690249    0.000000       -5.380497        1.000000   44.949676   11.351621    0.733347   14.493109
