           t           r         psi          cs          qs               p             sig           A           V          Q2           S
    0.000000    0.000000   -1.570796   -0.995139    0.000000       -1.990278        1.000000    0.000000    0.000000    0.020880    5.481527
    0.009804    0.053715   -1.517317   -0.995145    0.000000       -1.990286        1.000000    0.000000    0.000007    0.020880    5.481527
    0.019608    0.107276   -1.463837   -0.995164    0.000000       -1.990311        1.000000    0.036223    0.000104    0.020880    5.481527
    0.029412    0.160531   -1.410356   -0.995197    0.000000       -1.990355        1.000000    0.090428    0.000524    0.020880    5.481527
    0.039216    0.213326   -1.356872   -0.995246    0.000000       -1.990420        1.000000    0.162460    0.001644    0.020880    5.481527
    0.049020    0.265511   -1.303385   -0.995313    0.000000       -1.990507        1.000000    0.252113    0.003979    0.020880    5.481527
    0.058824    0.316937   -1.249894   -0.995402    0.000000       -1.990622        1.000000    0.359130    0.008164    0.020880    5.481527
    0.068627    0.367457   -1.196398   -0.995518    0.000000       -1.990771        1.000000    0.483206    0.014938    0.020880    5.481527
    0.078431    0.416925   -1.142895   -0.995667    0.000000       -1.990959        1.000000    0.623986    0.025122    0.020880    5.481527
    0.088235    0.465201   -1.089382   -0.995858    0.000000       -1.991199        1.000000    0.781066    0.039594    0.020880    5.481527
    0.098039    0.512144   -1.035858   -0.996103    0.000000       -1.991502        1.000000    0.953997    0.059264    0.020880    5.481527
    0.107843    0.557622   -0.982319   -0.996418    0.000000       -1.991887        1.000000    1.142285    0.085047    0.020880    5.481527
    0.117647    0.601503   -0.928760   -0.996827    0.000000       -1.992379        1.000000    1.345389    0.117836    0.020880    5.481527
    0.127451    0.643660   -0.875177   -0.997360    0.000000       -1.993012        1.000000    1.562728    0.158475    0.020880    5.481527
    0.137255    0.683971   -0.821560   -0.998063    0.000000       -1.993836        1.000000    1.793679    0.207728    0.020880    5.481527
    0.147059    0.722320   -0.767900   -0.999004    0.000000       -1.994921        1.000000    2.037578    0.266263    0.020880    5.481527
    0.156863    0.758594   -0.714180   -1.000281    0.000000       -1.996374        1.000000    2.293726    0.334620    0.020880    5.481527
    0.166667    0.792685   -0.660380   -1.002047    0.000000       -1.998356        1.000000    2.561385    0.413198    0.020880    5.481527
    0.176471    0.824491   -0.606466   -1.004544    0.000000       -2.001119        1.000000    2.839784    0.502234    0.020880    5.481527
    0.186275    0.853913   -0.552391   -1.008167    0.000000       -2.005074        1.000000    3.128117    0.601793    0.020880    5.481527
    0.196078    0.880857   -0.498076   -1.013588    0.000000       -2.010916        1.000000    3.425549    0.711757    0.020880    5.481527
    0.205882    0.905230   -0.443396   -1.022006    0.000000       -2.019874        1.000000    3.731210    0.831823    0.020880    5.481527
    0.215686    0.926935   -0.388137   -1.035665    0.000000       -2.034241        1.000000    4.044200    0.961499    0.020880    5.481527
    0.225490    0.945871   -0.331911   -1.059000    0.000000       -2.058525        1.000000    4.363584    1.100108    0.020880    5.481527
    0.235294    0.961911   -0.273983   -1.101150    0.000000       -2.101972        1.000000    4.688384    1.246791    0.020880    5.481527
    0.245098    0.974881   -0.212902   -1.180297    0.000000       -2.182904        1.000000    5.017563    1.400505    0.020880    5.481527
    0.254902    0.984505   -0.146051   -1.316725    0.000000       -2.321650        1.000000    5.349993    1.559998    0.020880    5.481527
    0.264706    0.990374   -0.072095   -1.392035    0.000000       -2.399131        1.000000    5.684404    1.723703    0.020880    5.481527
    0.274510    0.992384   -0.007151   -0.907134    0.000000       -1.914782        1.000000    6.019493    1.889587    0.020880    5.481527
    0.284314    0.991829    0.021464   -0.207664    0.000000       -1.215670        1.000000    6.354396    2.055791    0.020880    5.481527
    0.294118    0.990569    0.022703    0.102065    0.000000       -0.907196        1.000000    6.688872    2.221619    0.020880    5.481527
    0.303922    0.989546    0.014776    0.168766    0.000000       -0.841688        1.000000    7.023004    2.387066    0.020880    5.481527
    0.313725    0.988990    0.006155    0.143758    0.000000       -0.867356        1.000000    7.356947    2.552270    0.020880    5.481527
    0.323529    0.988842   -0.000184    0.090292    0.000000       -0.920991        1.000000    7.690841    2.717369    0.020880    5.481527
    0.333333    0.988956   -0.003547    0.036252    0.000000       -0.974909        1.000000    8.024773    2.882466    0.020880    5.481527
    0.343137    0.989177   -0.004328   -0.004189    0.000000       -1.015121        1.000000    8.358780    3.047623    0.020880    5.481527
    0.352941    0.989391   -0.003447   -0.025346    0.000000       -1.036063        1.000000    8.692859    3.212855    0.020880    5.481527
    0.362745    0.989536   -0.001922   -0.028950    0.000000       -1.039523        1.000000    9.026987    3.378148    0.020880    5.481527
    0.372549    0.989600   -0.000530   -0.021674    0.000000       -1.032183        1.000000    9.361137    3.543477    0.020880    5.481527
    0.382353    0.989603    0.000349   -0.011002    0.000000       -1.021508        1.000000    9.695288    3.708816    0.020880    5.481527
    0.392157    0.989573    0.000685   -0.002063    0.000000       -1.012600        1.000000   10.029428    3.874149    0.020880    5.481527
    0.401961    0.989536    0.000639    0.003121    0.000000       -1.007453        1.000000   10.363556    4.039471    0.020880    5.481527
    0.411765    0.989507    0.000413    0.004769    0.000000       -1.005835        1.000000   10.697674    4.204782    0.020880    5.481527
    0.421569    0.989492    0.000168    0.004111    0.000000       -1.006509        1.000000   11.031787    4.370085    0.020880    5.481527
    0.431373    0.989488   -0.000011    0.002483    0.000000       -1.008140        1.000000   11.365899    4.535385    0.020880    5.481527
    0.441176    0.989491   -0.000100    0.000868    0.000000       -1.009752        1.000000   11.700012    4.700685    0.020880    5.481527
    0.450980    0.989497   -0.000114   -0.000236    0.000000       -1.010850        1.000000   12.034127    4.865987    0.020880    5.481527
    0.460784    0.989503   -0.000085   -0.000730    0.000000       -1.011338        1.000000   12.368244    5.031291    0.020880    5.481527
    0.470588    0.989506   -0.000044   -0.000754    0.000000       -1.011359        1.000000   12.702362    5.196597    0.020880    5.481527
    0.480392    0.989508   -0.000009   -0.000530    0.000000       -1.011133        1.000000   13.036480    5.361903    0.020880    5.481527
    0.490196    0.989508    0.000012   -0.000248    0.000000       -1.010851        1.000000   13.370599    5.527209    0.020880    5.481527
    0.500000    0.989507    0.000019   -0.000025    0.000000       -1.010630        1.000000   13.704717    5.692515    0.020880    5.481527
    0.509804    0.989506    0.000017    0.000096    0.000000       -1.010509        1.000000   14.038835    5.857821    0.020880    5.481527
    0.519608    0.989505    0.000010    0.000128    0.000000       -1.010479        1.000000   14.372952    6.023127    0.020880    5.481527
    0.529412    0.989505    0.000004    0.000102    0.000000       -1.010505        1.000000   14.707069    6.188432    0.020880    5.481527
    0.539216    0.989504   -0.000000    0.000054    0.000000       -1.010553        1.000000   15.041187    6.353738    0.020880    5.481527
    0.549020    0.989505   -0.000002    0.000007    0.000000       -1.010600        1.000000   15.375304    6.519043    0.020880    5.481527
    0.558824    0.989505   -0.000001   -0.000031    0.000000       -1.010638        1.000000   15.709422    6.684348    0.020880    5.481527
    0.568627    0.989505    0.000001   -0.000062    0.000000       -1.010669        1.000000   16.043539    6.849654    0.020880    5.481527
    0.578431    0.989504    0.000005   -0.000100    0.000000       -1.010707        1.000000   16.377656    7.014959    0.020880    5.481527
    0.588235    0.989504    0.000013   -0.000170    0.000000       -1.010777        1.000000   16.711774    7.180264    0.020880    5.481527
    0.598039    0.989503    0.000025   -0.000311    0.000000       -1.010919        1.000000   17.045890    7.345569    0.020880    5.481527
    0.607843    0.989501    0.000048   -0.000594    0.000000       -1.011205        1.000000   17.380007    7.510874    0.020880    5.481527
    0.617647    0.989497    0.000094   -0.001154    0.000000       -1.011768        1.000000   17.714122    7.676177    0.020880    5.481527
    0.627451    0.989490    0.000182   -0.002247    0.000000       -1.012868        1.000000   18.048234    7.841479    0.020880    5.481527
    0.637255    0.989476    0.000353   -0.004370    0.000000       -1.015005        1.000000   18.382342    8.006778    0.020880    5.481527
    0.647059    0.989449    0.000687   -0.008476    0.000000       -1.019139        1.000000   18.716441    8.172070    0.020880    5.481527
    0.656863    0.989397    0.001331   -0.016369    0.000000       -1.027085        1.000000   19.050522    8.337349    0.020880    5.481527
    0.666667    0.989296    0.002572   -0.031362    0.000000       -1.042179        1.000000   19.384569    8.502603    0.020880    5.481527
    0.676471    0.989101    0.004931   -0.059209    0.000000       -1.070216        1.000000   19.718550    8.667808    0.020880    5.481527
    0.686275    0.988730    0.009324   -0.108830    0.000000       -1.120184        1.000000   20.052406    8.832919    0.020880    5.481527
    0.696078    0.988036    0.017214   -0.191073    0.000000       -1.203031        1.000000   20.386028    8.997848    0.020880    5.481527
    0.705882    0.986782    0.030570   -0.312377    0.000000       -1.325298        1.000000   20.719226    9.162428    0.020880    5.481527
    0.715686    0.984618    0.051344   -0.463983    0.000000       -1.478267        1.000000   21.051693    9.326359    0.020880    5.481527
    0.725490    0.981115    0.080509   -0.619407    0.000000       -1.635354        1.000000   21.382978    9.489145    0.020880    5.481527
    0.735294    0.975836    0.117476   -0.750795    0.000000       -1.768494        1.000000   21.712480    9.650050    0.020880    5.481527
    0.745098    0.968413    0.160554   -0.846382    0.000000       -1.865719        1.000000   22.039475    9.808121    0.020880    5.481527
    0.754902    0.958585    0.207867   -0.909803    0.000000       -1.930550        1.000000   22.363152    9.962264    0.020880    5.481527
    0.764706    0.946192    0.257928   -0.950154    0.000000       -1.972062        1.000000   22.682645   10.111332    0.020880    5.481527
    0.774510    0.931151    0.309726   -0.975617    0.000000       -1.998455        1.000000   22.997058   10.254203    0.020880    5.481527
    0.784314    0.913429    0.362624   -0.991853    0.000000       -2.015435        1.000000   23.305488   10.389840    0.020880    5.481527
    0.794118    0.893030    0.416230   -1.002410    0.000000       -2.026585        1.000000   23.607029   10.517329    0.020880    5.481527
    0.803922    0.869986    0.470301   -1.009432    0.000000       -2.034083        1.000000   23.900790   10.635907    0.020880    5.481527
    0.813725    0.844344    0.524685   -1.014213    0.000000       -2.039247        1.000000   24.185892   10.744983    0.020880    5.481527
    0.823529    0.816168    0.579284   -1.017539    0.000000       -2.042886        1.000000   24.461481   10.844144    0.020880    5.481527
    0.833333    0.785533    0.634034   -1.019901    0.000000       -2.045503        1.000000   24.726725   10.933171    0.020880    5.481527
    0.843137    0.752526    0.688892   -1.021609    0.000000       -2.047421        1.000000   24.980824   11.012026    0.020880    5.481527
    0.852941    0.717243    0.743829   -1.022865    0.000000       -2.048851        1.000000   25.223009   11.080859    0.020880    5.481527
    0.862745    0.679786    0.798825   -1.023801    0.000000       -2.049932        1.000000   25.452546   11.139986    0.020880    5.481527
    0.872549    0.640267    0.853864   -1.024508    0.000000       -2.050760        1.000000   25.668740   11.189884    0.020880    5.481527
    0.882353    0.598805    0.908937   -1.025047    0.000000       -2.051400        1.000000   25.870933   11.231164    0.020880    5.481527
    0.892157    0.555523    0.964035   -1.025463    0.000000       -2.051900        1.000000   26.058512   11.264553    0.020880    5.481527
    0.901961    0.510554    1.019153   -1.025785    0.000000       -2.052293        1.000000   26.230906   11.290867    0.020880    5.481527
    0.911765    0.464032    1.074286   -1.026036    0.000000       -2.052604        1.000000   26.387591   11.310981    0.020880    5.481527
    0.921569    0.416099    1.129431   -1.026232    0.000000       -2.052849        1.000000   26.528092   11.325807    0.020880    5.481527
    0.931373    0.366900    1.184586   -1.026385    0.000000       -2.053044        1.000000   26.651980   11.336257    0.020880    5.481527
    0.941176    0.316585    1.239747   -1.026504    0.000000       -2.053196        1.000000   26.758878   11.343218    0.020880    5.481527
    0.950980    0.265307    1.294915   -1.026596    0.000000       -2.053315        1.000000   26.848462   11.347523    0.020880    5.481527
    0.960784    0.213221    1.350086   -1.026665    0.000000       -2.053405        1.000000   26.920458   11.349927    0.020880    5.481527
    0.970588    0.160486    1.405261   -1.026715    0.000000       -2.053471        1.000000   26.974648   11.351082    0.020880    5.481527
    0.980392    0.107263    1.460438   -1.026750    0.000000       -2.053517        1.000000   27.010867   11.351514    0.020880    5.481527
    0.990196    0.053713    1.515617   -1.026769    0.000000       -2.053543        1.000000   27.029004   11.351615    0.020880    5.481527
    1.000000    0.000000    1.570796   -1.026776    0.000000       -2.053552        1.000000   27.029004   11.351621    0.020880    5.481527
