           t           r         psi          cs          qs               p             sig           A           V          Q2           S
    0.000000    0.000000   -1.570796   -0.992908    0.000000       -1.985816        1.000000    0.000000    0.000000    0.040397    3.956599
    0.009804    0.038781   -1.532281   -0.992917    0.000000       -1.985828        1.000000    0.000000    0.000002    0.040397    3.956599
    0.019608    0.077504   -1.493765   -0.992945    0.000000       -1.985865        1.000000    0.018890    0.000028    0.040397    3.956599
    0.029412    0.116112   -1.455248   -0.992991    0.000000       -1.985927        1.000000    0.047189    0.000142    0.040397    3.956599
    0.039216    0.154548   -1.416728   -0.993058    0.000000       -1.986015        1.000000    0.084856    0.000448    0.040397    3.956599
    0.049020    0.192754   -1.378206   -0.993147    0.000000       -1.986133        1.000000    0.131836    0.001090    0.040397    3.956599
    0.058824    0.230675   -1.339679   -0.993261    0.000000       -1.986283        1.000000    0.188057    0.002248    0.040397    3.956599
    0.068627    0.268253   -1.301148   -0.993403    0.000000       -1.986468        1.000000    0.253437    0.004138    0.040397    3.956599
    0.078431    0.305433   -1.262610   -0.993577    0.000000       -1.986692        1.000000    0.327879    0.007007    0.040397    3.956599
    0.088235    0.342160   -1.224065   -0.993787    0.000000       -1.986963        1.000000    0.411273    0.011131    0.040397    3.956599
    0.098039    0.378379   -1.185511   -0.994039    0.000000       -1.987286        1.000000    0.503493    0.016807    0.040397    3.956599
    0.107843    0.414035   -1.146947   -0.994342    0.000000       -1.987669        1.000000    0.604405    0.024354    0.040397    3.956599
    0.117647    0.449077   -1.108369   -0.994704    0.000000       -1.988124        1.000000    0.713856    0.034103    0.040397    3.956599
    0.127451    0.483450   -1.069776   -0.995137    0.000000       -1.988663        1.000000    0.831686    0.046396    0.040397    3.956599
    0.137255    0.517105   -1.031165   -0.995655    0.000000       -1.989302        1.000000    0.957717    0.061579    0.040397    3.956599
    0.147059    0.549990   -0.992532   -0.996275    0.000000       -1.990060        1.000000    1.091764    0.079997    0.040397    3.956599
    0.156863    0.582055   -0.953872   -0.997021    0.000000       -1.990963        1.000000    1.233626    0.101986    0.040397    3.956599
    0.166667    0.613253   -0.915180   -0.997921    0.000000       -1.992042        1.000000    1.383092    0.127873    0.040397    3.956599
    0.176471    0.643535   -0.876450   -0.999012    0.000000       -1.993336        1.000000    1.539938    0.157966    0.040397    3.956599
    0.186275    0.672856   -0.837674   -1.000341    0.000000       -1.994898        1.000000    1.703930    0.192551    0.040397    3.956599
    0.196078    0.701169   -0.798840   -1.001972    0.000000       -1.996793        1.000000    1.874824    0.231888    0.040397    3.956599
    0.205882    0.728431   -0.759935   -1.003985    0.000000       -1.999110        1.000000    2.052361    0.276204    0.040397    3.956599
    0.215686    0.754598   -0.720944   -1.006491    0.000000       -2.001965        1.000000    2.236277    0.325690    0.040397    3.956599
    0.225490    0.779628   -0.681843   -1.009638    0.000000       -2.005514        1.000000    2.426292    0.380499    0.040397    3.956599
    0.235294    0.803478   -0.642605   -1.013630    0.000000       -2.009971        1.000000    2.622120    0.440738    0.040397    3.956599
    0.245098    0.826106   -0.603191   -1.018748    0.000000       -2.015629        1.000000    2.823464    0.506471    0.040397    3.956599
    0.254902    0.847473   -0.563550   -1.025389    0.000000       -2.022901        1.000000    3.030015    0.577713    0.040397    3.956599
    0.264706    0.867535   -0.523614   -1.034122    0.000000       -2.032374        1.000000    3.241456    0.654429    0.040397    3.956599
    0.274510    0.886249   -0.483285   -1.045769    0.000000       -2.044894        1.000000    3.457458    0.736531    0.040397    3.956599
    0.284314    0.903570   -0.442430   -1.061533    0.000000       -2.061693        1.000000    3.677681    0.823881    0.040397    3.956599
    0.294118    0.919447   -0.400855   -1.083180    0.000000       -2.084574        1.000000    3.901774    0.916286    0.040397    3.956599
    0.303922    0.933822   -0.358287   -1.113266    0.000000       -2.116132        1.000000    4.129371    1.013498    0.040397    3.956599
    0.313725    0.946627   -0.314334   -1.155282    0.000000       -2.159904        1.000000    4.360088    1.115213    0.040397    3.956599
    0.323529    0.957776   -0.268454   -1.213173    0.000000       -2.219861        1.000000    4.593523    1.221067    0.040397    3.956599
    0.333333    0.967164   -0.219988   -1.288282    0.000000       -2.297314        1.000000    4.829246    1.330625    0.040397    3.956599
    0.343137    0.974659   -0.168426   -1.368526    0.000000       -2.380008        1.000000    5.066796    1.443364    0.040397    3.956599
    0.352941    0.980130   -0.114370   -1.403860    0.000000       -2.417467        1.000000    5.305679    1.558644    0.040397    3.956599
    0.362745    0.983521   -0.061403   -1.294049    0.000000       -2.308888        1.000000    5.545389    1.675695    0.040397    3.956599
    0.372549    0.984995   -0.016692   -0.981426    0.000000       -1.996518        1.000000    5.785458    1.793691    0.040397    3.956599
    0.382353    0.985006    0.013514   -0.575955    0.000000       -1.591084        1.000000    6.025529    1.911945    0.040397    3.956599
    0.392157    0.984140    0.028910   -0.236959    0.000000       -1.252649        1.000000    6.265390    2.030058    0.040397    3.956599
    0.401961    0.982903    0.033489   -0.018546    0.000000       -1.035370        1.000000    6.504949    2.147881    0.040397    3.956599
    0.411765    0.981625    0.031636    0.100538    0.000000       -0.917670        1.000000    6.744196    2.265395    0.040397    3.956599
    0.421569    0.980491    0.026527    0.154449    0.000000       -0.865090        1.000000    6.983167    2.382631    0.040397    3.956599
    0.431373    0.979584    0.020160    0.168832    0.000000       -0.851803        1.000000    7.221917    2.499640    0.040397    3.956599
    0.441176    0.978928    0.013727    0.159981    0.000000       -0.861449        1.000000    7.460507    2.616477    0.040397    3.956599
    0.450980    0.978511    0.007918    0.137937    0.000000       -0.883992        1.000000    7.698996    2.733197    0.040397    3.956599
    0.460784    0.978300    0.003113    0.109040    0.000000       -0.913136        1.000000    7.937433    2.849848    0.040397    3.956599
    0.470588    0.978254   -0.000507    0.077467    0.000000       -0.944763        1.000000    8.175859    2.966471    0.040397    3.956599
    0.480392    0.978324   -0.002899    0.046070    0.000000       -0.976082        1.000000    8.414302    3.083098    0.040397    3.956599
    0.490196    0.978463   -0.004109    0.016763    0.000000       -1.005239        1.000000    8.652779    3.199750    0.040397    3.956599
    0.500000    0.978628   -0.004241   -0.009343    0.000000       -1.031172        1.000000    8.891296    3.316439    0.040397    3.956599
    0.509804    0.978780   -0.003430   -0.031936    0.000000       -1.053610        1.000000    9.129850    3.433167    0.040397    3.956599
    0.519608    0.978884   -0.001803   -0.051533    0.000000       -1.073103        1.000000    9.368429    3.549926    0.040397    3.956599
    0.529412    0.978911    0.000547   -0.069482    0.000000       -1.091026        1.000000    9.607015    3.666702    0.040397    3.956599
    0.539216    0.978833    0.003593   -0.087877    0.000000       -1.109496        1.000000    9.845582    3.783472    0.040397    3.956599
    0.549020    0.978622    0.007404   -0.109381    0.000000       -1.131198        1.000000   10.084098    3.900206    0.040397    3.956599
    0.558824    0.978246    0.012157   -0.136940    0.000000       -1.159103        1.000000   10.322522    4.016868    0.040397    3.956599
    0.568627    0.977663    0.018143   -0.173405    0.000000       -1.196084        1.000000   10.560804    4.133408    0.040397    3.956599
    0.578431    0.976818    0.025755   -0.221022    0.000000       -1.244415        1.000000   10.798879    4.249765    0.040397    3.956599
    0.588235    0.975638    0.035449   -0.280857    0.000000       -1.305183        1.000000   11.036668    4.365856    0.040397    3.956599
    0.598039    0.974035    0.047694   -0.352244    0.000000       -1.377733        1.000000   11.274065    4.481573    0.040397    3.956599
    0.607843    0.971901    0.062892   -0.432532    0.000000       -1.459408        1.000000   11.510943    4.596773    0.040397    3.956599
    0.617647    0.969118    0.081309   -0.517380    0.000000       -1.545837        1.000000   11.747142    4.711271    0.040397    3.956599
    0.627451    0.965558    0.103023   -0.601658    0.000000       -1.631837        1.000000   11.982474    4.824837    0.040397    3.956599
    0.637255    0.961099    0.127917   -0.680631    0.000000       -1.712606        1.000000   12.216719    4.937192    0.040397    3.956599
    0.647059    0.955625    0.155714   -0.750920    0.000000       -1.784694        1.000000   12.449629    5.048016    0.040397    3.956599
    0.656863    0.949037    0.186039   -0.810859    0.000000       -1.846377        1.000000   12.680934    5.156951    0.040397    3.956599
    0.666667    0.941251    0.218484   -0.860301    0.000000       -1.897460        1.000000   12.910341    5.263615    0.040397    3.956599
    0.676471    0.932203    0.252657   -0.900112    0.000000       -1.938782        1.000000   13.137543    5.367616    0.040397    3.956599
    0.686275    0.921844    0.288208   -0.931653    0.000000       -1.971693        1.000000   13.362221    5.468560    0.040397    3.956599
    0.696078    0.910143    0.324847   -0.956405    0.000000       -1.997669        1.000000   13.584046    5.566067    0.040397    3.956599
    0.705882    0.897079    0.362337   -0.975740    0.000000       -2.018092        1.000000   13.802688    5.659778    0.040397    3.956599
    0.715686    0.882642    0.400491   -0.990833    0.000000       -2.034143        1.000000   14.017811    5.749366    0.040397    3.956599
    0.725490    0.866834    0.439163   -1.002636    0.000000       -2.046789        1.000000   14.229080    5.834540    0.040397    3.956599
    0.735294    0.849660    0.478243   -1.011900    0.000000       -2.056794        1.000000   14.436165    5.915049    0.040397    3.956599
    0.745098    0.831135    0.517642   -1.019206    0.000000       -2.064750        1.000000   14.638734    5.990690    0.040397    3.956599
    0.754902    0.811278    0.557294   -1.025001    0.000000       -2.071115        1.000000   14.836463    6.061310    0.040397    3.956599
    0.764706    0.790112    0.597147   -1.029624    0.000000       -2.076239        1.000000   15.029034    6.126806    0.040397    3.956599
    0.774510    0.767666    0.637160   -1.033334    0.000000       -2.080389        1.000000   15.216134    6.187123    0.040397    3.956599
    0.784314    0.743969    0.677304   -1.036329    0.000000       -2.083772        1.000000   15.397459    6.242262    0.040397    3.956599
    0.794118    0.719058    0.717552   -1.038761    0.000000       -2.086545        1.000000   15.572712    6.292270    0.040397    3.956599
    0.803922    0.692970    0.757886   -1.040747    0.000000       -2.088831        1.000000   15.741607    6.337246    0.040397    3.956599
    0.813725    0.665744    0.798289   -1.042376    0.000000       -2.090726        1.000000   15.903866    6.377329    0.040397    3.956599
    0.823529    0.637424    0.838750   -1.043719    0.000000       -2.092303        1.000000   16.059223    6.412707    0.040397    3.956599
    0.833333    0.608055    0.879258   -1.044831    0.000000       -2.093622        1.000000   16.207422    6.443599    0.040397    3.956599
    0.843137    0.577683    0.919806   -1.045755    0.000000       -2.094730        1.000000   16.348218    6.470264    0.040397    3.956599
    0.852941    0.546358    0.960386   -1.046526    0.000000       -2.095662        1.000000   16.481380    6.492986    0.040397    3.956599
    0.862745    0.514130    1.000994   -1.047170    0.000000       -2.096449        1.000000   16.606686    6.512073    0.040397    3.956599
    0.872549    0.481052    1.041625   -1.047710    0.000000       -2.097115        1.000000   16.723931    6.527852    0.040397    3.956599
    0.882353    0.447179    1.082275   -1.048162    0.000000       -2.097678        1.000000   16.832920    6.540659    0.040397    3.956599
    0.892157    0.412565    1.122941   -1.048542    0.000000       -2.098155        1.000000   16.933473    6.550840    0.040397    3.956599
    0.901961    0.377269    1.163620   -1.048860    0.000000       -2.098558        1.000000   17.025423    6.558737    0.040397    3.956599
    0.911765    0.341347    1.204311   -1.049126    0.000000       -2.098897        1.000000   17.108619    6.564689    0.040397    3.956599
    0.921569    0.304860    1.245011   -1.049348    0.000000       -2.099182        1.000000   17.182921    6.569020    0.040397    3.956599
    0.931373    0.267868    1.285719   -1.049531    0.000000       -2.099419        1.000000   17.248207    6.572038    0.040397    3.956599
    0.941176    0.230432    1.326434   -1.049680    0.000000       -2.099615        1.000000   17.304369    6.574029    0.040397    3.956599
    0.950980    0.192613    1.367153   -1.049801    0.000000       -2.099772        1.000000   17.351314    6.575250    0.040397    3.956599
    0.960784    0.154475    1.407877   -1.049895    0.000000       -2.099897        1.000000   17.388964    6.575927    0.040397    3.956599
    0.970588    0.116081    1.448604   -1.049966    0.000000       -2.099991        1.000000   17.417256    6.576250    0.040397    3.956599
    0.980392    0.077495    1.489334   -1.050015    0.000000       -2.100056        1.000000   17.436143    6.576371    0.040397    3.956599
    0.990196    0.038779    1.530065   -1.050044    0.000000       -2.100095        1.000000   17.445595    6.576399    0.040397    3.956599
    1.000000    0.000000    1.570796   -1.050054    0.000000       -2.100107        1.000000   17.445595    6.576401    0.040397    3.956599
