           t           r         psi          cs          qs               p             sig           A           V          Q2           S
    0.000000   -0.000000   -1.570796   -1.316935    0.000000       -2.633871        1.000000    0.000000    0.000000    0.690296    7.648169
    0.009804    0.074860   -1.471705   -1.330745    0.000000       -2.652270        1.000000    0.000000    0.000033    0.690296    7.648169
    0.019608    0.148975   -1.370529   -1.372711    0.000000       -2.708045        1.000000    0.070186    0.000521    0.690296    7.648169
    0.029412    0.221545   -1.265114   -1.444034    0.000000       -2.802422        1.000000    0.174562    0.002623    0.690296    7.648169
    0.039216    0.291658   -1.153224   -1.545366    0.000000       -2.935841        1.000000    0.311969    0.008218    0.690296    7.648169
    0.049020    0.358228   -1.032663   -1.674526    0.000000       -3.105273        1.000000    0.480740    0.019786    0.690296    7.648169
    0.058824    0.419954   -0.901622   -1.822590    0.000000       -3.299749        1.000000    0.678591    0.040181    0.690296    7.648169
    0.068627    0.475310   -0.759381   -1.968437    0.000000       -3.494309        1.000000    0.902522    0.072187    0.690296    7.648169
    0.078431    0.522649   -0.607412   -2.074400    0.000000       -3.645488        1.000000    1.148756    0.117856    0.690296    7.648169
    0.088235    0.560457   -0.450556   -2.090116    0.000000       -3.696314        1.000000    1.412802    0.177709    0.690296    7.648169
    0.098039    0.587770   -0.297341   -1.972192    0.000000       -3.598882        1.000000    1.689715    0.250209    0.690296    7.648169
    0.107843    0.604575   -0.158372   -1.713012    0.000000       -3.346367        1.000000    1.974546    0.331983    0.690296    7.648169
    0.117647    0.611940   -0.043013   -1.352241    0.000000       -2.984878        1.000000    2.262847    0.418874    0.690296    7.648169
    0.127451    0.611734    0.043528   -0.955625    0.000000       -2.588774        1.000000    2.551051    0.507183    0.690296    7.648169
    0.137255    0.606150    0.100895   -0.582100    0.000000       -2.223467        1.000000    2.836624    0.594382    0.690296    7.648169
    0.147059    0.597281    0.132294   -0.266706    0.000000       -1.926330        1.000000    3.118018    0.679125    0.690296    7.648169
    0.156863    0.586891    0.142673   -0.022143    0.000000       -1.708724        1.000000    3.394518    0.760928    0.690296    7.648169
    0.166667    0.576345    0.137364    0.152637    0.000000       -1.566090        1.000000    3.666050    0.839815    0.690296    7.648169
    0.176471    0.566621    0.121342    0.265100    0.000000       -1.486770        1.000000    3.933000    0.916072    0.690296    7.648169
    0.186275    0.558352    0.098923    0.324982    0.000000       -1.457245        1.000000    4.196054    0.990111    0.690296    7.648169
    0.196078    0.551882    0.073666    0.342458    0.000000       -1.464610        1.000000    4.456060    1.062387    0.690296    7.648169
    0.205882    0.547316    0.048378    0.327451    0.000000       -1.497508        1.000000    4.713915    1.133367    0.690296    7.648169
    0.215686    0.544579    0.025137    0.289340    0.000000       -1.546361        1.000000    4.970480    1.203493    0.690296    7.648169
    0.225490    0.543461    0.005349    0.236733    0.000000       -1.603301        1.000000    5.226519    1.273169    0.690296    7.648169
    0.235294    0.543670   -0.010193    0.177227    0.000000       -1.662028        1.000000    5.482656    1.342743    0.690296    7.648169
    0.245098    0.544876   -0.021217    0.117188    0.000000       -1.717679        1.000000    5.739361    1.412498    0.690296    7.648169
    0.254902    0.546742   -0.027879    0.061597    0.000000       -1.766707        1.000000    5.996946    1.482641    0.690296    7.648169
    0.264706    0.548959   -0.030655    0.013977    0.000000       -1.806797        1.000000    6.255575    1.553308    0.690296    7.648169
    0.274510    0.551259   -0.030228   -0.023568    0.000000       -1.836770        1.000000    6.515287    1.624561    0.690296    7.648169
    0.284314    0.553431   -0.027393   -0.050234    0.000000       -1.856466        1.000000    6.776023    1.696403    0.690296    7.648169
    0.294118    0.555326   -0.022960   -0.066312    0.000000       -1.866581        1.000000    7.037652    1.768784    0.690296    7.648169
    0.303922    0.556853   -0.017685   -0.072935    0.000000       -1.868460        1.000000    7.300000    1.841622    0.690296    7.648169
    0.313725    0.557974   -0.012217   -0.071794    0.000000       -1.863859        1.000000    7.562876    1.914814    0.690296    7.648169
    0.323529    0.558693   -0.007064   -0.064858    0.000000       -1.854705        1.000000    7.826091    1.988253    0.690296    7.648169
    0.333333    0.559050   -0.002585   -0.054134    0.000000       -1.842877        1.000000    8.089474    2.061834    0.690296    7.648169
    0.343137    0.559103    0.001006   -0.041468    0.000000       -1.830046        1.000000    8.352882    2.135469    0.690296    7.648169
    0.352941    0.558923    0.003625   -0.028422    0.000000       -1.817565        1.000000    8.616205    2.209086    0.690296    7.648169
    0.362745    0.558583    0.005289   -0.016200    0.000000       -1.806418        1.000000    8.879368    2.282632    0.690296    7.648169
    0.372549    0.558152    0.006096   -0.005635    0.000000       -1.797229        1.000000    9.142328    2.356074    0.690296    7.648169
    0.382353    0.557687    0.006188    0.002793    0.000000       -1.790293        1.000000    9.405069    2.429398    0.690296    7.648169
    0.392157    0.557237    0.005735    0.008902    0.000000       -1.785636        1.000000    9.667598    2.502600    0.690296    7.648169
    0.401961    0.556836    0.004910    0.012754    0.000000       -1.783084        1.000000    9.929938    2.575691    0.690296    7.648169
    0.411765    0.556506    0.003873    0.014582    0.000000       -1.782329        1.000000   10.192123    2.648685    0.690296    7.648169
    0.421569    0.556257    0.002765    0.014733    0.000000       -1.782989        1.000000   10.454190    2.721604    0.690296    7.648169
    0.431373    0.556091    0.001695    0.013608    0.000000       -1.784658        1.000000   10.716179    2.794469    0.690296    7.648169
    0.441176    0.556000    0.000746    0.011613    0.000000       -1.786947        1.000000   10.978125    2.867300    0.690296    7.648169
    0.450980    0.555975   -0.000034    0.009131    0.000000       -1.789513        1.000000   11.240059    2.940117    0.690296    7.648169
    0.460784    0.556000   -0.000620    0.006488    0.000000       -1.792072        1.000000   11.502006    3.012933    0.690296    7.648169
    0.470588    0.556063   -0.001009    0.003946    0.000000       -1.794412        1.000000   11.763981    3.085762    0.690296    7.648169
    0.480392    0.556147   -0.001219    0.001693    0.000000       -1.796391        1.000000   12.025997    3.158610    0.690296    7.648169
    0.490196    0.556241   -0.001274   -0.000151    0.000000       -1.797930        1.000000   12.288057    3.231482    0.690296    7.648169
    0.500000    0.556335   -0.001208   -0.001533    0.000000       -1.799009        1.000000   12.550161    3.304378    0.690296    7.648169
    0.509804    0.556420   -0.001055   -0.002449    0.000000       -1.799650        1.000000   12.812305    3.377299    0.690296    7.648169
    0.519608    0.556492   -0.000851   -0.002937    0.000000       -1.799907        1.000000   13.074483    3.450240    0.690296    7.648169
    0.529412    0.556547   -0.000624   -0.003062    0.000000       -1.799854        1.000000   13.336687    3.523197    0.690296    7.648169
    0.539216    0.556586   -0.000399   -0.002904    0.000000       -1.799572        1.000000   13.598909    3.596167    0.690296    7.648169
    0.549020    0.556608   -0.000194   -0.002546    0.000000       -1.799143        1.000000   13.861141    3.669145    0.690296    7.648169
    0.558824    0.556616   -0.000020   -0.002071    0.000000       -1.798643        1.000000   14.123377    3.742126    0.690296    7.648169
    0.568627    0.556612    0.000116   -0.001550    0.000000       -1.798134        1.000000   14.385612    3.815109    0.690296    7.648169
    0.578431    0.556599    0.000213   -0.001042    0.000000       -1.797667        1.000000   14.647840    3.888088    0.690296    7.648169
    0.588235    0.556581    0.000274   -0.000592    0.000000       -1.797276        1.000000   14.910060    3.961064    0.690296    7.648169
    0.598039    0.556559    0.000304   -0.000230    0.000000       -1.796985        1.000000   15.172269    4.034035    0.690296    7.648169
    0.607843    0.556536    0.000311    0.000026    0.000000       -1.796804        1.000000   15.434468    4.106999    0.690296    7.648169
    0.617647    0.556513    0.000303    0.000168    0.000000       -1.796736        1.000000   15.696655    4.179957    0.690296    7.648169
    0.627451    0.556491    0.000288    0.000197    0.000000       -1.796778        1.000000   15.958833    4.252910    0.690296    7.648169
    0.637255    0.556469    0.000276    0.000118    0.000000       -1.796926        1.000000   16.221000    4.325857    0.690296    7.648169
    0.647059    0.556449    0.000273   -0.000065    0.000000       -1.797175        1.000000   16.483158    4.398798    0.690296    7.648169
    0.656863    0.556428    0.000288   -0.000347    0.000000       -1.797525        1.000000   16.745305    4.471734    0.690296    7.648169
    0.666667    0.556405    0.000328   -0.000729    0.000000       -1.797980        1.000000   17.007442    4.544664    0.690296    7.648169
    0.676471    0.556378    0.000400   -0.001218    0.000000       -1.798556        1.000000   17.269566    4.617588    0.690296    7.648169
    0.686275    0.556344    0.000513   -0.001831    0.000000       -1.799280        1.000000   17.531675    4.690504    0.690296    7.648169
    0.696078    0.556300    0.000679   -0.002601    0.000000       -1.800192        1.000000   17.793762    4.763409    0.690296    7.648169
    0.705882    0.556241    0.000909   -0.003572    0.000000       -1.801354        1.000000   18.055822    4.836301    0.690296    7.648169
    0.715686    0.556161    0.001221   -0.004812    0.000000       -1.802850        1.000000   18.317844    4.909176    0.690296    7.648169
    0.725490    0.556055    0.001639   -0.006412    0.000000       -1.804793        1.000000   18.579816    4.982026    0.690296    7.648169
    0.735294    0.555912    0.002195   -0.008495    0.000000       -1.807336        1.000000   18.841721    5.054843    0.690296    7.648169
    0.745098    0.555721    0.002929   -0.011226    0.000000       -1.810681        1.000000   19.103535    5.127617    0.690296    7.648169
    0.754902    0.555467    0.003900   -0.014821    0.000000       -1.815094        1.000000   19.365231    5.200333    0.690296    7.648169
    0.764706    0.555129    0.005180   -0.019564    0.000000       -1.820923        1.000000   19.626766    5.272972    0.690296    7.648169
    0.774510    0.554680    0.006871   -0.025827    0.000000       -1.828626        1.000000   19.888090    5.345507    0.690296    7.648169
    0.784314    0.554085    0.009104   -0.034097    0.000000       -1.838800        1.000000   20.149134    5.417907    0.690296    7.648169
    0.794118    0.553297    0.012050   -0.045007    0.000000       -1.852223        1.000000   20.409807    5.490125    0.690296    7.648169
    0.803922    0.552254    0.015939   -0.059374    0.000000       -1.869903        1.000000   20.669988    5.562103    0.690296    7.648169
    0.813725    0.550876    0.021067   -0.078252    0.000000       -1.893140        1.000000   20.929520    5.633763    0.690296    7.648169
    0.823529    0.549055    0.027820   -0.102984    0.000000       -1.923591        1.000000   21.188195    5.705002    0.690296    7.648169
    0.833333    0.546651    0.036699   -0.135259    0.000000       -1.963346        1.000000   21.445736    5.775682    0.690296    7.648169
    0.843137    0.543484    0.048344   -0.177164    0.000000       -2.014996        1.000000   21.701786    5.845624    0.690296    7.648169
    0.852941    0.539315    0.063571   -0.231218    0.000000       -2.081675        1.000000   21.955871    5.914588    0.690296    7.648169
    0.862745    0.533843    0.083395   -0.300349    0.000000       -2.167050        1.000000   22.207378    5.982260    0.690296    7.648169
    0.872549    0.526679    0.109070   -0.387792    0.000000       -2.275199        1.000000   22.455511    6.048231    0.690296    7.648169
    0.882353    0.517339    0.142090   -0.496833    0.000000       -2.410322        1.000000   22.699243    6.111970    0.690296    7.648169
    0.892157    0.505223    0.184190   -0.630356    0.000000       -2.576200        1.000000   22.937266    6.172801    0.690296    7.648169
    0.901961    0.489613    0.237279   -0.790143    0.000000       -2.775345        1.000000   23.167936    6.229883    0.690296    7.648169
    0.911765    0.469679    0.303336   -0.975960    0.000000       -3.007871        1.000000   23.389214    6.282217    0.690296    7.648169
    0.921569    0.444505    0.384212   -1.184594    0.000000       -3.270270        1.000000   23.598632    6.328684    0.690296    7.648169
    0.931373    0.413165    0.481384   -1.409173    0.000000       -3.554454        1.000000   23.793285    6.368160    0.690296    7.648169
    0.941176    0.374822    0.595675   -1.639190    0.000000       -3.847622        1.000000   23.969873    6.399718    0.690296    7.648169
    0.950980    0.328885    0.727013   -1.861535    0.000000       -4.133340        1.000000   24.124820    6.422910    0.690296    7.648169
    0.960784    0.275176    0.874301   -2.062434    0.000000       -4.393785        1.000000   24.254463    6.438047    0.690296    7.648169
    0.970588    0.214084    1.035459   -2.229649    0.000000       -4.612500        1.000000   24.355323    6.446353    0.690296    7.648169
    0.980392    0.146652    1.207597   -2.354103    0.000000       -4.776621        1.000000   24.424415    6.449812    0.690296    7.648169
    0.990196    0.074561    1.387283   -2.430359    0.000000       -4.877831        1.000000   24.459542    6.450677    0.690296    7.648169
    1.000000    0.000000    1.570796   -2.455978    0.000000       -4.911957        1.000000   24.459542    6.450737    0.690296    7.648169
