           t           r         psi          cs          qs               p             sig           A           V          Q2           S
    0.000000   -0.000000   -1.570796   -1.097683    0.000000       -2.195366        1.000000    0.000000    0.000000    0.472351    5.177400
    0.009804    0.050733   -1.515052   -1.099300    0.000000       -2.197521        1.000000    0.000000    0.000006    0.472351    5.177400
    0.019608    0.101307   -1.459142   -1.104208    0.000000       -2.204052        1.000000    0.032310    0.000091    0.472351    5.177400
    0.029412    0.151565   -1.402897   -1.112582    0.000000       -2.215161        1.000000    0.080648    0.000461    0.472351    5.177400
    0.039216    0.201343   -1.346132   -1.124700    0.000000       -2.231167        1.000000    0.144861    0.001448    0.472351    5.177400
    0.049020    0.250475   -1.288650   -1.140944    0.000000       -2.252505        1.000000    0.224744    0.003513    0.472351    5.177400
    0.058824    0.298787   -1.230229   -1.161789    0.000000       -2.279716        1.000000    0.320036    0.007228    0.472351    5.177400
    0.068627    0.346099   -1.170621   -1.187791    0.000000       -2.313422        1.000000    0.430416    0.013263    0.472351    5.177400
    0.078431    0.392218   -1.109549   -1.219559    0.000000       -2.354298        1.000000    0.555505    0.022374    0.472351    5.177400
    0.088235    0.436937   -1.046706   -1.257700    0.000000       -2.403004        1.000000    0.694856    0.035379    0.472351    5.177400
    0.098039    0.480032   -0.981754   -1.302720    0.000000       -2.460070        1.000000    0.847951    0.053132    0.472351    5.177400
    0.107843    0.521261   -0.914336   -1.354846    0.000000       -2.525691        1.000000    1.014196    0.076492    0.472351    5.177400
    0.117647    0.560358   -0.844098   -1.413734    0.000000       -2.599415        1.000000    1.192909    0.106285    0.472351    5.177400
    0.127451    0.597032   -0.770725   -1.478029    0.000000       -2.679649        1.000000    1.383319    0.143257    0.472351    5.177400
    0.137255    0.630974   -0.694010   -1.544749    0.000000       -2.763005        1.000000    1.584553    0.188013    0.472351    5.177400
    0.147059    0.661855   -0.613953   -1.608550    0.000000       -2.843528        1.000000    1.795637    0.240951    0.472351    5.177400
    0.156863    0.689352   -0.530902   -1.661115    0.000000       -2.912074        1.000000    2.015490    0.302192    0.472351    5.177400
    0.166667    0.713163   -0.445701   -1.691133    0.000000       -2.956354        1.000000    2.242937    0.371507    0.472351    5.177400
    0.176471    0.733051   -0.359825   -1.685574    0.000000       -2.962373        1.000000    2.476727    0.448281    0.472351    5.177400
    0.186275    0.748887   -0.275389   -1.632711    0.000000       -2.917710        1.000000    2.715567    0.531523    0.472351    5.177400
    0.196078    0.760690   -0.194987   -1.526323    0.000000       -2.816008        1.000000    2.958172    0.619938    0.472351    5.177400
    0.205882    0.768649   -0.121306   -1.369126    0.000000       -2.660550        1.000000    3.203315    0.712082    0.472351    5.177400
    0.215686    0.773117   -0.056657   -1.173101    0.000000       -2.464492        1.000000    3.449883    0.806528    0.472351    5.177400
    0.225490    0.774573   -0.002570   -0.956128    0.000000       -2.247159        1.000000    3.696915    0.902026    0.472351    5.177400
    0.235294    0.773566    0.040370   -0.736810    0.000000       -2.028471        1.000000    3.943626    0.997592    0.472351    5.177400
    0.245098    0.770660    0.072448   -0.530251    0.000000       -1.824435        1.000000    4.189411    1.092532    0.472351    5.177400
    0.254902    0.766387    0.094584   -0.346215    0.000000       -1.645207        1.000000    4.433832    1.186402    0.472351    5.177400
    0.264706    0.761219    0.108058   -0.189392    0.000000       -1.495412        1.000000    4.676605    1.278963    0.472351    5.177400
    0.274510    0.755560    0.114288   -0.060704    0.000000       -1.375590        1.000000    4.917574    1.370114    0.472351    5.177400
    0.284314    0.749740    0.114673    0.041257    0.000000       -1.283777        1.000000    5.156687    1.459852    0.472351    5.177400
    0.294118    0.744021    0.110508    0.119082    0.000000       -1.216768        1.000000    5.393975    1.548235    0.472351    5.177400
    0.303922    0.738602    0.102941    0.175796    0.000000       -1.170946        1.000000    5.629535    1.635359    0.472351    5.177400
    0.313725    0.733630    0.092967    0.214437    0.000000       -1.142762        1.000000    5.863510    1.721342    0.472351    5.177400
    0.323529    0.729204    0.081430    0.237851    0.000000       -1.128963        1.000000    6.096073    1.806313    0.472351    5.177400
    0.333333    0.725387    0.069035    0.248609    0.000000       -1.126682        1.000000    6.327418    1.890412    0.472351    5.177400
    0.343137    0.722206    0.056367    0.249006    0.000000       -1.133441        1.000000    6.557749    1.973775    0.472351    5.177400
    0.352941    0.719664    0.043897    0.241071    0.000000       -1.147127        1.000000    6.787270    2.056539    0.472351    5.177400
    0.362745    0.717742    0.032004    0.226607    0.000000       -1.165939        1.000000    7.016177    2.138836    0.472351    5.177400
    0.372549    0.716401    0.020976    0.207210    0.000000       -1.188349        1.000000    7.244657    2.220791    0.472351    5.177400
    0.382353    0.715594    0.011028    0.184297    0.000000       -1.213058        1.000000    7.472879    2.302521    0.472351    5.177400
    0.392157    0.715261    0.002305    0.159125    0.000000       -1.238962        1.000000    7.700995    2.384129    0.472351    5.177400
    0.401961    0.715338   -0.005107    0.132800    0.000000       -1.265123        1.000000    7.929136    2.465712    0.472351    5.177400
    0.411765    0.715757   -0.011173    0.106285    0.000000       -1.290751        1.000000    8.157410    2.547350    0.472351    5.177400
    0.421569    0.716450   -0.015907    0.080404    0.000000       -1.315191        1.000000    8.385905    2.629111    0.472351    5.177400
    0.431373    0.717350   -0.019358    0.055849    0.000000       -1.337910        1.000000    8.614688    2.711050    0.472351    5.177400
    0.441176    0.718394   -0.021609    0.033175    0.000000       -1.358493        1.000000    8.843803    2.793209    0.472351    5.177400
    0.450980    0.719525   -0.022765    0.012807    0.000000       -1.376639        1.000000    9.073279    2.875614    0.472351    5.177400
    0.460784    0.720689   -0.022953   -0.004961    0.000000       -1.392157        1.000000    9.303126    2.958283    0.472351    5.177400
    0.470588    0.721841   -0.022309   -0.019956    0.000000       -1.404959        1.000000    9.533341    3.041219    0.472351    5.177400
    0.480392    0.722942   -0.020975   -0.032124    0.000000       -1.415057        1.000000    9.763907    3.124416    0.472351    5.177400
    0.490196    0.723961   -0.019095   -0.041514    0.000000       -1.422553        1.000000    9.994797    3.207862    0.472351    5.177400
    0.500000    0.724873   -0.016805   -0.048272    0.000000       -1.427629        1.000000   10.225979    3.291534    0.472351    5.177400
    0.509804    0.725662   -0.014235   -0.052620    0.000000       -1.430533        1.000000   10.457412    3.375406    0.472351    5.177400
    0.519608    0.726315   -0.011499   -0.054845    0.000000       -1.431567        1.000000   10.689054    3.459448    0.472351    5.177400
    0.529412    0.726828   -0.008698   -0.055278    0.000000       -1.431067        1.000000   10.920859    3.543629    0.472351    5.177400
    0.539216    0.727199   -0.005912   -0.054279    0.000000       -1.429395        1.000000   11.152782    3.627913    0.472351    5.177400
    0.549020    0.727430   -0.003205   -0.052223    0.000000       -1.426920        1.000000   11.384779    3.712269    0.472351    5.177400
    0.558824    0.727526   -0.000622   -0.049484    0.000000       -1.424005        1.000000   11.616807    3.796663    0.472351    5.177400
    0.568627    0.727495    0.001813   -0.046426    0.000000       -1.421003        1.000000   11.848825    3.881065    0.472351    5.177400
    0.578431    0.727345    0.004092   -0.043395    0.000000       -1.418248        1.000000   12.080795    3.965446    0.472351    5.177400
    0.588235    0.727082    0.006224   -0.040715    0.000000       -1.416048        1.000000   12.312681    4.049777    0.472351    5.177400
    0.598039    0.726715    0.008236   -0.038682    0.000000       -1.414691        1.000000   12.544450    4.134035    0.472351    5.177400
    0.607843    0.726248    0.010167   -0.037571    0.000000       -1.414441        1.000000   12.776070    4.218194    0.472351    5.177400
    0.617647    0.725683    0.012070   -0.037633    0.000000       -1.415544        1.000000   13.007511    4.302232    0.472351    5.177400
    0.627451    0.725022    0.014011   -0.039103    0.000000       -1.418237        1.000000   13.238740    4.386126    0.472351    5.177400
    0.637255    0.724259    0.016067   -0.042207    0.000000       -1.422750        1.000000   13.469725    4.469854    0.472351    5.177400
    0.647059    0.723387    0.018327   -0.047165    0.000000       -1.429318        1.000000   13.700433    4.553390    0.472351    5.177400
    0.656863    0.722393    0.020891   -0.054204    0.000000       -1.438189        1.000000   13.930824    4.636707    0.472351    5.177400
    0.666667    0.721260    0.023869   -0.063561    0.000000       -1.449630        1.000000   14.160853    4.719775    0.472351    5.177400
    0.676471    0.719961    0.027387   -0.075497    0.000000       -1.463940        1.000000   14.390468    4.802558    0.472351    5.177400
    0.686275    0.718468    0.031582   -0.090296    0.000000       -1.481452        1.000000   14.619607    4.885012    0.472351    5.177400
    0.696078    0.716742    0.036607   -0.108276    0.000000       -1.502544        1.000000   14.848196    4.967086    0.472351    5.177400
    0.705882    0.714736    0.042633   -0.129789    0.000000       -1.527636        1.000000   15.076145    5.048718    0.472351    5.177400
    0.715686    0.712395    0.049849   -0.155218    0.000000       -1.557190        1.000000   15.303347    5.129833    0.472351    5.177400
    0.725490    0.709654    0.058464   -0.184979    0.000000       -1.591709        1.000000   15.529674    5.210342    0.472351    5.177400
    0.735294    0.706436    0.068709   -0.219499    0.000000       -1.631715        1.000000   15.754976    5.290134    0.472351    5.177400
    0.745098    0.702653    0.080835   -0.259206    0.000000       -1.677737        1.000000   15.979071    5.369080    0.472351    5.177400
    0.754902    0.698202    0.095117   -0.304497    0.000000       -1.730272        1.000000   16.201747    5.447024    0.472351    5.177400
    0.764706    0.692970    0.111847   -0.355706    0.000000       -1.789753        1.000000   16.422754    5.523783    0.472351    5.177400
    0.774510    0.686826    0.131331   -0.413057    0.000000       -1.856492        1.000000   16.641801    5.599141    0.472351    5.177400
    0.784314    0.679626    0.153885   -0.476620    0.000000       -1.930631        1.000000   16.858552    5.672845    0.472351    5.177400
    0.794118    0.671211    0.179820   -0.546257    0.000000       -2.012080        1.000000   17.072619    5.744607    0.472351    5.177400
    0.803922    0.661410    0.209436   -0.621581    0.000000       -2.100464        1.000000   17.283561    5.814096    0.472351    5.177400
    0.813725    0.650042    0.243006   -0.701923    0.000000       -2.195086        1.000000   17.490877    5.880949    0.472351    5.177400
    0.823529    0.636919    0.280762   -0.786330    0.000000       -2.294911        1.000000   17.694008    5.944763    0.472351    5.177400
    0.833333    0.621850    0.322881   -0.873577    0.000000       -2.398585        1.000000   17.892332    6.005116    0.472351    5.177400
    0.843137    0.604646    0.369470   -0.962229    0.000000       -2.504484        1.000000   18.085171    6.061574    0.472351    5.177400
    0.852941    0.585133    0.420561   -1.050717    0.000000       -2.610806        1.000000   18.271785    6.113709    0.472351    5.177400
    0.862745    0.563150    0.476106   -1.137439    0.000000       -2.715679        1.000000   18.451389    6.161130    0.472351    5.177400
    0.872549    0.538566    0.535976   -1.220874    0.000000       -2.817281        1.000000   18.623153    6.203508    0.472351    5.177400
    0.882353    0.511281    0.599968   -1.299672    0.000000       -2.913960        1.000000   18.786214    6.240603    0.472351    5.177400
    0.892157    0.481235    0.667818   -1.372736    0.000000       -3.004318        1.000000   18.939693    6.272302    0.472351    5.177400
    0.901961    0.448417    0.739214   -1.439259    0.000000       -3.087275        1.000000   19.082705    6.298632    0.472351    5.177400
    0.911765    0.412863    0.813809   -1.498735    0.000000       -3.162083        1.000000   19.214378    6.319784    0.472351    5.177400
    0.921569    0.374661    0.891239   -1.550937    0.000000       -3.228316        1.000000   19.333868    6.336108    0.472351    5.177400
    0.931373    0.333953    0.971133   -1.595876    0.000000       -3.285828        1.000000   19.440374    6.348108    0.472351    5.177400
    0.941176    0.290927    1.053129   -1.633740    0.000000       -3.334697        1.000000   19.533159    6.356407    0.472351    5.177400
    0.950980    0.245823    1.136872   -1.664842    0.000000       -3.375157        1.000000   19.611559    6.361710    0.472351    5.177400
    0.960784    0.198918    1.222031   -1.689555    0.000000       -3.407540        1.000000   19.674999    6.364754    0.472351    5.177400
    0.970588    0.150527    1.308291   -1.708266    0.000000       -3.432215        1.000000   19.723006    6.366249    0.472351    5.177400
    0.980392    0.100997    1.395355   -1.721334    0.000000       -3.449534        1.000000   19.755217    6.366818    0.472351    5.177400
    0.990196    0.050694    1.482946   -1.729046    0.000000       -3.459792        1.000000   19.771384    6.366952    0.472351    5.177400
    1.000000    0.000000    1.570796   -1.731594    0.000000       -3.463188        1.000000   19.771384    6.366961    0.472351    5.177400
