           t           r         psi          cs          qs               p             sig           A           V          Q2           S
    0.000000    0.000000   -1.570796   -1.174603    0.000000       -2.349206        1.000000    0.000000   -0.000000    0.574336    6.711647
    0.009804    0.065735   -1.493397   -1.179626    0.000000       -2.355899        1.000000    0.000000    0.000017    0.574336    6.711647
    0.019608    0.131074   -1.415331   -1.194946    0.000000       -2.376264        1.000000    0.054191    0.000276    0.574336    6.711647
    0.029412    0.195610   -1.335900   -1.221275    0.000000       -2.411105        1.000000    0.135063    0.001387    0.574336    6.711647
    0.039216    0.258912   -1.254345   -1.259670    0.000000       -2.461606        1.000000    0.242107    0.004351    0.574336    6.711647
    0.049020    0.320513   -1.169835   -1.311346    0.000000       -2.529095        1.000000    0.374618    0.010515    0.574336    6.711647
    0.058824    0.379891   -1.081457   -1.377333    0.000000       -2.614642        1.000000    0.531679    0.021515    0.574336    6.711647
    0.068627    0.436460   -0.988257   -1.457825    0.000000       -2.718298        1.000000    0.712128    0.039198    0.574336    6.711647
    0.078431    0.489549   -0.889324   -1.551033    0.000000       -2.837803        1.000000    0.914526    0.065481    0.574336    6.711647
    0.088235    0.538402   -0.783979   -1.651365    0.000000       -2.966572        1.000000    1.137120    0.102177    0.574336    6.711647
    0.098039    0.582189   -0.672098   -1.747062    0.000000       -3.091157        1.000000    1.377818    0.150739    0.574336    6.711647
    0.107843    0.620063   -0.554594   -1.818309    0.000000       -3.189321        1.000000    1.634175    0.211950    0.574336    6.711647
    0.117647    0.651265   -0.433932   -1.838264    0.000000       -3.231428        1.000000    1.903432    0.285621    0.574336    6.711647
    0.127451    0.675281   -0.314400   -1.780066    0.000000       -3.188341        1.000000    2.182618    0.370420    0.574336    6.711647
    0.137255    0.692012   -0.201718   -1.629481    0.000000       -3.045241        1.000000    2.468721    0.463986    0.574336    6.711647
    0.147059    0.701872   -0.101806   -1.395503    0.000000       -2.812886        1.000000    2.758901    0.563378    0.574336    6.711647
    0.156863    0.705747   -0.019228   -1.108952    0.000000       -2.525627        1.000000    3.050683    0.665701    0.574336    6.711647
    0.166667    0.704829    0.043845   -0.808991    0.000000       -2.226411        1.000000    3.342085    0.768603    0.574336    6.711647
    0.176471    0.700405    0.087673   -0.528490    0.000000       -1.950752        1.000000    3.631658    0.870485    0.574336    6.711647
    0.186275    0.693686    0.114264   -0.287222    0.000000       -1.719397        1.000000    3.918453    0.970438    0.574336    6.711647
    0.196078    0.685714    0.126506   -0.092835    0.000000       -1.539515        1.000000    4.201952    1.068066    0.574336    6.711647
    0.205882    0.677326    0.127505    0.054997    0.000000       -1.409411        1.000000    4.481983    1.163300    0.574336    6.711647
    0.215686    0.669160    0.120195    0.160652    0.000000       -1.322977        1.000000    4.758638    1.256262    0.574336    6.711647
    0.225490    0.661671    0.107159    0.230024    0.000000       -1.272631        1.000000    5.032198    1.347178    0.574336    6.711647
    0.235294    0.655162    0.090585    0.269204    0.000000       -1.250877        1.000000    5.303066    1.436328    0.574336    6.711647
    0.245098    0.649805    0.072268    0.283932    0.000000       -1.250974        1.000000    5.571719    1.524015    0.574336    6.711647
    0.254902    0.645667    0.053641    0.279427    0.000000       -1.267132        1.000000    5.838661    1.610546    0.574336    6.711647
    0.264706    0.642732    0.035813    0.260374    0.000000       -1.294487        1.000000    6.104390    1.696221    0.574336    6.711647
    0.274510    0.640920    0.019602    0.230957    0.000000       -1.329001        1.000000    6.369369    1.781319    0.574336    6.711647
    0.284314    0.640105    0.005565    0.194877    0.000000       -1.367344        1.000000    6.634012    1.866099    0.574336    6.711647
    0.294118    0.640132   -0.005969    0.155361    0.000000       -1.406789        1.000000    6.898666    1.950785    0.574336    6.711647
    0.303922    0.640832   -0.014866    0.115161    0.000000       -1.445137        1.000000    7.163609    2.035567    0.574336    6.711647
    0.313725    0.642031   -0.021159    0.076543    0.000000       -1.480665        1.000000    7.429048    2.120594    0.574336    6.711647
    0.323529    0.643563   -0.025013    0.041279    0.000000       -1.512085        1.000000    7.695121    2.205979    0.574336    6.711647
    0.333333    0.645275   -0.026693    0.010654    0.000000       -1.538521        1.000000    7.961901    2.291793    0.574336    6.711647
    0.343137    0.647035   -0.026535   -0.014519    0.000000       -1.559486        1.000000    8.229409    2.378070    0.574336    6.711647
    0.352941    0.648734   -0.024911   -0.033869    0.000000       -1.574854        1.000000    8.497619    2.464815    0.574336    6.711647
    0.362745    0.650289   -0.022205   -0.047419    0.000000       -1.584818        1.000000    8.766473    2.552002    0.574336    6.711647
    0.372549    0.651641   -0.018790   -0.055520    0.000000       -1.589837        1.000000    9.035885    2.639586    0.574336    6.711647
    0.382353    0.652754   -0.015005   -0.058778    0.000000       -1.590577        1.000000    9.305757    2.727509    0.574336    6.711647
    0.392157    0.653614   -0.011144   -0.057972    0.000000       -1.587833        1.000000    9.575985    2.815703    0.574336    6.711647
    0.401961    0.654224   -0.007446   -0.053973    0.000000       -1.582460        1.000000    9.846465    2.904100    0.574336    6.711647
    0.411765    0.654601   -0.004091   -0.047673    0.000000       -1.575308        1.000000   10.117101    2.992631    0.574336    6.711647
    0.421569    0.654773   -0.001204   -0.039920    0.000000       -1.567167        1.000000   10.387808    3.081238    0.574336    6.711647
    0.431373    0.654771    0.001147   -0.031477    0.000000       -1.558726        1.000000   10.658514    3.169867    0.574336    6.711647
    0.441176    0.654634    0.002938   -0.022985    0.000000       -1.550550        1.000000   10.929164    3.258476    0.574336    6.711647
    0.450980    0.654397    0.004182   -0.014955    0.000000       -1.543067        1.000000   11.199715    3.347034    0.574336    6.711647
    0.460784    0.654095    0.004924   -0.007760    0.000000       -1.536572        1.000000   11.470142    3.435517    0.574336    6.711647
    0.470588    0.653758    0.005227   -0.001643    0.000000       -1.531239        1.000000   11.740429    3.523913    0.574336    6.711647
    0.480392    0.653415    0.005167    0.003267    0.000000       -1.527134        1.000000   12.010575    3.612217    0.574336    6.711647
    0.490196    0.653085    0.004824    0.006939    0.000000       -1.524238        1.000000   12.280584    3.700429    0.574336    6.711647
    0.500000    0.652784    0.004280    0.009419    0.000000       -1.522467        1.000000   12.550469    3.788556    0.574336    6.711647
    0.509804    0.652524    0.003609    0.010811    0.000000       -1.521689        1.000000   12.820246    3.876608    0.574336    6.711647
    0.519608    0.652311    0.002878    0.011259    0.000000       -1.521746        1.000000   13.089935    3.964595    0.574336    6.711647
    0.529412    0.652145    0.002144    0.010928    0.000000       -1.522468        1.000000   13.359556    4.052532    0.574336    6.711647
    0.539216    0.652027    0.001453    0.009991    0.000000       -1.523685        1.000000   13.629128    4.140431    0.574336    6.711647
    0.549020    0.651953    0.000839    0.008616    0.000000       -1.525237        1.000000   13.898669    4.228304    0.574336    6.711647
    0.558824    0.651915    0.000325    0.006959    0.000000       -1.526984        1.000000   14.168194    4.316162    0.574336    6.711647
    0.568627    0.651907   -0.000074    0.005153    0.000000       -1.528807        1.000000   14.437716    4.404014    0.574336    6.711647
    0.578431    0.651922   -0.000352    0.003310    0.000000       -1.530616        1.000000   14.707245    4.491868    0.574336    6.711647
    0.588235    0.651951   -0.000510    0.001511    0.000000       -1.532347        1.000000   14.976785    4.579727    0.574336    6.711647
    0.598039    0.651987   -0.000553   -0.000189    0.000000       -1.533962        1.000000   15.246340    4.667595    0.574336    6.711647
    0.607843    0.652021   -0.000488   -0.001761    0.000000       -1.535453        1.000000   15.515909    4.755473    0.574336    6.711647
    0.617647    0.652049   -0.000324   -0.003205    0.000000       -1.536833        1.000000   15.785490    4.843360    0.574336    6.711647
    0.627451    0.652062   -0.000069   -0.004544    0.000000       -1.538141        1.000000   16.055076    4.931252    0.574336    6.711647
    0.637255    0.652056    0.000273   -0.005823    0.000000       -1.539434        1.000000   16.324660    5.019145    0.574336    6.711647
    0.647059    0.652024    0.000698   -0.007107    0.000000       -1.540792        1.000000   16.594231    5.107033    0.574336    6.711647
    0.656863    0.651962    0.001210   -0.008481    0.000000       -1.542311        1.000000   16.863776    5.194909    0.574336    6.711647
    0.666667    0.651863    0.001818   -0.010048    0.000000       -1.544110        1.000000   17.133280    5.282763    0.574336    6.711647
    0.676471    0.651720    0.002539   -0.011933    0.000000       -1.546328        1.000000   17.402725    5.370584    0.574336    6.711647
    0.686275    0.651526    0.003398   -0.014280    0.000000       -1.549130        1.000000   17.672089    5.458360    0.574336    6.711647
    0.696078    0.651269    0.004432   -0.017261    0.000000       -1.552709        1.000000   17.941348    5.546076    0.574336    6.711647
    0.705882    0.650938    0.005688   -0.021078    0.000000       -1.557298        1.000000   18.210469    5.633712    0.574336    6.711647
    0.715686    0.650514    0.007230   -0.025972    0.000000       -1.563177        1.000000   18.479416    5.721246    0.574336    6.711647
    0.725490    0.649978    0.009136   -0.032235    0.000000       -1.570684        1.000000   18.748140    5.808650    0.574336    6.711647
    0.735294    0.649302    0.011509   -0.040216    0.000000       -1.580229        1.000000   19.016585    5.895891    0.574336    6.711647
    0.745098    0.648451    0.014476   -0.050339    0.000000       -1.592315        1.000000   19.284679    5.982925    0.574336    6.711647
    0.754902    0.647381    0.018192   -0.063120    0.000000       -1.607551        1.000000   19.552329    6.069698    0.574336    6.711647
    0.764706    0.646036    0.022854   -0.079180    0.000000       -1.626677        1.000000   19.819424    6.156143    0.574336    6.711647
    0.774510    0.644347    0.028701   -0.099264    0.000000       -1.650583        1.000000   20.085821    6.242174    0.574336    6.711647
    0.784314    0.642227    0.036025   -0.124253    0.000000       -1.680324        1.000000   20.351341    6.327684    0.574336    6.711647
    0.794118    0.639567    0.045182   -0.155175    0.000000       -1.717136        1.000000   20.615761    6.412537    0.574336    6.711647
    0.803922    0.636234    0.056602   -0.193196    0.000000       -1.762428        1.000000   20.878804    6.496562    0.574336    6.711647
    0.813725    0.632062    0.070791   -0.239603    0.000000       -1.817763        1.000000   21.140121    6.579545    0.574336    6.711647
    0.823529    0.626852    0.088347   -0.295745    0.000000       -1.884796        1.000000   21.399285    6.661218    0.574336    6.711647
    0.833333    0.620363    0.109954   -0.362946    0.000000       -1.965171        1.000000   21.655766    6.741246    0.574336    6.711647
    0.843137    0.612308    0.136379   -0.442364    0.000000       -2.060366        1.000000   21.908916    6.819217    0.574336    6.711647
    0.852941    0.602351    0.168456   -0.534800    0.000000       -2.171463        1.000000   22.157950    6.894629    0.574336    6.711647
    0.862745    0.590107    0.207050   -0.640465    0.000000       -2.298879        1.000000   22.401921    6.966882    0.574336    6.711647
    0.872549    0.575147    0.253019   -0.758741    0.000000       -2.442070        1.000000   22.639708    7.035273    0.574336    6.711647
    0.882353    0.557004    0.307143   -0.887979    0.000000       -2.599278        1.000000   22.869994    7.099013    0.574336    6.711647
    0.892157    0.535198    0.370058   -1.025407    0.000000       -2.767391        1.000000   23.091264    7.157253    0.574336    6.711647
    0.901961    0.509256    0.442184   -1.167223    0.000000       -2.942006        1.000000   23.301810    7.209146    0.574336    6.711647
    0.911765    0.478754    0.523662   -1.308882    0.000000       -3.117730        1.000000   23.499744    7.253936    0.574336    6.711647
    0.921569    0.443356    0.614325   -1.445566    0.000000       -3.288698        1.000000   23.683044    7.291073    0.574336    6.711647
    0.931373    0.402857    0.713691   -1.572727    0.000000       -3.449201        1.000000   23.849599    7.320338    0.574336    6.711647
    0.941176    0.357228    0.821004   -1.686566    0.000000       -3.594274        1.000000   23.997291    7.341949    0.574336    6.711647
    0.950980    0.306641    0.935292   -1.784345    0.000000       -3.720106        1.000000   24.124067    7.356609    0.574336    6.711647
    0.960784    0.251486    1.055437   -1.864451    0.000000       -3.824191        1.000000   24.228041    7.365475    0.574336    6.711647
    0.970588    0.192369    1.180253   -1.926267    0.000000       -3.905225        1.000000   24.307573    7.370020    0.574336    6.711647
    0.980392    0.130091    1.308536   -1.969877    0.000000       -3.962827        1.000000   24.361357    7.371811    0.574336    6.711647
    0.990196    0.065610    1.439101   -1.995726    0.000000       -3.997162        1.000000   24.388483    7.372241    0.574336    6.711647
    1.000000    0.000000    1.570796   -2.004277    0.000000       -4.008554        1.000000   24.388483    7.372271    0.574336    6.711647
