           t           r         psi          cs          qs               p             sig           A           V          Q2           S
    0.000000   -0.000000   -1.570796   -2.820255    0.000000       -5.640510        1.000000    0.000000    0.000000    0.944679   42.838323
    0.009804    0.270477    0.007263   -2.555256    0.000000       -6.252329        1.000000    0.000000    0.041231    0.944679   42.838323
    0.019608    0.226884   -0.006503    0.537084    0.000000       -3.870364        1.000000    0.598709    0.120128    0.944679   42.838323
    0.029412    0.237020    0.002035   -0.113915    0.000000       -4.332959        1.000000    1.224166    0.191743    0.944679   42.838323
    0.039216    0.234803   -0.000608    0.024033    0.000000       -4.234857        1.000000    1.843772    0.265014    0.944679   42.838323
    0.049020    0.235293    0.000167   -0.005056    0.000000       -4.255068        1.000000    2.464672    0.337948    0.944679   42.838323
    0.058824    0.235185   -0.000044    0.001060    0.000000       -4.250903        1.000000    3.085288    0.410952    0.944679   42.838323
    0.068627    0.235209    0.000011   -0.000221    0.000000       -4.251756        1.000000    3.705966    0.483942    0.944679   42.838323
    0.078431    0.235204   -0.000003    0.000046    0.000000       -4.251582        1.000000    4.326630    0.556934    0.944679   42.838323
    0.088235    0.235205    0.000001   -0.000010    0.000000       -4.251617        1.000000    4.947298    0.629926    0.944679   42.838323
    0.098039    0.235205   -0.000000    0.000002    0.000000       -4.251610        1.000000    5.567965    0.702918    0.944679   42.838323
    0.107843    0.235205    0.000000   -0.000000    0.000000       -4.251612        1.000000    6.188631    0.775910    0.944679   42.838323
    0.117647    0.235205   -0.000000    0.000000    0.000000       -4.251611        1.000000    6.809298    0.848902    0.944679   42.838323
    0.127451    0.235205    0.000000   -0.000000    0.000000       -4.251611        1.000000    7.429965    0.921894    0.944679   42.838323
    0.137255    0.235205   -0.000000    0.000000    0.000000       -4.251611        1.000000    8.050632    0.994886    0.944679   42.838323
    0.147059    0.235205    0.000000   -0.000000    0.000000       -4.251611        1.000000    8.671299    1.067878    0.944679   42.838323
    0.156863    0.235205   -0.000000    0.000000    0.000000       -4.251611        1.000000    9.291966    1.140870    0.944679   42.838323
    0.166667    0.235205    0.000000   -0.000000    0.000000       -4.251611        1.000000    9.912633    1.213862    0.944679   42.838323
    0.176471    0.235205   -0.000000    0.000000    0.000000       -4.251611        1.000000   10.533300    1.286854    0.944679   42.838323
    0.186275    0.235205    0.000000   -0.000000    0.000000       -4.251611        1.000000   11.153967    1.359845    0.944679   42.838323
    0.196078    0.235205   -0.000000    0.000000    0.000000       -4.251611        1.000000   11.774634    1.432837    0.944679   42.838323
    0.205882    0.235205    0.000000   -0.000000    0.000000       -4.251611        1.000000   12.395300    1.505829    0.944679   42.838323
    0.215686    0.235205   -0.000000    0.000000    0.000000       -4.251611        1.000000   13.015967    1.578821    0.944679   42.838323
    0.225490    0.235205    0.000000    0.000000    0.000000       -4.251611        1.000000   13.636634    1.651813    0.944679   42.838323
    0.235294    0.235205   -0.000000    0.000000    0.000000       -4.251611        1.000000   14.257301    1.724805    0.944679   42.838323
    0.245098    0.235205   -0.000000    0.000000    0.000000       -4.251611        1.000000   14.877968    1.797797    0.944679   42.838323
    0.254902    0.235205   -0.000000    0.000000    0.000000       -4.251611        1.000000   15.498635    1.870789    0.944679   42.838323
    0.264706    0.235205   -0.000000    0.000000    0.000000       -4.251611        1.000000   16.119302    1.943781    0.944679   42.838323
    0.274510    0.235205   -0.000000    0.000000    0.000000       -4.251611        1.000000   16.739969    2.016773    0.944679   42.838323
    0.284314    0.235205   -0.000000    0.000000    0.000000       -4.251611        1.000000   17.360636    2.089765    0.944679   42.838323
    0.294118    0.235205   -0.000000    0.000000    0.000000       -4.251611        1.000000   17.981303    2.162757    0.944679   42.838323
    0.303922    0.235205   -0.000000    0.000000    0.000000       -4.251611        1.000000   18.601970    2.235749    0.944679   42.838323
    0.313725    0.235205   -0.000000    0.000000    0.000000       -4.251611        1.000000   19.222636    2.308741    0.944679   42.838323
    0.323529    0.235205   -0.000000    0.000000    0.000000       -4.251611        1.000000   19.843303    2.381733    0.944679   42.838323
    0.333333    0.235205   -0.000000    0.000000    0.000000       -4.251611        1.000000   20.463970    2.454725    0.944679   42.838323
    0.343137    0.235205   -0.000000    0.000000    0.000000       -4.251611        1.000000   21.084637    2.527717    0.944679   42.838323
    0.352941    0.235205   -0.000000    0.000000    0.000000       -4.251611        1.000000   21.705304    2.600709    0.944679   42.838323
    0.362745    0.235205   -0.000000    0.000000    0.000000       -4.251611        1.000000   22.325971    2.673701    0.944679   42.838323
    0.372549    0.235205   -0.000000    0.000000    0.000000       -4.251611        1.000000   22.946638    2.746693    0.944679   42.838323
    0.382353    0.235205   -0.000000    0.000000    0.000000       -4.251611        1.000000   23.567305    2.819685    0.944679   42.838323
    0.392157    0.235205   -0.000000    0.000000    0.000000       -4.251611        1.000000   24.187972    2.892677    0.944679   42.838323
    0.401961    0.235205   -0.000000    0.000000    0.000000       -4.251611        1.000000   24.808639    2.965669    0.944679   42.838323
    0.411765    0.235205   -0.000000    0.000000    0.000000       -4.251611        1.000000   25.429305    3.038661    0.944679   42.838323
    0.421569    0.235205   -0.000000    0.000000    0.000000       -4.251611        1.000000   26.049972    3.111653    0.944679   42.838323
    0.431373    0.235205   -0.000000    0.000000    0.000000       -4.251611        1.000000   26.670639    3.184644    0.944679   42.838323
    0.441176    0.235205   -0.000000    0.000000    0.000000       -4.251611        1.000000   27.291306    3.257636    0.944679   42.838323
    0.450980    0.235205   -0.000000    0.000000    0.000000       -4.251611        1.000000   27.911973    3.330628    0.944679   42.838323
    0.460784    0.235205   -0.000000    0.000000    0.000000       -4.251611        1.000000   28.532640    3.403620    0.944679   42.838323
    0.470588    0.235205   -0.000000    0.000000    0.000000       -4.251611        1.000000   29.153307    3.476612    0.944679   42.838323
    0.480392    0.235205   -0.000000    0.000000    0.000000       -4.251611        1.000000   29.773974    3.549604    0.944679   42.838323
    0.490196    0.235205   -0.000000    0.000000    0.000000       -4.251611        1.000000   30.394641    3.622596    0.944679   42.838323
    0.500000    0.235205    0.000000   -0.000000    0.000000       -4.251611        1.000000   31.015308    3.695588    0.944679   42.838323
    0.509804    0.235205    0.000000    0.000000    0.000000       -4.251611        1.000000   31.635975    3.768580    0.944679   42.838323
    0.519608    0.235205   -0.000000    0.000000    0.000000       -4.251611        1.000000   32.256641    3.841572    0.944679   42.838323
    0.529412    0.235205   -0.000000   -0.000000    0.000000       -4.251611        1.000000   32.877308    3.914564    0.944679   42.838323
    0.539216    0.235205   -0.000000   -0.000000    0.000000       -4.251611        1.000000   33.497975    3.987556    0.944679   42.838323
    0.549020    0.235205    0.000000   -0.000000    0.000000       -4.251611        1.000000   34.118642    4.060548    0.944679   42.838323
    0.558824    0.235205    0.000000    0.000000    0.000000       -4.251611        1.000000   34.739309    4.133540    0.944679   42.838323
    0.568627    0.235205    0.000000   -0.000000    0.000000       -4.251611        1.000000   35.359976    4.206532    0.944679   42.838323
    0.578431    0.235205    0.000000   -0.000000    0.000000       -4.251611        1.000000   35.980643    4.279524    0.944679   42.838323
    0.588235    0.235205    0.000000   -0.000000    0.000000       -4.251611        1.000000   36.601310    4.352516    0.944679   42.838323
    0.598039    0.235205    0.000000    0.000000    0.000000       -4.251611        1.000000   37.221977    4.425508    0.944679   42.838323
    0.607843    0.235205    0.000000   -0.000000    0.000000       -4.251611        1.000000   37.842644    4.498500    0.944679   42.838323
    0.617647    0.235205    0.000000   -0.000000    0.000000       -4.251611        1.000000   38.463310    4.571492    0.944679   42.838323
    0.627451    0.235205    0.000000    0.000000    0.000000       -4.251611        1.000000   39.083977    4.644484    0.944679   42.838323
    0.637255    0.235205    0.000000    0.000000    0.000000       -4.251611        1.000000   39.704644    4.717476    0.944679   42.838323
    0.647059    0.235205    0.000000   -0.000000    0.000000       -4.251611        1.000000   40.325311    4.790468    0.944679   42.838323
    0.656863    0.235205    0.000000   -0.000000    0.000000       -4.251611        1.000000   40.945978    4.863460    0.944679   42.838323
    0.666667    0.235205    0.000000    0.000000    0.000000       -4.251611        1.000000   41.566645    4.936451    0.944679   42.838323
    0.676471    0.235205    0.000000   -0.000000    0.000000       -4.251611        1.000000   42.187312    5.009443    0.944679   42.838323
    0.686275    0.235205    0.000000    0.000000    0.000000       -4.251611        1.000000   42.807979    5.082435    0.944679   42.838323
    0.696078    0.235205    0.000000   -0.000000    0.000000       -4.251611        1.000000   43.428646    5.155427    0.944679   42.838323
    0.705882    0.235205    0.000000    0.000000    0.000000       -4.251611        1.000000   44.049313    5.228419    0.944679   42.838323
    0.715686    0.235205    0.000000    0.000000    0.000000       -4.251611        1.000000   44.669979    5.301411    0.944679   42.838323
    0.725490    0.235205    0.000000   -0.000000    0.000000       -4.251611        1.000000   45.290646    5.374403    0.944679   42.838323
    0.735294    0.235205    0.000000   -0.000000    0.000000       -4.251611        1.000000   45.911313    5.447395    0.944679   42.838323
    0.745098    0.235205    0.000000    0.000000    0.000000       -4.251611        1.000000   46.531980    5.520387    0.944679   42.838323
    0.754902    0.235205    0.000000    0.000000    0.000000       -4.251611        1.000000   47.152647    5.593379    0.944679   42.838323
    0.764706    0.235205    0.000000   -0.000000    0.000000       -4.251611        1.000000   47.773314    5.666371    0.944679   42.838323
    0.774510    0.235205    0.000000    0.000000    0.000000       -4.251611        1.000000   48.393981    5.739363    0.944679   42.838323
    0.784314    0.235205    0.000000    0.000000    0.000000       -4.251611        1.000000   49.014648    5.812355    0.944679   42.838323
    0.794118    0.235205    0.000000    0.000000    0.000000       -4.251611        1.000000   49.635315    5.885347    0.944679   42.838323
    0.803922    0.235205    0.000000    0.000000    0.000000       -4.251611        1.000000   50.255982    5.958339    0.944679   42.838323
    0.813725    0.235205    0.000000    0.000000    0.000000       -4.251611        1.000000   50.876649    6.031331    0.944679   42.838323
    0.823529    0.235205    0.000000    0.000000    0.000000       -4.251611        1.000000   51.497315    6.104323    0.944679   42.838323
    0.833333    0.235205    0.000000   -0.000000    0.000000       -4.251611        1.000000   52.117982    6.177315    0.944679   42.838323
    0.843137    0.235205    0.000000    0.000000    0.000000       -4.251611        1.000000   52.738649    6.250307    0.944679   42.838323
    0.852941    0.235205    0.000000   -0.000000    0.000000       -4.251611        1.000000   53.359316    6.323299    0.944679   42.838323
    0.862745    0.235205    0.000000    0.000000    0.000000       -4.251611        1.000000   53.979983    6.396291    0.944679   42.838323
    0.872549    0.235205    0.000000    0.000000    0.000000       -4.251611        1.000000   54.600650    6.469283    0.944679   42.838323
    0.882353    0.235205    0.000000   -0.000000    0.000000       -4.251611        1.000000   55.221317    6.542275    0.944679   42.838323
    0.892157    0.235205    0.000000   -0.000000    0.000000       -4.251611        1.000000   55.841984    6.615267    0.944679   42.838323
    0.901961    0.235205    0.000000   -0.000000    0.000000       -4.251611        1.000000   56.462651    6.688259    0.944679   42.838323
    0.911765    0.235205    0.000000   -0.000000    0.000000       -4.251611        1.000000   57.083318    6.761250    0.944679   42.838323
    0.921569    0.235205    0.000000   -0.000000    0.000000       -4.251611        1.000000   57.703984    6.834242    0.944679   42.838323
    0.931373    0.235205    0.000000   -0.000000    0.000000       -4.251611        1.000000   58.324651    6.907234    0.944679   42.838323
    0.941176    0.235205    0.000000   -0.000000    0.000000       -4.251612        1.000000   58.945318    6.980226    0.944679   42.838323
    0.950980    0.235205    0.000001   -0.000004    0.000000       -4.251617        1.000000   59.565985    7.053218    0.944679   42.838323
    0.960784    0.235203    0.000013   -0.000091    0.000000       -4.251734        1.000000   60.186647    7.126210    0.944679   42.838323
    0.970588    0.235168    0.000265   -0.001924    0.000000       -4.254195        1.000000   60.807218    7.199195    0.944679   42.838323
    0.980392    0.234435    0.005586   -0.040520    0.000000       -4.306025        1.000000   61.425853    7.272037    0.944679   42.838323
    0.990196    0.219118    0.115795   -0.824763    0.000000       -5.357945        1.000000   62.004071    7.341877    0.944679   42.838323
    1.000000    0.000000    1.570796   -6.401470    0.000000      -12.802940        1.000000   62.004071    7.372271    0.944679   42.838323
