           t           r         psi          cs          qs               p             sig           A           V          Q2           S
    0.000000    0.000000   -1.570796   -0.995750    0.000000       -1.991500        1.000000    0.000000   -0.000000    0.017272    4.181960
    0.009804    0.040988   -1.529971   -0.995753    0.000000       -1.991504        1.000000    0.000000    0.000002    0.017272    4.181960
    0.019608    0.081908   -1.489145   -0.995761    0.000000       -1.991515        1.000000    0.021100    0.000035    0.017272    4.181960
    0.029412    0.122692   -1.448319   -0.995775    0.000000       -1.991533        1.000000    0.052707    0.000178    0.017272    4.181960
    0.039216    0.163271   -1.407492   -0.995795    0.000000       -1.991560        1.000000    0.094766    0.000561    0.017272    4.181960
    0.049020    0.203577   -1.366665   -0.995822    0.000000       -1.991596        1.000000    0.147210    0.001362    0.017272    4.181960
    0.058824    0.243545   -1.325836   -0.995857    0.000000       -1.991642        1.000000    0.209949    0.002807    0.017272    4.181960
    0.068627    0.283107   -1.285005   -0.995901    0.000000       -1.991698        1.000000    0.282879    0.005163    0.017272    4.181960
    0.078431    0.322196   -1.244172   -0.995955    0.000000       -1.991768        1.000000    0.365880    0.008735    0.017272    4.181960
    0.088235    0.360749   -1.203337   -0.996020    0.000000       -1.991852        1.000000    0.458812    0.013861    0.017272    4.181960
    0.098039    0.398700   -1.162499   -0.996100    0.000000       -1.991953        1.000000    0.561520    0.020905    0.017272    4.181960
    0.107843    0.435987   -1.121658   -0.996196    0.000000       -1.992074        1.000000    0.673834    0.030251    0.017272    4.181960
    0.117647    0.472546   -1.080812   -0.996313    0.000000       -1.992220        1.000000    0.795566    0.042300    0.017272    4.181960
    0.127451    0.508318   -1.039961   -0.996453    0.000000       -1.992394        1.000000    0.926512    0.057459    0.017272    4.181960
    0.137255    0.543241   -0.999103   -0.996624    0.000000       -1.992603        1.000000    1.066456    0.076133    0.017272    4.181960
    0.147059    0.577259   -0.958238   -0.996832    0.000000       -1.992854        1.000000    1.215162    0.098723    0.017272    4.181960
    0.156863    0.610313   -0.917363   -0.997085    0.000000       -1.993158        1.000000    1.372384    0.125615    0.017272    4.181960
    0.166667    0.642348   -0.876477   -0.997396    0.000000       -1.993527        1.000000    1.537858    0.157173    0.017272    4.181960
    0.176471    0.673311   -0.835576   -0.997781    0.000000       -1.993978        1.000000    1.711308    0.193734    0.017272    4.181960
    0.186275    0.703148   -0.794658   -0.998259    0.000000       -1.994534        1.000000    1.892445    0.235601    0.017272    4.181960
    0.196078    0.731811   -0.753718   -0.998860    0.000000       -1.995224        1.000000    2.080965    0.283038    0.017272    4.181960
    0.205882    0.759249   -0.712750   -0.999622    0.000000       -1.996088        1.000000    2.276554    0.336260    0.017272    4.181960
    0.215686    0.785416   -0.671747   -1.000598    0.000000       -1.997185        1.000000    2.478884    0.395435    0.017272    4.181960
    0.225490    0.810267   -0.630698   -1.001865    0.000000       -1.998594        1.000000    2.687615    0.460675    0.017272    4.181960
    0.235294    0.833757   -0.589589   -1.003534    0.000000       -2.000429        1.000000    2.902398    0.532034    0.017272    4.181960
    0.245098    0.855846   -0.548401   -1.005768    0.000000       -2.002862        1.000000    3.122871    0.609505    0.017272    4.181960
    0.254902    0.876492   -0.507106   -1.008816    0.000000       -2.006148        1.000000    3.348662    0.693021    0.017272    4.181960
    0.264706    0.895656   -0.465663   -1.013067    0.000000       -2.010687        1.000000    3.579391    0.782450    0.017272    4.181960
    0.274510    0.913298   -0.424010   -1.019148    0.000000       -2.017121        1.000000    3.814664    0.877595    0.017272    4.181960
    0.284314    0.929378   -0.382054   -1.028106    0.000000       -2.026516        1.000000    4.054079    0.978200    0.017272    4.181960
    0.294118    0.943855   -0.339643   -1.041755    0.000000       -2.040715        1.000000    4.297224    1.083944    0.017272    4.181960
    0.303922    0.956679   -0.296524   -1.063360    0.000000       -2.063024        1.000000    4.543672    1.194446    0.017272    4.181960
    0.313725    0.967792   -0.252260   -1.098936    0.000000       -2.099513        1.000000    4.792983    1.309270    0.017272    4.181960
    0.323529    0.977113   -0.206077   -1.159259    0.000000       -2.161027        1.000000    5.044696    1.427915    0.017272    4.181960
    0.333333    0.984522   -0.156658   -1.258874    0.000000       -2.262157        1.000000    5.298316    1.549816    0.017272    4.181960
    0.343137    0.989835   -0.102454   -1.381626    0.000000       -2.386598        1.000000    5.553306    1.674311    0.017272    4.181960
    0.352941    0.992862   -0.045682   -1.323928    0.000000       -2.330066        1.000000    5.809075    1.800584    0.017272    4.181960
    0.362745    0.993740   -0.000805   -0.799126    0.000000       -1.805425        1.000000    6.065071    1.927667    0.017272    4.181960
    0.372549    0.993280    0.019264   -0.220655    0.000000       -1.227234        1.000000    6.320948    2.054812    0.017272    4.181960
    0.382353    0.992405    0.021457    0.068793    0.000000       -0.938629        1.000000    6.576599    2.181752    0.017272    4.181960
    0.392157    0.991618    0.016304    0.160580    0.000000       -0.847739        1.000000    6.832048    2.308478    0.017272    4.181960
    0.401961    0.991089    0.009492    0.162442    0.000000       -0.846504        1.000000    7.087361    2.435048    0.017272    4.181960
    0.411765    0.990828    0.003474    0.127593    0.000000       -0.881658        1.000000    7.342606    2.561525    0.017272    4.181960
    0.421569    0.990780   -0.000817    0.081160    0.000000       -0.928145        1.000000    7.597840    2.687967    0.017272    4.181960
    0.431373    0.990869   -0.003208    0.036534    0.000000       -0.972676        1.000000    7.853096    2.814416    0.017272    4.181960
    0.441176    0.991021   -0.003945    0.001460    0.000000       -1.007593        1.000000    8.108391    2.940897    0.017272    4.181960
    0.450980    0.991177   -0.003510   -0.020356    0.000000       -1.029252        1.000000    8.363726    3.067417    0.017272    4.181960
    0.460784    0.991300   -0.002458   -0.028945    0.000000       -1.037718        1.000000    8.619093    3.193975    0.017272    4.181960
    0.470588    0.991376   -0.001277   -0.027347    0.000000       -1.036045        1.000000    8.874479    3.320558    0.017272    4.181960
    0.480392    0.991408   -0.000294   -0.020055    0.000000       -1.028721        1.000000    9.129874    3.447155    0.017272    4.181960
    0.490196    0.991405    0.000348   -0.011287    0.000000       -1.019956        1.000000    9.385268    3.573755    0.017272    4.181960
    0.500000    0.991384    0.000652   -0.003930    0.000000       -1.012621        1.000000    9.640657    3.700352    0.017272    4.181960
    0.509804    0.991355    0.000709    0.000646    0.000000       -1.008074        1.000000    9.896038    3.826943    0.017272    4.181960
    0.519608    0.991327    0.000641    0.002193    0.000000       -1.006556        1.000000   10.151412    3.953526    0.017272    4.181960
    0.529412    0.991303    0.000566    0.001011    0.000000       -1.007762        1.000000   10.406780    4.080102    0.017272    4.181960
    0.539216    0.991280    0.000590   -0.002575    0.000000       -1.011372        1.000000   10.662141    4.206672    0.017272    4.181960
    0.549020    0.991252    0.000811   -0.008652    0.000000       -1.017477        1.000000   10.917496    4.333236    0.017272    4.181960
    0.558824    0.991209    0.001345   -0.018084    0.000000       -1.026952        1.000000   11.172839    4.459792    0.017272    4.181960
    0.568627    0.991135    0.002367   -0.032885    0.000000       -1.041827        1.000000   11.428164    4.586332    0.017272    4.181960
    0.578431    0.991004    0.004163   -0.056598    0.000000       -1.065667        1.000000   11.683454    4.712847    0.017272    4.181960
    0.588235    0.990777    0.007201   -0.094508    0.000000       -1.103791        1.000000   11.938687    4.839316    0.017272    4.181960
    0.598039    0.990387    0.012196   -0.153146    0.000000       -1.162777        1.000000   12.193818    4.965703    0.017272    4.181960
    0.607843    0.989737    0.020121   -0.238099    0.000000       -1.248264        1.000000   12.448783    5.091951    0.017272    4.181960
    0.617647    0.988682    0.032088   -0.349629    0.000000       -1.360556        1.000000   12.703475    5.217958    0.017272    4.181960
    0.627451    0.987038    0.049032   -0.478565    0.000000       -1.490480        1.000000   12.957744    5.343566    0.017272    4.181960
    0.637255    0.984590    0.071334   -0.607858    0.000000       -1.620926        1.000000   13.211382    5.468535    0.017272    4.181960
    0.647059    0.981125    0.098651   -0.720995    0.000000       -1.735277        1.000000   13.464128    5.592535    0.017272    4.181960
    0.656863    0.976458    0.130116   -0.809606    0.000000       -1.825059        1.000000   13.715672    5.715154    0.017272    4.181960
    0.666667    0.970446    0.164704   -0.873913    0.000000       -1.890422        1.000000   13.965667    5.835914    0.017272    4.181960
    0.676471    0.962987    0.201508   -0.918600    0.000000       -1.936024        1.000000   14.213740    5.954303    0.017272    4.181960
    0.686275    0.954017    0.239835   -0.949092    0.000000       -1.967289        1.000000   14.459503    6.069798    0.017272    4.181960
    0.696078    0.943500    0.279200   -0.969867    0.000000       -1.988708        1.000000   14.702556    6.181887    0.017272    4.181960
    0.705882    0.931416    0.319275   -0.984139    0.000000       -2.003515        1.000000   14.942496    6.290082    0.017272    4.181960
    0.715686    0.917763    0.359840   -0.994078    0.000000       -2.013899        1.000000   15.178919    6.393934    0.017272    4.181960
    0.725490    0.902546    0.400749   -1.001110    0.000000       -2.021301        1.000000   15.411422    6.493039    0.017272    4.181960
    0.735294    0.885780    0.441904   -1.006168    0.000000       -2.026669        1.000000   15.639607    6.587044    0.017272    4.181960
    0.745098    0.867486    0.483236   -1.009865    0.000000       -2.030627        1.000000   15.863078    6.675655    0.017272    4.181960
    0.754902    0.847689    0.524699   -1.012609    0.000000       -2.033591        1.000000   16.081450    6.758637    0.017272    4.181960
    0.764706    0.826419    0.566260   -1.014676    0.000000       -2.035845        1.000000   16.294342    6.835818    0.017272    4.181960
    0.774510    0.803709    0.607895   -1.016252    0.000000       -2.037582        1.000000   16.501384    6.907088    0.017272    4.181960
    0.784314    0.779598    0.649587   -1.017470    0.000000       -2.038937        1.000000   16.702215    6.972404    0.017272    4.181960
    0.794118    0.754126    0.691323   -1.018420    0.000000       -2.040005        1.000000   16.896484    7.031784    0.017272    4.181960
    0.803922    0.727334    0.733094   -1.019170    0.000000       -2.040857        1.000000   17.083851    7.085307    0.017272    4.181960
    0.813725    0.699270    0.774892   -1.019767    0.000000       -2.041542        1.000000   17.263988    7.133109    0.017272    4.181960
    0.823529    0.669981    0.816712   -1.020245    0.000000       -2.042097        1.000000   17.436581    7.175381    0.017272    4.181960
    0.833333    0.639518    0.858550   -1.020631    0.000000       -2.042551        1.000000   17.601326    7.212362    0.017272    4.181960
    0.843137    0.607934    0.900402   -1.020946    0.000000       -2.042924        1.000000   17.757935    7.244337    0.017272    4.181960
    0.852941    0.575284    0.942266   -1.021203    0.000000       -2.043232        1.000000   17.906132    7.271627    0.017272    4.181960
    0.862745    0.541625    0.984139   -1.021413    0.000000       -2.043487        1.000000   18.045659    7.294586    0.017272    4.181960
    0.872549    0.507015    1.026020   -1.021587    0.000000       -2.043700        1.000000   18.176271    7.313591    0.017272    4.181960
    0.882353    0.471516    1.067908   -1.021731    0.000000       -2.043877        1.000000   18.297737    7.329037    0.017272    4.181960
    0.892157    0.435189    1.109801   -1.021850    0.000000       -2.044026        1.000000   18.409845    7.341330    0.017272    4.181960
    0.901961    0.398098    1.151699   -1.021949    0.000000       -2.044150        1.000000   18.512398    7.350876    0.017272    4.181960
    0.911765    0.360308    1.193600   -1.022030    0.000000       -2.044254        1.000000   18.605217    7.358076    0.017272    4.181960
    0.921569    0.321885    1.235504   -1.022097    0.000000       -2.044340        1.000000   18.688137    7.363320    0.017272    4.181960
    0.931373    0.282898    1.277411   -1.022152    0.000000       -2.044411        1.000000   18.761014    7.366978    0.017272    4.181960
    0.941176    0.243413    1.319320   -1.022197    0.000000       -2.044469        1.000000   18.823719    7.369392    0.017272    4.181960
    0.950980    0.203501    1.361230   -1.022233    0.000000       -2.044516        1.000000   18.876142    7.370873    0.017272    4.181960
    0.960784    0.163231    1.403142   -1.022261    0.000000       -2.044553        1.000000   18.918192    7.371695    0.017272    4.181960
    0.970588    0.122675    1.445055   -1.022282    0.000000       -2.044580        1.000000   18.949794    7.372088    0.017272    4.181960
    0.980392    0.081903    1.486968   -1.022296    0.000000       -2.044599        1.000000   18.970893    7.372235    0.017272    4.181960
    0.990196    0.040988    1.528882   -1.022304    0.000000       -2.044611        1.000000   18.981452    7.372268    0.017272    4.181960
    1.000000    0.000000    1.570796   -1.022307    0.000000       -2.044614        1.000000   18.981452    7.372271    0.017272    4.181960
