           t           r         psi          cs          qs               p             sig           A           V          Q2           S
    0.000000   -0.000000   -1.570796   -2.292646    0.000000       -4.585293        1.000000    0.000000    0.000000    0.914168   45.574350
    0.009804    0.329162   -0.178225   -3.026485    0.000000       -6.016383        1.000000    0.000000    0.052868    0.914168   45.574350
    0.019608    0.287351    0.074234    0.688495    0.000000       -2.781991        1.000000    0.806700    0.191753    0.914168   45.574350
    0.029412    0.292829   -0.026292   -0.151514    0.000000       -3.565291        1.000000    1.628782    0.306955    0.914168   45.574350
    0.039216    0.293401    0.007528    0.024531    0.000000       -3.383680        1.000000    2.452467    0.428611    0.914168   45.574350
    0.049020    0.292767   -0.001884   -0.001633    0.000000       -3.417308        1.000000    3.274375    0.548871    0.914168   45.574350
    0.058824    0.293041    0.000400   -0.000911    0.000000       -3.413406        1.000000    4.097049    0.669378    0.914168   45.574350
    0.068627    0.292951   -0.000065    0.000560    0.000000       -3.412983        1.000000    4.919472    0.789862    0.914168   45.574350
    0.078431    0.292976    0.000004   -0.000212    0.000000       -3.413462        1.000000    5.741964    0.910340    0.914168   45.574350
    0.088235    0.292970    0.000002    0.000065    0.000000       -3.413256        1.000000    6.564440    1.030822    0.914168   45.574350
    0.098039    0.292971   -0.000001   -0.000017    0.000000       -3.413324        1.000000    7.386919    1.151303    0.914168   45.574350
    0.107843    0.292971    0.000001    0.000004    0.000000       -3.413305        1.000000    8.209398    1.271784    0.914168   45.574350
    0.117647    0.292971   -0.000000   -0.000001    0.000000       -3.413310        1.000000    9.031876    1.392265    0.914168   45.574350
    0.127451    0.292971    0.000000    0.000000    0.000000       -3.413309        1.000000    9.854355    1.512747    0.914168   45.574350
    0.137255    0.292971   -0.000000    0.000000    0.000000       -3.413309        1.000000   10.676833    1.633228    0.914168   45.574350
    0.147059    0.292971    0.000000   -0.000000    0.000000       -3.413309        1.000000   11.499312    1.753709    0.914168   45.574350
    0.156863    0.292971   -0.000000    0.000000    0.000000       -3.413309        1.000000   12.321791    1.874190    0.914168   45.574350
    0.166667    0.292971   -0.000000   -0.000000    0.000000       -3.413309        1.000000   13.144269    1.994671    0.914168   45.574350
    0.176471    0.292971    0.000000    0.000000    0.000000       -3.413309        1.000000   13.966748    2.115152    0.914168   45.574350
    0.186275    0.292971   -0.000000   -0.000000    0.000000       -3.413309        1.000000   14.789226    2.235633    0.914168   45.574350
    0.196078    0.292971    0.000000    0.000000    0.000000       -3.413309        1.000000   15.611705    2.356114    0.914168   45.574350
    0.205882    0.292971   -0.000000   -0.000000    0.000000       -3.413309        1.000000   16.434184    2.476596    0.914168   45.574350
    0.215686    0.292971    0.000000    0.000000    0.000000       -3.413309        1.000000   17.256662    2.597077    0.914168   45.574350
    0.225490    0.292971   -0.000000    0.000000    0.000000       -3.413309        1.000000   18.079141    2.717558    0.914168   45.574350
    0.235294    0.292971    0.000000   -0.000000    0.000000       -3.413309        1.000000   18.901620    2.838039    0.914168   45.574350
    0.245098    0.292971    0.000000    0.000000    0.000000       -3.413309        1.000000   19.724098    2.958520    0.914168   45.574350
    0.254902    0.292971   -0.000000   -0.000000    0.000000       -3.413309        1.000000   20.546577    3.079001    0.914168   45.574350
    0.264706    0.292971   -0.000000    0.000000    0.000000       -3.413309        1.000000   21.369055    3.199482    0.914168   45.574350
    0.274510    0.292971    0.000000   -0.000000    0.000000       -3.413309        1.000000   22.191534    3.319964    0.914168   45.574350
    0.284314    0.292971   -0.000000    0.000000    0.000000       -3.413309        1.000000   23.014013    3.440445    0.914168   45.574350
    0.294118    0.292971    0.000000   -0.000000    0.000000       -3.413309        1.000000   23.836491    3.560926    0.914168   45.574350
    0.303922    0.292971    0.000000   -0.000000    0.000000       -3.413309        1.000000   24.658970    3.681407    0.914168   45.574350
    0.313725    0.292971    0.000000   -0.000000    0.000000       -3.413309        1.000000   25.481448    3.801888    0.914168   45.574350
    0.323529    0.292971   -0.000000    0.000000    0.000000       -3.413309        1.000000   26.303927    3.922369    0.914168   45.574350
    0.333333    0.292971    0.000000   -0.000000    0.000000       -3.413309        1.000000   27.126406    4.042850    0.914168   45.574350
    0.343137    0.292971    0.000000    0.000000    0.000000       -3.413309        1.000000   27.948884    4.163331    0.914168   45.574350
    0.352941    0.292971   -0.000000    0.000000    0.000000       -3.413309        1.000000   28.771363    4.283813    0.914168   45.574350
    0.362745    0.292971    0.000000   -0.000000    0.000000       -3.413309        1.000000   29.593842    4.404294    0.914168   45.574350
    0.372549    0.292971    0.000000    0.000000    0.000000       -3.413309        1.000000   30.416320    4.524775    0.914168   45.574350
    0.382353    0.292971    0.000000   -0.000000    0.000000       -3.413309        1.000000   31.238799    4.645256    0.914168   45.574350
    0.392157    0.292971    0.000000   -0.000000    0.000000       -3.413309        1.000000   32.061277    4.765737    0.914168   45.574350
    0.401961    0.292971    0.000000   -0.000000    0.000000       -3.413309        1.000000   32.883756    4.886218    0.914168   45.574350
    0.411765    0.292971    0.000000   -0.000000    0.000000       -3.413309        1.000000   33.706235    5.006699    0.914168   45.574350
    0.421569    0.292971    0.000000    0.000000    0.000000       -3.413309        1.000000   34.528713    5.127181    0.914168   45.574350
    0.431373    0.292971    0.000000   -0.000000    0.000000       -3.413309        1.000000   35.351192    5.247662    0.914168   45.574350
    0.441176    0.292971    0.000000   -0.000000    0.000000       -3.413309        1.000000   36.173670    5.368143    0.914168   45.574350
    0.450980    0.292971    0.000000   -0.000000    0.000000       -3.413309        1.000000   36.996149    5.488624    0.914168   45.574350
    0.460784    0.292971    0.000000   -0.000000    0.000000       -3.413309        1.000000   37.818628    5.609105    0.914168   45.574350
    0.470588    0.292971    0.000000   -0.000000    0.000000       -3.413309        1.000000   38.641106    5.729586    0.914168   45.574350
    0.480392    0.292971   -0.000000    0.000000    0.000000       -3.413309        1.000000   39.463585    5.850067    0.914168   45.574350
    0.490196    0.292971    0.000000   -0.000000    0.000000       -3.413309        1.000000   40.286063    5.970549    0.914168   45.574350
    0.500000    0.292971   -0.000000    0.000000    0.000000       -3.413309        1.000000   41.108542    6.091030    0.914168   45.574350
    0.509804    0.292971   -0.000000    0.000000    0.000000       -3.413309        1.000000   41.931021    6.211511    0.914168   45.574350
    0.519608    0.292971   -0.000000   -0.000000    0.000000       -3.413309        1.000000   42.753499    6.331992    0.914168   45.574350
    0.529412    0.292971    0.000000    0.000000    0.000000       -3.413309        1.000000   43.575978    6.452473    0.914168   45.574350
    0.539216    0.292971   -0.000000    0.000000    0.000000       -3.413309        1.000000   44.398457    6.572954    0.914168   45.574350
    0.549020    0.292971   -0.000000   -0.000000    0.000000       -3.413309        1.000000   45.220935    6.693435    0.914168   45.574350
    0.558824    0.292971   -0.000000    0.000000    0.000000       -3.413309        1.000000   46.043414    6.813916    0.914168   45.574350
    0.568627    0.292971   -0.000000   -0.000000    0.000000       -3.413309        1.000000   46.865892    6.934398    0.914168   45.574350
    0.578431    0.292971   -0.000000   -0.000000    0.000000       -3.413309        1.000000   47.688371    7.054879    0.914168   45.574350
    0.588235    0.292971   -0.000000   -0.000000    0.000000       -3.413309        1.000000   48.510850    7.175360    0.914168   45.574350
    0.598039    0.292971   -0.000000   -0.000000    0.000000       -3.413309        1.000000   49.333328    7.295841    0.914168   45.574350
    0.607843    0.292971   -0.000000    0.000000    0.000000       -3.413309        1.000000   50.155807    7.416322    0.914168   45.574350
    0.617647    0.292971   -0.000000   -0.000000    0.000000       -3.413309        1.000000   50.978285    7.536803    0.914168   45.574350
    0.627451    0.292971   -0.000000    0.000000    0.000000       -3.413309        1.000000   51.800764    7.657284    0.914168   45.574350
    0.637255    0.292971   -0.000000   -0.000000    0.000000       -3.413309        1.000000   52.623243    7.777766    0.914168   45.574350
    0.647059    0.292971   -0.000000   -0.000000    0.000000       -3.413309        1.000000   53.445721    7.898247    0.914168   45.574350
    0.656863    0.292971   -0.000000    0.000000    0.000000       -3.413309        1.000000   54.268200    8.018728    0.914168   45.574350
    0.666667    0.292971   -0.000000   -0.000000    0.000000       -3.413309        1.000000   55.090678    8.139209    0.914168   45.574350
    0.676471    0.292971   -0.000000    0.000000    0.000000       -3.413309        1.000000   55.913157    8.259690    0.914168   45.574350
    0.686275    0.292971   -0.000000   -0.000000    0.000000       -3.413309        1.000000   56.735636    8.380171    0.914168   45.574350
    0.696078    0.292971   -0.000000    0.000000    0.000000       -3.413309        1.000000   57.558114    8.500652    0.914168   45.574350
    0.705882    0.292971   -0.000000   -0.000000    0.000000       -3.413309        1.000000   58.380593    8.621133    0.914168   45.574350
    0.715686    0.292971   -0.000000   -0.000000    0.000000       -3.413309        1.000000   59.203072    8.741615    0.914168   45.574350
    0.725490    0.292971   -0.000000    0.000000    0.000000       -3.413309        1.000000   60.025550    8.862096    0.914168   45.574350
    0.735294    0.292971   -0.000000   -0.000000    0.000000       -3.413309        1.000000   60.848029    8.982577    0.914168   45.574350
    0.745098    0.292971   -0.000000    0.000000    0.000000       -3.413309        1.000000   61.670507    9.103058    0.914168   45.574350
    0.754902    0.292971   -0.000000   -0.000000    0.000000       -3.413309        1.000000   62.492986    9.223539    0.914168   45.574350
    0.764706    0.292971   -0.000000   -0.000000    0.000000       -3.413309        1.000000   63.315465    9.344020    0.914168   45.574350
    0.774510    0.292971   -0.000000    0.000000    0.000000       -3.413309        1.000000   64.137943    9.464501    0.914168   45.574350
    0.784314    0.292971   -0.000000   -0.000000    0.000000       -3.413309        1.000000   64.960422    9.584983    0.914168   45.574350
    0.794118    0.292971   -0.000000    0.000000    0.000000       -3.413309        1.000000   65.782900    9.705464    0.914168   45.574350
    0.803922    0.292971   -0.000000   -0.000000    0.000000       -3.413309        1.000000   66.605379    9.825945    0.914168   45.574350
    0.813725    0.292971   -0.000000    0.000000    0.000000       -3.413309        1.000000   67.427858    9.946426    0.914168   45.574350
    0.823529    0.292971   -0.000000   -0.000000    0.000000       -3.413309        1.000000   68.250336   10.066907    0.914168   45.574350
    0.833333    0.292971   -0.000000    0.000000    0.000000       -3.413309        1.000000   69.072815   10.187388    0.914168   45.574350
    0.843137    0.292971   -0.000000   -0.000000    0.000000       -3.413309        1.000000   69.895293   10.307869    0.914168   45.574350
    0.852941    0.292971   -0.000000    0.000000    0.000000       -3.413309        1.000000   70.717772   10.428350    0.914168   45.574350
    0.862745    0.292971   -0.000000   -0.000000    0.000000       -3.413309        1.000000   71.540251   10.548832    0.914168   45.574350
    0.872549    0.292971    0.000000   -0.000000    0.000000       -3.413309        1.000000   72.362729   10.669313    0.914168   45.574350
    0.882353    0.292971    0.000000   -0.000000    0.000000       -3.413309        1.000000   73.185208   10.789794    0.914168   45.574350
    0.892157    0.292971    0.000000   -0.000000    0.000000       -3.413309        1.000000   74.007687   10.910275    0.914168   45.574350
    0.901961    0.292971    0.000000   -0.000000    0.000000       -3.413309        1.000000   74.830165   11.030756    0.914168   45.574350
    0.911765    0.292971    0.000000   -0.000000    0.000000       -3.413309        1.000000   75.652644   11.151237    0.914168   45.574350
    0.921569    0.292971    0.000000   -0.000000    0.000000       -3.413309        1.000000   76.475122   11.271718    0.914168   45.574350
    0.931373    0.292971    0.000000   -0.000000    0.000000       -3.413309        1.000000   77.297601   11.392200    0.914168   45.574350
    0.941176    0.292971    0.000000   -0.000002    0.000000       -3.413311        1.000000   78.120079   11.512681    0.914168   45.574350
    0.950980    0.292970    0.000004   -0.000026    0.000000       -3.413343        1.000000   78.942556   11.633162    0.914168   45.574350
    0.960784    0.292960    0.000062   -0.000370    0.000000       -3.413799        1.000000   79.765005   11.753640    0.914168   45.574350
    0.970588    0.292822    0.000891   -0.005316    0.000000       -3.420364        1.000000   80.587065   11.874078    0.914168   45.574350
    0.980392    0.290825    0.012785   -0.076098    0.000000       -3.514306        1.000000   81.403520   11.993942    0.914168   45.574350
    0.990196    0.262678    0.177793   -1.021638    0.000000       -4.768565        1.000000   82.140956   12.105573    0.914168   45.574350
    1.000000    0.000000    1.570796   -5.078681    0.000000      -10.157362        1.000000   82.140956   12.147492    0.914168   45.574350
