           t           r         psi          cs          qs               p             sig           A           V          Q2           S
    0.000000    0.000000   -1.570796   -0.996574    0.000000       -1.993147        1.000000    0.000000    0.000000    0.012897    5.606718
    0.009804    0.054940   -1.516017   -0.996577    0.000000       -1.993151        1.000000    0.000000    0.000007    0.012897    5.606718
    0.019608    0.109716   -1.461237   -0.996586    0.000000       -1.993164        1.000000    0.037893    0.000114    0.012897    5.606718
    0.029412    0.164162   -1.406456   -0.996603    0.000000       -1.993186        1.000000    0.094590    0.000574    0.012897    5.606718
    0.039216    0.218116   -1.351675   -0.996627    0.000000       -1.993218        1.000000    0.169921    0.001800    0.012897    5.606718
    0.049020    0.271415   -1.296891   -0.996661    0.000000       -1.993262        1.000000    0.263661    0.004356    0.012897    5.606718
    0.058824    0.323901   -1.242106   -0.996706    0.000000       -1.993321        1.000000    0.375528    0.008933    0.012897    5.606718
    0.068627    0.375414   -1.187317   -0.996765    0.000000       -1.993396        1.000000    0.505185    0.016336    0.012897    5.606718
    0.078431    0.425800   -1.132525   -0.996841    0.000000       -1.993492        1.000000    0.652245    0.027453    0.012897    5.606718
    0.088235    0.474909   -1.077729   -0.996939    0.000000       -1.993615        1.000000    0.816266    0.043232    0.012897    5.606718
    0.098039    0.522593   -1.022926   -0.997066    0.000000       -1.993771        1.000000    0.996756    0.064651    0.012897    5.606718
    0.107843    0.568707   -0.968115   -0.997230    0.000000       -1.993971        1.000000    1.193172    0.092684    0.012897    5.606718
    0.117647    0.613114   -0.913294   -0.997445    0.000000       -1.994228        1.000000    1.404925    0.128276    0.012897    5.606718
    0.127451    0.655680   -0.858459   -0.997728    0.000000       -1.994563        1.000000    1.631379    0.172308    0.012897    5.606718
    0.137255    0.696276   -0.803606   -0.998105    0.000000       -1.995003        1.000000    1.871854    0.225569    0.012897    5.606718
    0.147059    0.734778   -0.748729   -0.998617    0.000000       -1.995590        1.000000    2.125626    0.288729    0.012897    5.606718
    0.156863    0.771072   -0.693819   -0.999321    0.000000       -1.996387        1.000000    2.391934    0.362316    0.012897    5.606718
    0.166667    0.805044   -0.638863   -1.000313    0.000000       -1.997494        1.000000    2.669974    0.446690    0.012897    5.606718
    0.176471    0.836590   -0.583841   -1.001744    0.000000       -1.999068        1.000000    2.958910    0.542033    0.012897    5.606718
    0.186275    0.865612   -0.528723   -1.003874    0.000000       -2.001379        1.000000    3.257869    0.648333    0.012897    5.606718
    0.196078    0.892015   -0.473459   -1.007161    0.000000       -2.004898        1.000000    3.565947    0.765374    0.012897    5.606718
    0.205882    0.915710   -0.417963   -1.012469    0.000000       -2.010512        1.000000    3.882208    0.892739    0.012897    5.606718
    0.215686    0.936608   -0.362084   -1.021538    0.000000       -2.019992        1.000000    4.205688    1.029808    0.012897    5.606718
    0.225490    0.954620   -0.305524   -1.038166    0.000000       -2.037192        1.000000    4.535387    1.175764    0.012897    5.606718
    0.235294    0.969636   -0.247656   -1.071425    0.000000       -2.071274        1.000000    4.870273    1.329606    0.012897    5.606718
    0.245098    0.981505   -0.187029   -1.144325    0.000000       -2.145401        1.000000    5.209259    1.490151    0.012897    5.606718
    0.254902    0.989955   -0.120277   -1.301159    0.000000       -2.304008        1.000000    5.551162    1.656023    0.012897    5.606718
    0.264706    0.994510   -0.044978   -1.352581    0.000000       -2.357085        1.000000    5.894639    1.825531    0.012897    5.606718
    0.274510    0.995266    0.009419   -0.517904    0.000000       -1.522615        1.000000    6.238378    1.996505    0.012897    5.606718
    0.284314    0.994351    0.018597    0.065795    0.000000       -0.939712        1.000000    6.581800    2.167392    0.012897    5.606718
    0.294118    0.993514    0.010982    0.167955    0.000000       -0.838513        1.000000    6.924932    2.337957    0.012897    5.606718
    0.303922    0.993150    0.002671    0.123861    0.000000       -0.883033        1.000000    7.267940    2.508331    0.012897    5.606718
    0.313725    0.993154   -0.002172    0.052498    0.000000       -0.954393        1.000000    7.610948    2.678652    0.012897    5.606718
    0.323529    0.993322   -0.003405   -0.003058    0.000000       -1.009775        1.000000    7.954015    2.849009    0.012897    5.606718
    0.333333    0.993488   -0.002419   -0.027501    0.000000       -1.034053        1.000000    8.297139    3.019426    0.012897    5.606718
    0.343137    0.993578   -0.000871   -0.025575    0.000000       -1.032039        1.000000    8.640294    3.189888    0.012897    5.606718
    0.352941    0.993593    0.000192   -0.012570    0.000000       -1.019018        1.000000    8.983454    3.360368    0.012897    5.606718
    0.362745    0.993570    0.000545   -0.001143    0.000000       -1.007615        1.000000    9.326606    3.530845    0.012897    5.606718
    0.372549    0.993542    0.000434    0.004144    0.000000       -1.002357        1.000000    9.669748    3.701313    0.012897    5.606718
    0.382353    0.993525    0.000183    0.004399    0.000000       -1.002119        1.000000   10.012885    3.871773    0.012897    5.606718
    0.392157    0.993520   -0.000009    0.002440    0.000000       -1.004082        1.000000   10.356020    4.042229    0.012897    5.606718
    0.401961    0.993523   -0.000086    0.000467    0.000000       -1.006051        1.000000   10.699156    4.212685    0.012897    5.606718
    0.411765    0.993528   -0.000078   -0.000587    0.000000       -1.007101        1.000000   11.042294    4.383143    0.012897    5.606718
    0.421569    0.993531   -0.000038   -0.000757    0.000000       -1.007268        1.000000   11.385433    4.553602    0.012897    5.606718
    0.431373    0.993532   -0.000003   -0.000473    0.000000       -1.006982        1.000000   11.728572    4.724062    0.012897    5.606718
    0.441176    0.993532    0.000013   -0.000130    0.000000       -1.006640        1.000000   12.071712    4.894522    0.012897    5.606718
    0.450980    0.993531    0.000014    0.000076    0.000000       -1.006435        1.000000   12.414851    5.064982    0.012897    5.606718
    0.460784    0.993531    0.000008    0.000127    0.000000       -1.006385        1.000000   12.757989    5.235441    0.012897    5.606718
    0.470588    0.993530    0.000001    0.000089    0.000000       -1.006423        1.000000   13.101128    5.405901    0.012897    5.606718
    0.480392    0.993531   -0.000002    0.000031    0.000000       -1.006481        1.000000   13.444267    5.576360    0.012897    5.606718
    0.490196    0.993531   -0.000002   -0.000008    0.000000       -1.006519        1.000000   13.787405    5.746819    0.012897    5.606718
    0.500000    0.993531   -0.000001   -0.000021    0.000000       -1.006532        1.000000   14.130544    5.917279    0.012897    5.606718
    0.509804    0.993531   -0.000000   -0.000016    0.000000       -1.006528        1.000000   14.473683    6.087738    0.012897    5.606718
    0.519608    0.993531    0.000000   -0.000007    0.000000       -1.006518        1.000000   14.816821    6.258198    0.012897    5.606718
    0.529412    0.993531    0.000000    0.000000    0.000000       -1.006511        1.000000   15.159960    6.428657    0.012897    5.606718
    0.539216    0.993531    0.000000    0.000003    0.000000       -1.006508        1.000000   15.503099    6.599117    0.012897    5.606718
    0.549020    0.993531    0.000000    0.000003    0.000000       -1.006509        1.000000   15.846238    6.769576    0.012897    5.606718
    0.558824    0.993531    0.000000    0.000001    0.000000       -1.006511        1.000000   16.189376    6.940036    0.012897    5.606718
    0.568627    0.993531    0.000000   -0.000001    0.000000       -1.006513        1.000000   16.532515    7.110495    0.012897    5.606718
    0.578431    0.993531    0.000000   -0.000004    0.000000       -1.006515        1.000000   16.875654    7.280954    0.012897    5.606718
    0.588235    0.993531    0.000000   -0.000009    0.000000       -1.006520        1.000000   17.218793    7.451414    0.012897    5.606718
    0.598039    0.993531    0.000001   -0.000020    0.000000       -1.006531        1.000000   17.561931    7.621873    0.012897    5.606718
    0.607843    0.993531    0.000003   -0.000046    0.000000       -1.006557        1.000000   17.905070    7.792333    0.012897    5.606718
    0.617647    0.993530    0.000007   -0.000108    0.000000       -1.006620        1.000000   18.248209    7.962792    0.012897    5.606718
    0.627451    0.993530    0.000016   -0.000256    0.000000       -1.006769        1.000000   18.591347    8.133251    0.012897    5.606718
    0.637255    0.993528    0.000039   -0.000607    0.000000       -1.007121        1.000000   18.934485    8.303710    0.012897    5.606718
    0.647059    0.993525    0.000092   -0.001438    0.000000       -1.007955        1.000000   19.277621    8.474168    0.012897    5.606718
    0.656863    0.993517    0.000217   -0.003399    0.000000       -1.009925        1.000000   19.620755    8.644624    0.012897    5.606718
    0.666667    0.993498    0.000513   -0.008012    0.000000       -1.014557        1.000000   19.963883    8.815076    0.012897    5.606718
    0.676471    0.993453    0.001208   -0.018758    0.000000       -1.025347        1.000000   20.306995    8.985518    0.012897    5.606718
    0.686275    0.993349    0.002822   -0.043242    0.000000       -1.049934        1.000000   20.650071    9.155935    0.012897    5.606718
    0.696078    0.993106    0.006480   -0.096307    0.000000       -1.103227        1.000000   20.993063    9.326294    0.012897    5.606718
    0.705882    0.992560    0.014339   -0.199864    0.000000       -1.207256        1.000000   21.335866    9.496518    0.012897    5.606718
    0.715686    0.991394    0.029634   -0.366333    0.000000       -1.374571        1.000000   21.678267    9.666429    0.012897    5.606718
    0.725490    0.989112    0.055254   -0.566516    0.000000       -1.575981        1.000000   22.019880    9.835655    0.012897    5.606718
    0.735294    0.985129    0.091407   -0.740360    0.000000       -1.751217        1.000000   22.360117   10.003527    0.012897    5.606718
    0.745098    0.978934    0.135566   -0.856733    0.000000       -1.868880        1.000000   22.698214   10.169058    0.012897    5.606718
    0.754902    0.970187    0.184694   -0.924268    0.000000       -1.937467        1.000000   23.033290   10.331040    0.012897    5.606718
    0.764706    0.958703    0.236629   -0.961738    0.000000       -1.975747        1.000000   23.364401   10.488184    0.012897    5.606718
    0.774510    0.944400    0.290125   -0.982734    0.000000       -1.997356        1.000000   23.690571   10.639220    0.012897    5.606718
    0.784314    0.927254    0.344507   -0.994892    0.000000       -2.009978        1.000000   24.010819   10.782973    0.012897    5.606718
    0.794118    0.907280    0.399412   -1.002215    0.000000       -2.017656        1.000000   24.324169   10.918402    0.012897    5.606718
    0.803922    0.884519    0.454637   -1.006800    0.000000       -2.022517        1.000000   24.629658   11.044630    0.012897    5.606718
    0.813725    0.859025    0.510066   -1.009775    0.000000       -2.025709        1.000000   24.926342   11.160967    0.012897    5.606718
    0.823529    0.830870    0.565629   -1.011766    0.000000       -2.027872        1.000000   25.213302   11.266918    0.012897    5.606718
    0.833333    0.800134    0.621283   -1.013136    0.000000       -2.029381        1.000000   25.489647   11.362197    0.012897    5.606718
    0.843137    0.766910    0.677001   -1.014101    0.000000       -2.030458        1.000000   25.754517   11.446719    0.012897    5.606718
    0.852941    0.731299    0.732764   -1.014796    0.000000       -2.031245        1.000000   26.007088   11.520600    0.012897    5.606718
    0.862745    0.693409    0.788560   -1.015305    0.000000       -2.031829        1.000000   26.246573   11.584147    0.012897    5.606718
    0.872549    0.653358    0.844380   -1.015683    0.000000       -2.032270        1.000000   26.472225   11.637838    0.012897    5.606718
    0.882353    0.611268    0.900218   -1.015968    0.000000       -2.032606        1.000000   26.683341   11.682304    0.012897    5.606718
    0.892157    0.567272    0.956070   -1.016184    0.000000       -2.032867        1.000000   26.879261   11.718305    0.012897    5.606718
    0.901961    0.521505    1.011932   -1.016351    0.000000       -2.033069        1.000000   27.059375   11.746703    0.012897    5.606718
    0.911765    0.474110    1.067802   -1.016480    0.000000       -2.033228        1.000000   27.223120   11.768428    0.012897    5.606718
    0.921569    0.425236    1.123679   -1.016579    0.000000       -2.033352        1.000000   27.369984   11.784453    0.012897    5.606718
    0.931373    0.375033    1.179560   -1.016657    0.000000       -2.033450        1.000000   27.499511   11.795755    0.012897    5.606718
    0.941176    0.323660    1.235445   -1.016717    0.000000       -2.033527        1.000000   27.611294   11.803287    0.012897    5.606718
    0.950980    0.271276    1.291333   -1.016762    0.000000       -2.033586        1.000000   27.704985   11.807949    0.012897    5.606718
    0.960784    0.218044    1.347224   -1.016797    0.000000       -2.033631        1.000000   27.780292   11.810553    0.012897    5.606718
    0.970588    0.164132    1.403116   -1.016822    0.000000       -2.033664        1.000000   27.836979   11.811803    0.012897    5.606718
    0.980392    0.109707    1.459009   -1.016839    0.000000       -2.033686        1.000000   27.874868   11.812272    0.012897    5.606718
    0.990196    0.054939    1.514902   -1.016849    0.000000       -2.033699        1.000000   27.893843   11.812381    0.012897    5.606718
    1.000000    0.000000    1.570796   -1.016852    0.000000       -2.033704        1.000000   27.893843   11.812388    0.012897    5.606718
