           t           r         psi          cs          qs               p             sig           A           V          Q2           S
    0.000000   -0.000000   -1.570796   -1.158448    0.000000       -2.316895        1.000000    0.000000    0.000000    0.556132    9.695494
    0.009804    0.094861   -1.460384   -1.167873    0.000000       -2.329446        1.000000    0.000000    0.000074    0.556132    9.695494
    0.019608    0.188555   -1.348148   -1.197147    0.000000       -2.368234        1.000000    0.112613    0.001178    0.556132    9.695494
    0.029412    0.279848   -1.232084   -1.248972    0.000000       -2.436306        1.000000    0.279749    0.005892    0.556132    9.695494
    0.039216    0.367374   -1.109879   -1.326946    0.000000       -2.537619        1.000000    0.499160    0.018300    0.556132    9.695494
    0.049020    0.449541   -0.978907   -1.433595    0.000000       -2.674706        1.000000    0.767644    0.043615    0.556132    9.695494
    0.058824    0.524451   -0.836524   -1.565540    0.000000       -2.843157        1.000000    1.080868    0.087528    0.556132    9.695494
    0.068627    0.589862   -0.681059   -1.703625    0.000000       -3.020724        1.000000    1.433158    0.155145    0.556132    9.695494
    0.078431    0.643336   -0.513948   -1.799646    0.000000       -3.153232        1.000000    1.817384    0.249397    0.556132    9.695494
    0.088235    0.682753   -0.342716   -1.776555    0.000000       -3.156036        1.000000    2.225153    0.369254    0.556132    9.695494
    0.098039    0.707234   -0.182054   -1.572168    0.000000       -2.962761        1.000000    2.647542    0.509010    0.556132    9.695494
    0.107843    0.717909   -0.049029   -1.206947    0.000000       -2.598207        1.000000    3.076306    0.660016    0.556132    9.695494
    0.117647    0.717756    0.045496   -0.781550    0.000000       -2.173340        1.000000    3.504980    0.814154    0.556132    9.695494
    0.127451    0.710515    0.100900   -0.396776    0.000000       -1.797047        1.000000    3.929328    0.966173    0.556132    9.695494
    0.137255    0.699637    0.123823   -0.101934    0.000000       -1.520303        1.000000    4.347180    1.113728    0.556132    9.695494
    0.147059    0.687772    0.123327    0.097300    0.000000       -1.345627        1.000000    4.757946    1.256309    0.556132    9.695494
    0.156863    0.676719    0.107922    0.214700    0.000000       -1.254422        1.000000    5.162110    1.394313    0.556132    9.695494
    0.166667    0.667546    0.084525    0.268452    0.000000       -1.224223        1.000000    5.560796    1.528513    0.556132    9.695494
    0.176471    0.660756    0.058362    0.275555    0.000000       -1.235286        1.000000    5.955427    1.659812    0.556132    9.695494
    0.186275    0.656427    0.033154    0.250601    0.000000       -1.271960        1.000000    6.347472    1.789121    0.556132    9.695494
    0.196078    0.654346    0.011346    0.205866    0.000000       -1.322278        1.000000    6.738275    1.917287    0.556132    9.695494
    0.205882    0.654118   -0.005681    0.151531    0.000000       -1.377220        1.000000    7.128941    2.045048    0.556132    9.695494
    0.215686    0.655258   -0.017418    0.095769    0.000000       -1.430116        1.000000    7.520288    2.172995    0.556132    9.695494
    0.225490    0.657267   -0.024040    0.044753    0.000000       -1.476259        1.000000    7.912835    2.301556    0.556132    9.695494
    0.235294    0.659687   -0.026211    0.002649    0.000000       -1.512702        1.000000    8.306827    2.430987    0.556132    9.695494
    0.245098    0.662139   -0.024898   -0.028312    0.000000       -1.538102        1.000000    8.702283    2.561387    0.556132    9.695494
    0.254902    0.664344   -0.021198   -0.047643    0.000000       -1.552550        1.000000    9.099056    2.692723    0.556132    9.695494
    0.264706    0.666127   -0.016181   -0.056279    0.000000       -1.557299        1.000000    9.496895    2.824866    0.556132    9.695494
    0.274510    0.667408   -0.010778   -0.056148    0.000000       -1.554396        1.000000    9.895498    2.957632    0.556132    9.695494
    0.284314    0.668186   -0.005707   -0.049695    0.000000       -1.546259        1.000000   10.294566    3.090814    0.556132    9.695494
    0.294118    0.668519   -0.001450   -0.039446    0.000000       -1.535288        1.000000   10.693833    3.224219    0.556132    9.695494
    0.303922    0.668496    0.001744   -0.027664    0.000000       -1.523557        1.000000   11.093086    3.357683    0.556132    9.695494
    0.313725    0.668223    0.003818   -0.016145    0.000000       -1.512640        1.000000   11.492176    3.491084    0.556132    9.695494
    0.323529    0.667803    0.004861   -0.006129    0.000000       -1.503559        1.000000   11.891016    3.624343    0.556132    9.695494
    0.333333    0.667326    0.005053    0.001682    0.000000       -1.496817        1.000000   12.289570    3.757419    0.556132    9.695494
    0.343137    0.666862    0.004619    0.007046    0.000000       -1.492499        1.000000   12.687847    3.890307    0.556132    9.695494
    0.352941    0.666460    0.003788    0.010068    0.000000       -1.490386        1.000000   13.085885    4.023021    0.556132    9.695494
    0.362745    0.666148    0.002769    0.011086    0.000000       -1.490076        1.000000   13.483735    4.155593    0.556132    9.695494
    0.372549    0.665934    0.001730    0.010566    0.000000       -1.491082        1.000000   13.881459    4.288061    0.556132    9.695494
    0.382353    0.665816    0.000793    0.009006    0.000000       -1.492910        1.000000   14.279111    4.420463    0.556132    9.695494
    0.392157    0.665778    0.000035    0.006882    0.000000       -1.495121        1.000000   14.676741    4.552834    0.556132    9.695494
    0.401961    0.665802   -0.000510    0.004591    0.000000       -1.497356        1.000000   15.074385    4.685204    0.556132    9.695494
    0.411765    0.665868   -0.000842    0.002439    0.000000       -1.499360        1.000000   15.472069    4.817592    0.556132    9.695494
    0.421569    0.665956   -0.000985    0.000627    0.000000       -1.500972        1.000000   15.869806    4.950012    0.556132    9.695494
    0.431373    0.666050   -0.000976   -0.000737    0.000000       -1.502124        1.000000   16.267598    5.082468    0.556132    9.695494
    0.441176    0.666138   -0.000859   -0.001629    0.000000       -1.502818        1.000000   16.665443    5.214961    0.556132    9.695494
    0.450980    0.666212   -0.000680   -0.002082    0.000000       -1.503106        1.000000   17.063332    5.347486    0.556132    9.695494
    0.460784    0.666267   -0.000475   -0.002172    0.000000       -1.503072        1.000000   17.461254    5.480037    0.556132    9.695494
    0.470588    0.666302   -0.000275   -0.001991    0.000000       -1.502812        1.000000   17.859197    5.612605    0.556132    9.695494
    0.480392    0.666320   -0.000102   -0.001638    0.000000       -1.502419        1.000000   18.257151    5.745185    0.556132    9.695494
    0.490196    0.666323    0.000033   -0.001202    0.000000       -1.501976        1.000000   18.655106    5.877768    0.556132    9.695494
    0.500000    0.666315    0.000126   -0.000755    0.000000       -1.501547        1.000000   19.053057    6.010350    0.556132    9.695494
    0.509804    0.666300    0.000178   -0.000352    0.000000       -1.501177        1.000000   19.450998    6.142927    0.556132    9.695494
    0.519608    0.666282    0.000196   -0.000025    0.000000       -1.500890        1.000000   19.848930    6.275498    0.556132    9.695494
    0.529412    0.666264    0.000186    0.000211    0.000000       -1.500696        1.000000   20.246850    6.408062    0.556132    9.695494
    0.539216    0.666247    0.000158    0.000355    0.000000       -1.500589        1.000000   20.644760    6.540618    0.556132    9.695494
    0.549020    0.666234    0.000121    0.000417    0.000000       -1.500558        1.000000   21.042662    6.673169    0.556132    9.695494
    0.558824    0.666224    0.000081    0.000412    0.000000       -1.500583        1.000000   21.440559    6.805715    0.556132    9.695494
    0.568627    0.666218    0.000044    0.000361    0.000000       -1.500648        1.000000   21.838452    6.938258    0.556132    9.695494
    0.578431    0.666216    0.000014    0.000281    0.000000       -1.500734        1.000000   22.236343    7.070799    0.556132    9.695494
    0.588235    0.666216   -0.000009    0.000189    0.000000       -1.500827        1.000000   22.634234    7.203339    0.556132    9.695494
    0.598039    0.666217   -0.000022    0.000096    0.000000       -1.500916        1.000000   23.032127    7.335880    0.556132    9.695494
    0.607843    0.666220   -0.000027    0.000012    0.000000       -1.500994        1.000000   23.430020    7.468422    0.556132    9.695494
    0.617647    0.666222   -0.000025   -0.000060    0.000000       -1.501060        1.000000   23.827915    7.600965    0.556132    9.695494
    0.627451    0.666224   -0.000016   -0.000118    0.000000       -1.501115        1.000000   24.225812    7.733509    0.556132    9.695494
    0.637255    0.666225   -0.000003   -0.000167    0.000000       -1.501161        1.000000   24.623709    7.866053    0.556132    9.695494
    0.647059    0.666225    0.000015   -0.000212    0.000000       -1.501207        1.000000   25.021605    7.998597    0.556132    9.695494
    0.656863    0.666222    0.000038   -0.000259    0.000000       -1.501260        1.000000   25.419501    8.131141    0.556132    9.695494
    0.666667    0.666217    0.000065   -0.000319    0.000000       -1.501331        1.000000   25.817393    8.263684    0.556132    9.695494
    0.676471    0.666210    0.000099   -0.000404    0.000000       -1.501433        1.000000   26.215280    8.396224    0.556132    9.695494
    0.686275    0.666198    0.000143   -0.000528    0.000000       -1.501583        1.000000   26.613161    8.528760    0.556132    9.695494
    0.696078    0.666182    0.000201   -0.000709    0.000000       -1.501801        1.000000   27.011032    8.661290    0.556132    9.695494
    0.705882    0.666159    0.000280   -0.000973    0.000000       -1.502115        1.000000   27.408890    8.793813    0.556132    9.695494
    0.715686    0.666128    0.000390   -0.001351    0.000000       -1.502564        1.000000   27.806729    8.926326    0.556132    9.695494
    0.725490    0.666084    0.000542   -0.001887    0.000000       -1.503200        1.000000   28.204541    9.058823    0.556132    9.695494
    0.735294    0.666023    0.000755   -0.002645    0.000000       -1.504095        1.000000   28.602317    9.191300    0.556132    9.695494
    0.745098    0.665937    0.001055   -0.003710    0.000000       -1.505352        1.000000   29.000043    9.323748    0.556132    9.695494
    0.754902    0.665818    0.001474   -0.005203    0.000000       -1.507113        1.000000   29.397697    9.456155    0.556132    9.695494
    0.764706    0.665652    0.002063   -0.007293    0.000000       -1.509576        1.000000   29.795251    9.588507    0.556132    9.695494
    0.774510    0.665419    0.002887   -0.010214    0.000000       -1.513021        1.000000   30.192667    9.720779    0.556132    9.695494
    0.784314    0.665093    0.004041   -0.014294    0.000000       -1.517832        1.000000   30.589887    9.852941    0.556132    9.695494
    0.794118    0.664636    0.005655   -0.019987    0.000000       -1.524546        1.000000   30.986835    9.984948    0.556132    9.695494
    0.803922    0.663997    0.007911   -0.027919    0.000000       -1.533902        1.000000   31.383402   10.116738    0.556132    9.695494
    0.813725    0.663104    0.011061   -0.038945    0.000000       -1.546912        1.000000   31.779434   10.248225    0.556132    9.695494
    0.823529    0.661855    0.015450   -0.054228    0.000000       -1.564952        1.000000   32.174721   10.379285    0.556132    9.695494
    0.833333    0.660113    0.021554   -0.075324    0.000000       -1.589865        1.000000   32.568968   10.509750    0.556132    9.695494
    0.843137    0.657684    0.030018   -0.104276    0.000000       -1.624079        1.000000   32.961764   10.639379    0.556132    9.695494
    0.852941    0.654305    0.041708   -0.143692    0.000000       -1.670702        1.000000   33.352541   10.767838    0.556132    9.695494
    0.862745    0.649619    0.057767   -0.196771    0.000000       -1.733566        1.000000   33.740521   10.894662    0.556132    9.695494
    0.872549    0.643146    0.079665   -0.267194    0.000000       -1.817120        1.000000   34.124634   11.019205    0.556132    9.695494
    0.882353    0.634250    0.109234   -0.358792    0.000000       -1.926060        1.000000   34.503434   11.140575    0.556132    9.695494
    0.892157    0.622115    0.148651   -0.474855    0.000000       -2.064547        1.000000   34.874987   11.257563    0.556132    9.695494
    0.901961    0.605720    0.200339   -0.617042    0.000000       -2.234950        1.000000   35.236747   11.368569    0.556132    9.695494
    0.911765    0.583849    0.266746   -0.784033    0.000000       -2.436232        1.000000   35.585446   11.471555    0.556132    9.695494
    0.921569    0.555141    0.350007   -0.970382    0.000000       -2.662511        1.000000   35.916999   11.564097    0.556132    9.695494
    0.931373    0.518210    0.451530   -1.166321    0.000000       -2.902646        1.000000   36.226495   11.643597    0.556132    9.695494
    0.941176    0.471830    0.571634   -1.359105    0.000000       -3.141564        1.000000   36.508291   11.707749    0.556132    9.695494
    0.950980    0.415177    0.709390   -1.535689    0.000000       -3.363246        1.000000   36.756251   11.755208    0.556132    9.695494
    0.960784    0.348065    0.862731   -1.685609    0.000000       -3.554126        1.000000   36.964130   11.786302    0.556132    9.695494
    0.970588    0.271122    1.028792   -1.802676    0.000000       -3.705341        1.000000   37.126055   11.803382    0.556132    9.695494
    0.980392    0.185844    1.204327   -1.884905    0.000000       -3.812986        1.000000   37.237049   11.810491    0.556132    9.695494
    0.990196    0.094513    1.386047   -1.933087    0.000000       -3.876734        1.000000   37.293496   11.812265    0.556132    9.695494
    1.000000    0.000000    1.570796   -1.948876    0.000000       -3.897753        1.000000   37.293496   11.812388    0.556132    9.695494
