           t           r         psi          cs          qs               p             sig           A           V          Q2           S
    0.000000    0.000000   -1.570796   -0.995656    0.000000       -1.991313        1.000000    0.000000   -0.000000    0.015000    3.407208
    0.009804    0.033398   -1.537537   -0.995658    0.000000       -1.991315        1.000000    0.000000    0.000001    0.015000    3.407208
    0.019608    0.066759   -1.504278   -0.995663    0.000000       -1.991321        1.000000    0.014012    0.000016    0.015000    3.407208
    0.029412    0.100046   -1.471019   -0.995670    0.000000       -1.991331        1.000000    0.035010    0.000079    0.015000    3.407208
    0.039216    0.133222   -1.437760   -0.995682    0.000000       -1.991346        1.000000    0.062971    0.000248    0.015000    3.407208
    0.049020    0.166251   -1.404500   -0.995697    0.000000       -1.991366        1.000000    0.097864    0.000603    0.015000    3.407208
    0.058824    0.199096   -1.371239   -0.995715    0.000000       -1.991391        1.000000    0.139651    0.001245    0.015000    3.407208
    0.068627    0.231721   -1.337978   -0.995739    0.000000       -1.991421        1.000000    0.188286    0.002296    0.015000    3.407208
    0.078431    0.264090   -1.304716   -0.995766    0.000000       -1.991458        1.000000    0.243714    0.003895    0.015000    3.407208
    0.088235    0.296166   -1.271453   -0.995800    0.000000       -1.991501        1.000000    0.305874    0.006200    0.015000    3.407208
    0.098039    0.327915   -1.238188   -0.995839    0.000000       -1.991552        1.000000    0.374698    0.009384    0.015000    3.407208
    0.107843    0.359301   -1.204922   -0.995885    0.000000       -1.991611        1.000000    0.450110    0.013633    0.015000    3.407208
    0.117647    0.390290   -1.171655   -0.995940    0.000000       -1.991680        1.000000    0.532025    0.019145    0.015000    3.407208
    0.127451    0.420846   -1.138386   -0.996003    0.000000       -1.991760        1.000000    0.620354    0.026128    0.015000    3.407208
    0.137255    0.450937   -1.105114   -0.996077    0.000000       -1.991852        1.000000    0.714998    0.034795    0.015000    3.407208
    0.147059    0.480529   -1.071840   -0.996163    0.000000       -1.991960        1.000000    0.815853    0.045366    0.015000    3.407208
    0.156863    0.509590   -1.038562   -0.996264    0.000000       -1.992084        1.000000    0.922808    0.058059    0.015000    3.407208
    0.166667    0.538086   -1.005281   -0.996381    0.000000       -1.992229        1.000000    1.035743    0.073097    0.015000    3.407208
    0.176471    0.565986   -0.971996   -0.996520    0.000000       -1.992396        1.000000    1.154534    0.090694    0.015000    3.407208
    0.186275    0.593260   -0.938705   -0.996682    0.000000       -1.992592        1.000000    1.279050    0.111062    0.015000    3.407208
    0.196078    0.619876   -0.905409   -0.996874    0.000000       -1.992821        1.000000    1.409152    0.134405    0.015000    3.407208
    0.205882    0.645806   -0.872106   -0.997100    0.000000       -1.993089        1.000000    1.544696    0.160913    0.015000    3.407208
    0.215686    0.671021   -0.838794   -0.997370    0.000000       -1.993405        1.000000    1.685532    0.190766    0.015000    3.407208
    0.225490    0.695491   -0.805473   -0.997692    0.000000       -1.993780        1.000000    1.831504    0.224127    0.015000    3.407208
    0.235294    0.719191   -0.772140   -0.998079    0.000000       -1.994226        1.000000    1.982450    0.261143    0.015000    3.407208
    0.245098    0.742092   -0.738792   -0.998547    0.000000       -1.994760        1.000000    2.138203    0.301940    0.015000    3.407208
    0.254902    0.764170   -0.705428   -0.999117    0.000000       -1.995406        1.000000    2.298590    0.346623    0.015000    3.407208
    0.264706    0.785400   -0.672042   -0.999816    0.000000       -1.996190        1.000000    2.463433    0.395275    0.015000    3.407208
    0.274510    0.805756   -0.638630   -1.000681    0.000000       -1.997153        1.000000    2.632547    0.447953    0.015000    3.407208
    0.284314    0.825216   -0.605186   -1.001762    0.000000       -1.998345        1.000000    2.805747    0.504691    0.015000    3.407208
    0.294118    0.843757   -0.571701   -1.003126    0.000000       -1.999837        1.000000    2.982837    0.565493    0.015000    3.407208
    0.303922    0.861356   -0.538165   -1.004870    0.000000       -2.001729        1.000000    3.163622    0.630340    0.015000    3.407208
    0.313725    0.877993   -0.504562   -1.007129    0.000000       -2.004160        1.000000    3.347898    0.699181    0.015000    3.407208
    0.323529    0.893646   -0.470873   -1.010100    0.000000       -2.007332        1.000000    3.535460    0.771941    0.015000    3.407208
    0.333333    0.908294   -0.437068   -1.014074    0.000000       -2.011544        1.000000    3.726096    0.848514    0.015000    3.407208
    0.343137    0.921918   -0.403108   -1.019497    0.000000       -2.017250        1.000000    3.919591    0.928769    0.015000    3.407208
    0.352941    0.934495   -0.368934   -1.027063    0.000000       -2.025156        1.000000    4.115726    1.012545    0.015000    3.407208
    0.362745    0.946002   -0.334456   -1.037890    0.000000       -2.036396        1.000000    4.314276    1.099657    0.015000    3.407208
    0.372549    0.956416   -0.299538   -1.053829    0.000000       -2.052844        1.000000    4.515012    1.189891    0.015000    3.407208
    0.382353    0.965705   -0.263961   -1.078029    0.000000       -2.077676        1.000000    4.717698    1.283012    0.015000    3.407208
    0.392157    0.973832   -0.227367   -1.115881    0.000000       -2.116324        1.000000    4.922089    1.378754    0.015000    3.407208
    0.401961    0.980743   -0.189162   -1.176182    0.000000       -2.177629        1.000000    5.127931    1.476830    0.015000    3.407208
    0.411765    0.986363   -0.148416   -1.269531    0.000000       -2.272211        1.000000    5.334952    1.576918    0.015000    3.407208
    0.421569    0.990579   -0.104050   -1.386252    0.000000       -2.390303        1.000000    5.542859    1.678652    0.015000    3.407208
    0.431373    0.993265   -0.056806   -1.404759    0.000000       -2.409916        1.000000    5.751329    1.781588    0.015000    3.407208
    0.441176    0.994421   -0.014324   -1.068557    0.000000       -2.074064        1.000000    5.960041    1.885197    0.015000    3.407208
    0.450980    0.994409    0.011867   -0.501831    0.000000       -1.507383        1.000000    6.168751    1.988982    0.015000    3.407208
    0.460784    0.993818    0.021301   -0.106056    0.000000       -1.112049        1.000000    6.377337    2.092680    0.015000    3.407208
    0.470588    0.993087    0.021507    0.063759    0.000000       -0.942969        1.000000    6.585770    2.196228    0.015000    3.407208
    0.480392    0.992416    0.018512    0.100019    0.000000       -0.907450        1.000000    6.794062    2.299631    0.015000    3.407208
    0.490196    0.991849    0.015572    0.068060    0.000000       -0.940035        1.000000    7.002234    2.402911    0.015000    3.407208
    0.500000    0.991356    0.014365   -0.000288    0.000000       -1.008904        1.000000    7.210304    2.506086    0.015000    3.407208
    0.509804    0.990860    0.015835   -0.090743    0.000000       -1.099840        1.000000    7.418269    2.609159    0.015000    3.407208
    0.519608    0.990261    0.020599   -0.196708    0.000000       -1.206328        1.000000    7.626108    2.712115    0.015000    3.407208
    0.529412    0.989442    0.029099   -0.313659    0.000000       -1.323902        1.000000    7.833776    2.814912    0.015000    3.407208
    0.539216    0.988273    0.041611   -0.435691    0.000000       -1.446681        1.000000    8.041198    2.917471    0.015000    3.407208
    0.549020    0.986618    0.058172   -0.554564    0.000000       -1.566413        1.000000    8.248273    3.019678    0.015000    3.407208
    0.558824    0.984347    0.078529   -0.661678    0.000000       -1.674450        1.000000    8.454871    3.121369    0.015000    3.407208
    0.568627    0.981341    0.102180   -0.751183    0.000000       -1.764882        1.000000    8.660839    3.222340    0.015000    3.407208
    0.578431    0.977503    0.128498   -0.821444    0.000000       -1.836025        1.000000    8.866000    3.322353    0.015000    3.407208
    0.588235    0.972758    0.156863   -0.874201    0.000000       -1.889584        1.000000    9.070166    3.421142    0.015000    3.407208
    0.598039    0.967051    0.186744   -0.912764    0.000000       -1.928857        1.000000    9.273134    3.518424    0.015000    3.407208
    0.607843    0.960345    0.217724   -0.940601    0.000000       -1.957311        1.000000    9.474695    3.613914    0.015000    3.407208
    0.617647    0.952614    0.249497   -0.960649    0.000000       -1.977889        1.000000    9.674633    3.707328    0.015000    3.407208
    0.627451    0.943845    0.281842   -0.975154    0.000000       -1.992847        1.000000    9.872731    3.798391    0.015000    3.407208
    0.637255    0.934032    0.314602   -0.985738    0.000000       -2.003818        1.000000   10.068768    3.886840    0.015000    3.407208
    0.647059    0.923173    0.347666   -0.993545    0.000000       -2.011957        1.000000   10.262527    3.972431    0.015000    3.407208
    0.656863    0.911272    0.380956   -0.999373    0.000000       -2.018069        1.000000   10.453788    4.054940    0.015000    3.407208
    0.666667    0.898336    0.414416   -1.003775    0.000000       -2.022717        1.000000   10.642334    4.134163    0.015000    3.407208
    0.676471    0.884375    0.448005   -1.007141    0.000000       -2.026294        1.000000   10.827950    4.209925    0.015000    3.407208
    0.686275    0.869401    0.481693   -1.009744    0.000000       -2.029080        1.000000   11.010423    4.282071    0.015000    3.407208
    0.696078    0.853429    0.515458   -1.011778    0.000000       -2.031274        1.000000   11.189544    4.350478    0.015000    3.407208
    0.705882    0.836475    0.549283   -1.013385    0.000000       -2.033019        1.000000   11.365106    4.415048    0.015000    3.407208
    0.715686    0.818557    0.583156   -1.014665    0.000000       -2.034422        1.000000   11.536908    4.475711    0.015000    3.407208
    0.725490    0.799693    0.617068   -1.015694    0.000000       -2.035558        1.000000   11.704750    4.532426    0.015000    3.407208
    0.735294    0.779906    0.651011   -1.016528    0.000000       -2.036487        1.000000   11.868439    4.585180    0.015000    3.407208
    0.745098    0.759216    0.684978   -1.017209    0.000000       -2.037252        1.000000   12.027786    4.633987    0.015000    3.407208
    0.754902    0.737647    0.718967   -1.017769    0.000000       -2.037886        1.000000   12.182606    4.678888    0.015000    3.407208
    0.764706    0.715224    0.752973   -1.018232    0.000000       -2.038416        1.000000   12.332720    4.719949    0.015000    3.407208
    0.774510    0.691972    0.786992   -1.018618    0.000000       -2.038860        1.000000   12.477953    4.757262    0.015000    3.407208
    0.784314    0.667917    0.821024   -1.018940    0.000000       -2.039235        1.000000   12.618138    4.790940    0.015000    3.407208
    0.794118    0.643088    0.855065   -1.019211    0.000000       -2.039553        1.000000   12.753112    4.821118    0.015000    3.407208
    0.803922    0.617513    0.889115   -1.019440    0.000000       -2.039823        1.000000   12.882718    4.847950    0.015000    3.407208
    0.813725    0.591221    0.923171   -1.019634    0.000000       -2.040055        1.000000   13.006805    4.871606    0.015000    3.407208
    0.823529    0.564242    0.957234   -1.019798    0.000000       -2.040253        1.000000   13.125230    4.892273    0.015000    3.407208
    0.833333    0.536609    0.991302   -1.019939    0.000000       -2.040423        1.000000   13.237856    4.910148    0.015000    3.407208
    0.843137    0.508352    1.025374   -1.020058    0.000000       -2.040570        1.000000   13.344550    4.925438    0.015000    3.407208
    0.852941    0.479505    1.059450   -1.020161    0.000000       -2.040697        1.000000   13.445191    4.938358    0.015000    3.407208
    0.862745    0.450101    1.093529   -1.020249    0.000000       -2.040806        1.000000   13.539659    4.949126    0.015000    3.407208
    0.872549    0.420174    1.127610   -1.020325    0.000000       -2.040901        1.000000   13.627847    4.957964    0.015000    3.407208
    0.882353    0.389759    1.161694   -1.020389    0.000000       -2.040983        1.000000   13.709651    4.965089    0.015000    3.407208
    0.892157    0.358891    1.195780   -1.020445    0.000000       -2.041053        1.000000   13.784976    4.970717    0.015000    3.407208
    0.901961    0.327606    1.229868   -1.020492    0.000000       -2.041114        1.000000   13.853736    4.975059    0.015000    3.407208
    0.911765    0.295941    1.263957   -1.020532    0.000000       -2.041166        1.000000   13.915849    4.978314    0.015000    3.407208
    0.921569    0.263931    1.298048   -1.020566    0.000000       -2.041210        1.000000   13.971243    4.980672    0.015000    3.407208
    0.931373    0.231615    1.332139   -1.020595    0.000000       -2.041247        1.000000   14.019855    4.982309    0.015000    3.407208
    0.941176    0.199029    1.366232   -1.020619    0.000000       -2.041278        1.000000   14.061628    4.983385    0.015000    3.407208
    0.950980    0.166212    1.400325   -1.020638    0.000000       -2.041304        1.000000   14.096514    4.984043    0.015000    3.407208
    0.960784    0.133202    1.434418   -1.020653    0.000000       -2.041324        1.000000   14.124471    4.984406    0.015000    3.407208
    0.970588    0.100037    1.468512   -1.020665    0.000000       -2.041339        1.000000   14.145467    4.984580    0.015000    3.407208
    0.980392    0.066756    1.502607   -1.020673    0.000000       -2.041350        1.000000   14.159478    4.984644    0.015000    3.407208
    0.990196    0.033398    1.536702   -1.020678    0.000000       -2.041357        1.000000   14.166487    4.984659    0.015000    3.407208
    1.000000    0.000000    1.570796   -1.020679    0.000000       -2.041359        1.000000   14.166487    4.984660    0.015000    3.407208
