           t           r         psi          cs          qs               p             sig           A           V          Q2           S
    0.000000    0.000000   -1.570796   -2.532874    0.000000       -5.065747        1.000000    0.000000    0.000000    0.930613   23.337781
    0.009804    0.212694   -0.868988   -3.919217    0.000000       -6.954571        1.000000    0.000000    0.005418    0.930613   23.337781
    0.019608    0.302015   -0.019236   -2.477710    0.000000       -5.788189        1.000000    0.434178    0.054160    0.930613   23.337781
    0.029412    0.273008    0.159510    0.460999    0.000000       -3.155395        1.000000    0.826656    0.114398    0.930613   23.337781
    0.039216    0.254269    0.003502    0.540849    0.000000       -3.391970        1.000000    1.192194    0.162977    0.930613   23.337781
    0.049020    0.261021   -0.036975   -0.106857    0.000000       -3.935350        1.000000    1.567439    0.210399    0.930613   23.337781
    0.058824    0.265403   -0.001231   -0.122486    0.000000       -3.890331        1.000000    1.948984    0.260459    0.930613   23.337781
    0.068627    0.263957    0.008174    0.022368    0.000000       -3.766005        1.000000    2.328449    0.310879    0.930613   23.337781
    0.078431    0.262973    0.000335    0.027486    0.000000       -3.775185        1.000000    2.706500    0.360714    0.930613   23.337781
    0.088235    0.263289   -0.001826   -0.004794    0.000000       -3.802891        1.000000    3.085006    0.410467    0.930613   23.337781
    0.098039    0.263512   -0.000090   -0.006179    0.000000       -3.801075        1.000000    3.463831    0.460351    0.930613   23.337781
    0.107843    0.263443    0.000407    0.001019    0.000000       -3.794867        1.000000    3.842558    0.510254    0.930613   23.337781
    0.117647    0.263393    0.000023    0.001388    0.000000       -3.795222        1.000000    4.221213    0.560128    0.930613   23.337781
    0.127451    0.263408   -0.000091   -0.000216    0.000000       -3.796611        1.000000    4.599889    0.609997    0.930613   23.337781
    0.137255    0.263419   -0.000006   -0.000312    0.000000       -3.796543        1.000000    4.978581    0.659873    0.930613   23.337781
    0.147059    0.263416    0.000020    0.000046    0.000000       -3.796232        1.000000    5.357269    0.709750    0.930613   23.337781
    0.156863    0.263413    0.000001    0.000070    0.000000       -3.796245        1.000000    5.735953    0.759626    0.930613   23.337781
    0.166667    0.263414   -0.000004   -0.000010    0.000000       -3.796315        1.000000    6.114638    0.809501    0.930613   23.337781
    0.176471    0.263415   -0.000000   -0.000016    0.000000       -3.796312        1.000000    6.493324    0.859377    0.930613   23.337781
    0.186275    0.263414    0.000001    0.000002    0.000000       -3.796297        1.000000    6.872010    0.909252    0.930613   23.337781
    0.196078    0.263414    0.000000    0.000004    0.000000       -3.796297        1.000000    7.250695    0.959128    0.930613   23.337781
    0.205882    0.263414   -0.000000   -0.000000    0.000000       -3.796301        1.000000    7.629381    1.009004    0.930613   23.337781
    0.215686    0.263414   -0.000000   -0.000001    0.000000       -3.796301        1.000000    8.008066    1.058879    0.930613   23.337781
    0.225490    0.263414    0.000000    0.000000    0.000000       -3.796300        1.000000    8.386752    1.108755    0.930613   23.337781
    0.235294    0.263414    0.000000    0.000000    0.000000       -3.796300        1.000000    8.765437    1.158630    0.930613   23.337781
    0.245098    0.263414   -0.000000   -0.000000    0.000000       -3.796300        1.000000    9.144123    1.208506    0.930613   23.337781
    0.254902    0.263414   -0.000000   -0.000000    0.000000       -3.796300        1.000000    9.522809    1.258382    0.930613   23.337781
    0.264706    0.263414    0.000000    0.000000    0.000000       -3.796300        1.000000    9.901494    1.308257    0.930613   23.337781
    0.274510    0.263414    0.000000    0.000000    0.000000       -3.796300        1.000000   10.280180    1.358133    0.930613   23.337781
    0.284314    0.263414   -0.000000   -0.000000    0.000000       -3.796300        1.000000   10.658865    1.408009    0.930613   23.337781
    0.294118    0.263414   -0.000000   -0.000000    0.000000       -3.796300        1.000000   11.037551    1.457884    0.930613   23.337781
    0.303922    0.263414    0.000000    0.000000    0.000000       -3.796300        1.000000   11.416236    1.507760    0.930613   23.337781
    0.313725    0.263414    0.000000    0.000000    0.000000       -3.796300        1.000000   11.794922    1.557635    0.930613   23.337781
    0.323529    0.263414   -0.000000   -0.000000    0.000000       -3.796300        1.000000   12.173607    1.607511    0.930613   23.337781
    0.333333    0.263414   -0.000000   -0.000000    0.000000       -3.796300        1.000000   12.552293    1.657387    0.930613   23.337781
    0.343137    0.263414    0.000000    0.000000    0.000000       -3.796300        1.000000   12.930979    1.707262    0.930613   23.337781
    0.352941    0.263414    0.000000    0.000000    0.000000       -3.796300        1.000000   13.309664    1.757138    0.930613   23.337781
    0.362745    0.263414   -0.000000   -0.000000    0.000000       -3.796300        1.000000   13.688350    1.807013    0.930613   23.337781
    0.372549    0.263414   -0.000000   -0.000000    0.000000       -3.796300        1.000000   14.067035    1.856889    0.930613   23.337781
    0.382353    0.263414    0.000000    0.000000    0.000000       -3.796300        1.000000   14.445721    1.906765    0.930613   23.337781
    0.392157    0.263414    0.000000    0.000000    0.000000       -3.796300        1.000000   14.824406    1.956640    0.930613   23.337781
    0.401961    0.263414   -0.000000   -0.000000    0.000000       -3.796300        1.000000   15.203092    2.006516    0.930613   23.337781
    0.411765    0.263414   -0.000000   -0.000000    0.000000       -3.796300        1.000000   15.581778    2.056391    0.930613   23.337781
    0.421569    0.263414    0.000000   -0.000000    0.000000       -3.796300        1.000000   15.960463    2.106267    0.930613   23.337781
    0.431373    0.263414    0.000000    0.000000    0.000000       -3.796300        1.000000   16.339149    2.156143    0.930613   23.337781
    0.441176    0.263414   -0.000000    0.000000    0.000000       -3.796300        1.000000   16.717834    2.206018    0.930613   23.337781
    0.450980    0.263414   -0.000000   -0.000000    0.000000       -3.796300        1.000000   17.096520    2.255894    0.930613   23.337781
    0.460784    0.263414    0.000000   -0.000000    0.000000       -3.796300        1.000000   17.475205    2.305770    0.930613   23.337781
    0.470588    0.263414    0.000000    0.000000    0.000000       -3.796300        1.000000   17.853891    2.355645    0.930613   23.337781
    0.480392    0.263414   -0.000000    0.000000    0.000000       -3.796300        1.000000   18.232576    2.405521    0.930613   23.337781
    0.490196    0.263414   -0.000000   -0.000000    0.000000       -3.796300        1.000000   18.611262    2.455396    0.930613   23.337781
    0.500000    0.263414    0.000000   -0.000000    0.000000       -3.796300        1.000000   18.989948    2.505272    0.930613   23.337781
    0.509804    0.263414    0.000000    0.000000    0.000000       -3.796300        1.000000   19.368633    2.555148    0.930613   23.337781
    0.519608    0.263414   -0.000000    0.000000    0.000000       -3.796300        1.000000   19.747319    2.605023    0.930613   23.337781
    0.529412    0.263414   -0.000000   -0.000000    0.000000       -3.796300        1.000000   20.126004    2.654899    0.930613   23.337781
    0.539216    0.263414    0.000000    0.000000    0.000000       -3.796300        1.000000   20.504690    2.704774    0.930613   23.337781
    0.549020    0.263414   -0.000000   -0.000000    0.000000       -3.796300        1.000000   20.883375    2.754650    0.930613   23.337781
    0.558824    0.263414    0.000000   -0.000000    0.000000       -3.796300        1.000000   21.262061    2.804526    0.930613   23.337781
    0.568627    0.263414    0.000000    0.000000    0.000000       -3.796300        1.000000   21.640746    2.854401    0.930613   23.337781
    0.578431    0.263414   -0.000000    0.000000    0.000000       -3.796300        1.000000   22.019432    2.904277    0.930613   23.337781
    0.588235    0.263414   -0.000000   -0.000000    0.000000       -3.796300        1.000000   22.398118    2.954152    0.930613   23.337781
    0.598039    0.263414    0.000000   -0.000000    0.000000       -3.796300        1.000000   22.776803    3.004028    0.930613   23.337781
    0.607843    0.263414    0.000000    0.000000    0.000000       -3.796300        1.000000   23.155489    3.053904    0.930613   23.337781
    0.617647    0.263414    0.000000   -0.000000    0.000000       -3.796300        1.000000   23.534174    3.103779    0.930613   23.337781
    0.627451    0.263414    0.000000   -0.000000    0.000000       -3.796300        1.000000   23.912860    3.153655    0.930613   23.337781
    0.637255    0.263414    0.000000    0.000000    0.000000       -3.796300        1.000000   24.291545    3.203531    0.930613   23.337781
    0.647059    0.263414   -0.000000    0.000000    0.000000       -3.796300        1.000000   24.670231    3.253406    0.930613   23.337781
    0.656863    0.263414   -0.000000   -0.000000    0.000000       -3.796300        1.000000   25.048916    3.303282    0.930613   23.337781
    0.666667    0.263414    0.000000   -0.000000    0.000000       -3.796300        1.000000   25.427602    3.353157    0.930613   23.337781
    0.676471    0.263414    0.000000   -0.000000    0.000000       -3.796300        1.000000   25.806288    3.403033    0.930613   23.337781
    0.686275    0.263414    0.000000    0.000000    0.000000       -3.796300        1.000000   26.184973    3.452909    0.930613   23.337781
    0.696078    0.263414    0.000000    0.000000    0.000000       -3.796300        1.000000   26.563659    3.502784    0.930613   23.337781
    0.705882    0.263414    0.000000   -0.000000    0.000000       -3.796300        1.000000   26.942344    3.552660    0.930613   23.337781
    0.715686    0.263414   -0.000000    0.000000    0.000000       -3.796300        1.000000   27.321030    3.602535    0.930613   23.337781
    0.725490    0.263414   -0.000000   -0.000000    0.000000       -3.796300        1.000000   27.699715    3.652411    0.930613   23.337781
    0.735294    0.263414    0.000000   -0.000000    0.000000       -3.796300        1.000000   28.078401    3.702287    0.930613   23.337781
    0.745098    0.263414    0.000000    0.000000    0.000000       -3.796300        1.000000   28.457087    3.752162    0.930613   23.337781
    0.754902    0.263414    0.000000    0.000000    0.000000       -3.796300        1.000000   28.835772    3.802038    0.930613   23.337781
    0.764706    0.263414    0.000000   -0.000000    0.000000       -3.796300        1.000000   29.214458    3.851913    0.930613   23.337781
    0.774510    0.263414    0.000000   -0.000000    0.000000       -3.796300        1.000000   29.593143    3.901789    0.930613   23.337781
    0.784314    0.263414    0.000000   -0.000000    0.000000       -3.796300        1.000000   29.971829    3.951665    0.930613   23.337781
    0.794118    0.263414    0.000000   -0.000000    0.000000       -3.796300        1.000000   30.350514    4.001540    0.930613   23.337781
    0.803922    0.263414    0.000000   -0.000000    0.000000       -3.796300        1.000000   30.729200    4.051416    0.930613   23.337781
    0.813725    0.263414    0.000000   -0.000000    0.000000       -3.796300        1.000000   31.107885    4.101292    0.930613   23.337781
    0.823529    0.263414    0.000000   -0.000000    0.000000       -3.796300        1.000000   31.486571    4.151167    0.930613   23.337781
    0.833333    0.263414    0.000000   -0.000000    0.000000       -3.796300        1.000000   31.865257    4.201043    0.930613   23.337781
    0.843137    0.263414    0.000000   -0.000000    0.000000       -3.796300        1.000000   32.243942    4.250918    0.930613   23.337781
    0.852941    0.263414    0.000000   -0.000000    0.000000       -3.796300        1.000000   32.622628    4.300794    0.930613   23.337781
    0.862745    0.263414    0.000000   -0.000000    0.000000       -3.796300        1.000000   33.001313    4.350670    0.930613   23.337781
    0.872549    0.263414    0.000000   -0.000000    0.000000       -3.796300        1.000000   33.379999    4.400545    0.930613   23.337781
    0.882353    0.263414    0.000000   -0.000000    0.000000       -3.796300        1.000000   33.758684    4.450421    0.930613   23.337781
    0.892157    0.263414    0.000000   -0.000001    0.000000       -3.796301        1.000000   34.137370    4.500296    0.930613   23.337781
    0.901961    0.263414    0.000001   -0.000005    0.000000       -3.796307        1.000000   34.516055    4.550172    0.930613   23.337781
    0.911765    0.263414    0.000004   -0.000023    0.000000       -3.796331        1.000000   34.894740    4.600047    0.930613   23.337781
    0.921569    0.263412    0.000016   -0.000104    0.000000       -3.796438        1.000000   35.273422    4.649923    0.930613   23.337781
    0.931373    0.263404    0.000071   -0.000464    0.000000       -3.796920        1.000000   35.652092    4.699796    0.930613   23.337781
    0.941176    0.263366    0.000317   -0.002080    0.000000       -3.799078        1.000000   36.030708    4.749662    0.930613   23.337781
    0.950980    0.263197    0.001421   -0.009311    0.000000       -3.808735        1.000000   36.409082    4.799495    0.930613   23.337781
    0.960784    0.262443    0.006360   -0.041629    0.000000       -3.851897        1.000000   36.786371    4.849180    0.930613   23.337781
    0.970588    0.259074    0.028375   -0.185034    0.000000       -4.043383        1.000000   37.158817    4.898202    0.930613   23.337781
    0.980392    0.244156    0.124901   -0.799856    0.000000       -4.863689        1.000000   37.509817    4.944254    0.930613   23.337781
    0.990196    0.181749    0.514241   -2.989398    0.000000       -7.779896        1.000000   37.771100    4.977860    0.930613   23.337781
    1.000000    0.000000    1.570796   -5.684639    0.000000      -11.369277        1.000000   37.771100    4.984660    0.930613   23.337781
