           t           r         psi          cs          qs               p             sig           A           V          Q2           S
    0.000000    0.000000   -1.570796   -0.998689    0.000000       -1.997377        1.000000    0.000000    0.000000    0.004015    4.602760
    0.009804    0.045110   -1.525730   -0.998689    0.000000       -1.997378        1.000000    0.000000    0.000003    0.004015    4.602760
    0.019608    0.090128   -1.480664   -0.998690    0.000000       -1.997379        1.000000    0.025554    0.000052    0.004015    4.602760
    0.029412    0.134963   -1.435598   -0.998692    0.000000       -1.997382        1.000000    0.063820    0.000262    0.004015    4.602760
    0.039216    0.179524   -1.390532   -0.998695    0.000000       -1.997385        1.000000    0.114720    0.000824    0.004015    4.602760
    0.049020    0.223721   -1.345466   -0.998698    0.000000       -1.997390        1.000000    0.178152    0.001999    0.004015    4.602760
    0.058824    0.267463   -1.300400   -0.998703    0.000000       -1.997396        1.000000    0.253986    0.004113    0.004015    4.602760
    0.068627    0.310663   -1.255333   -0.998709    0.000000       -1.997404        1.000000    0.342068    0.007554    0.004015    4.602760
    0.078431    0.353231   -1.210266   -0.998717    0.000000       -1.997414        1.000000    0.442219    0.012756    0.004015    4.602760
    0.088235    0.395082   -1.165198   -0.998726    0.000000       -1.997426        1.000000    0.554236    0.020199    0.004015    4.602760
    0.098039    0.436131   -1.120131   -0.998737    0.000000       -1.997440        1.000000    0.677892    0.030393    0.004015    4.602760
    0.107843    0.476294   -1.075062   -0.998752    0.000000       -1.997458        1.000000    0.812935    0.043869    0.004015    4.602760
    0.117647    0.515490   -1.029993   -0.998769    0.000000       -1.997479        1.000000    0.959092    0.061170    0.004015    4.602760
    0.127451    0.553639   -0.984923   -0.998791    0.000000       -1.997506        1.000000    1.116065    0.082836    0.004015    4.602760
    0.137255    0.590663   -0.939852   -0.998818    0.000000       -1.997538        1.000000    1.283535    0.109395    0.004015    4.602760
    0.147059    0.626488   -0.894779   -0.998851    0.000000       -1.997578        1.000000    1.461163    0.141351    0.004015    4.602760
    0.156863    0.661041   -0.849705   -0.998894    0.000000       -1.997628        1.000000    1.648588    0.179172    0.004015    4.602760
    0.166667    0.694251   -0.804629   -0.998947    0.000000       -1.997691        1.000000    1.845428    0.223280    0.004015    4.602760
    0.176471    0.726051   -0.759550   -0.999016    0.000000       -1.997770        1.000000    2.051285    0.274039    0.004015    4.602760
    0.186275    0.756376   -0.714467   -0.999106    0.000000       -1.997872        1.000000    2.265740    0.331750    0.004015    4.602760
    0.196078    0.785164   -0.669380   -0.999224    0.000000       -1.998004        1.000000    2.488357    0.396641    0.004015    4.602760
    0.205882    0.812357   -0.624286   -0.999382    0.000000       -1.998179        1.000000    2.718684    0.468857    0.004015    4.602760
    0.215686    0.837899   -0.579185   -0.999596    0.000000       -1.998415        1.000000    2.956253    0.548462    0.004015    4.602760
    0.225490    0.861738   -0.534071   -0.999895    0.000000       -1.998739        1.000000    3.200581    0.635427    0.004015    4.602760
    0.235294    0.883824   -0.488942   -1.000321    0.000000       -1.999196        1.000000    3.451171    0.729633    0.004015    4.602760
    0.245098    0.904113   -0.443789   -1.000947    0.000000       -1.999861        1.000000    3.707514    0.830868    0.004015    4.602760
    0.254902    0.922561   -0.398601   -1.001903    0.000000       -2.000867        1.000000    3.969087    0.938829    0.004015    4.602760
    0.264706    0.939129   -0.353359   -1.003430    0.000000       -2.002458        1.000000    4.235357    1.053122    0.004015    4.602760
    0.274510    0.953780   -0.308026   -1.006013    0.000000       -2.005126        1.000000    4.505782    1.173268    0.004015    4.602760
    0.284314    0.966479   -0.262535   -1.010718    0.000000       -2.009948        1.000000    4.779807    1.298709    0.004015    4.602760
    0.294118    0.977190   -0.216739   -1.020182    0.000000       -2.019582        1.000000    5.056869    1.428810    0.004015    4.602760
    0.303922    0.985871   -0.170284   -1.042011    0.000000       -2.041672        1.000000    5.336393    1.562873    0.004015    4.602760
    0.313725    0.992455   -0.122145   -1.102627    0.000000       -2.102723        1.000000    5.617783    1.700135    0.004015    4.602760
    0.323529    0.996789   -0.068842   -1.293116    0.000000       -2.293961        1.000000    5.900402    1.839771    0.004015    4.602760
    0.333333    0.998518   -0.008884   -1.084353    0.000000       -2.085798        1.000000    6.183511    1.980810    0.004015    4.602760
    0.343137    0.998283    0.010564    0.034709    0.000000       -0.966955        1.000000    6.466553    2.122137    0.004015    4.602760
    0.352941    0.997928    0.004346    0.159037    0.000000       -0.843030        1.000000    6.749495    2.263354    0.004015    4.602760
    0.362745    0.997866   -0.000869    0.065030    0.000000       -0.937109        1.000000    7.032420    2.404517    0.004015    4.602760
    0.372549    0.997940   -0.001832   -0.012705    0.000000       -1.014767        1.000000    7.315365    2.545686    0.004015    4.602760
    0.382353    0.998000   -0.000710   -0.027619    0.000000       -1.029623        1.000000    7.598327    2.686877    0.004015    4.602760
    0.392157    0.998009    0.000171   -0.009974    0.000000       -1.011969        1.000000    7.881292    2.828078    0.004015    4.602760
    0.401961    0.997997    0.000281    0.002933    0.000000       -0.999075        1.000000    8.164253    2.969277    0.004015    4.602760
    0.411765    0.997988    0.000088    0.004196    0.000000       -0.997820        1.000000    8.447212    3.110473    0.004015    4.602760
    0.421569    0.997987   -0.000036    0.001229    0.000000       -1.000788        1.000000    8.730171    3.251667    0.004015    4.602760
    0.431373    0.997990   -0.000043   -0.000589    0.000000       -1.002603        1.000000    9.013130    3.392862    0.004015    4.602760
    0.441176    0.997991   -0.000011   -0.000639    0.000000       -1.002652        1.000000    9.296090    3.534057    0.004015    4.602760
    0.450980    0.997991    0.000007   -0.000146    0.000000       -1.002159        1.000000    9.579050    3.675253    0.004015    4.602760
    0.460784    0.997990    0.000006    0.000109    0.000000       -1.001904        1.000000    9.862009    3.816449    0.004015    4.602760
    0.470588    0.997990    0.000001    0.000095    0.000000       -1.001919        1.000000   10.144969    3.957644    0.004015    4.602760
    0.480392    0.997990   -0.000001    0.000016    0.000000       -1.001998        1.000000   10.427929    4.098840    0.004015    4.602760
    0.490196    0.997990   -0.000001   -0.000019    0.000000       -1.002033        1.000000   10.710888    4.240035    0.004015    4.602760
    0.500000    0.997990   -0.000000   -0.000014    0.000000       -1.002028        1.000000   10.993848    4.381230    0.004015    4.602760
    0.509804    0.997990    0.000000   -0.000001    0.000000       -1.002015        1.000000   11.276807    4.522426    0.004015    4.602760
    0.519608    0.997990    0.000000    0.000003    0.000000       -1.002010        1.000000   11.559767    4.663621    0.004015    4.602760
    0.529412    0.997990    0.000000    0.000002    0.000000       -1.002012        1.000000   11.842726    4.804817    0.004015    4.602760
    0.539216    0.997990   -0.000000   -0.000000    0.000000       -1.002014        1.000000   12.125686    4.946012    0.004015    4.602760
    0.549020    0.997990    0.000000   -0.000001    0.000000       -1.002015        1.000000   12.408646    5.087208    0.004015    4.602760
    0.558824    0.997990    0.000000   -0.000003    0.000000       -1.002017        1.000000   12.691605    5.228403    0.004015    4.602760
    0.568627    0.997990    0.000000   -0.000010    0.000000       -1.002023        1.000000   12.974565    5.369599    0.004015    4.602760
    0.578431    0.997990    0.000001   -0.000034    0.000000       -1.002048        1.000000   13.257524    5.510794    0.004015    4.602760
    0.588235    0.997990    0.000004   -0.000121    0.000000       -1.002135        1.000000   13.540484    5.651989    0.004015    4.602760
    0.598039    0.997990    0.000015   -0.000427    0.000000       -1.002441        1.000000   13.823443    5.793185    0.004015    4.602760
    0.607843    0.997988    0.000054   -0.001505    0.000000       -1.003520        1.000000   14.106402    5.934380    0.004015    4.602760
    0.617647    0.997984    0.000190   -0.005283    0.000000       -1.007304        1.000000   14.389360    6.075574    0.004015    4.602760
    0.627451    0.997966    0.000664   -0.018362    0.000000       -1.020399        1.000000   14.672313    6.216766    0.004015    4.602760
    0.637255    0.997907    0.002284   -0.061620    0.000000       -1.063715        1.000000   14.955249    6.357948    0.004015    4.602760
    0.647059    0.997709    0.007432   -0.185744    0.000000       -1.188013        1.000000   15.238128    6.499096    0.004015    4.602760
    0.656863    0.997109    0.021012   -0.434185    0.000000       -1.436863        1.000000   15.520838    6.640127    0.004015    4.602760
    0.666667    0.995622    0.046980   -0.705161    0.000000       -1.708450        1.000000   15.803126    6.780811    0.004015    4.602760
    0.676471    0.992721    0.082930   -0.868545    0.000000       -1.872415        1.000000   16.084592    6.920669    0.004015    4.602760
    0.686275    0.988073    0.124004   -0.941595    0.000000       -1.945895        1.000000   16.364739    7.059018    0.004015    4.602760
    0.696078    0.981529    0.167298   -0.973031    0.000000       -1.977625        1.000000   16.643032    7.195088    0.004015    4.602760
    0.705882    0.973035    0.211572   -0.987487    0.000000       -1.992284        1.000000   16.918916    7.328100    0.004015    4.602760
    0.715686    0.962576    0.256313   -0.994735    0.000000       -1.999675        1.000000   17.191834    7.457304    0.004015    4.602760
    0.725490    0.950159    0.301298   -0.998668    0.000000       -2.003712        1.000000   17.461232    7.581998    0.004015    4.602760
    0.735294    0.935801    0.346419   -1.000950    0.000000       -2.006072        1.000000   17.726559    7.701541    0.004015    4.602760
    0.745098    0.919526    0.391620   -1.002349    0.000000       -2.007532        1.000000   17.987272    7.815364    0.004015    4.602760
    0.754902    0.901365    0.436873   -1.003248    0.000000       -2.008478        1.000000   18.242835    7.922973    0.004015    4.602760
    0.764706    0.881353    0.482159   -1.003847    0.000000       -2.009115        1.000000   18.492725    8.023963    0.004015    4.602760
    0.774510    0.859530    0.527468   -1.004259    0.000000       -2.009558        1.000000   18.736427    8.118015    0.004015    4.602760
    0.784314    0.835941    0.572792   -1.004551    0.000000       -2.009874        1.000000   18.973441    8.204902    0.004015    4.602760
    0.794118    0.810633    0.618128   -1.004762    0.000000       -2.010106        1.000000   19.203279    8.284492    0.004015    4.602760
    0.803922    0.783658    0.663471   -1.004918    0.000000       -2.010279        1.000000   19.425469    8.356744    0.004015    4.602760
    0.813725    0.755071    0.708821   -1.005035    0.000000       -2.010411        1.000000   19.639554    8.421706    0.004015    4.602760
    0.823529    0.724931    0.754175   -1.005124    0.000000       -2.010512        1.000000   19.845093    8.479516    0.004015    4.602760
    0.833333    0.693299    0.799533   -1.005193    0.000000       -2.010591        1.000000   20.041663    8.530389    0.004015    4.602760
    0.843137    0.660241    0.844894   -1.005247    0.000000       -2.010654        1.000000   20.228861    8.574619    0.004015    4.602760
    0.852941    0.625824    0.890257   -1.005290    0.000000       -2.010704        1.000000   20.406300    8.612563    0.004015    4.602760
    0.862745    0.590119    0.935622   -1.005323    0.000000       -2.010744        1.000000   20.573617    8.644638    0.004015    4.602760
    0.872549    0.553200    0.980988   -1.005350    0.000000       -2.010777        1.000000   20.730465    8.671307    0.004015    4.602760
    0.882353    0.515143    1.026355   -1.005372    0.000000       -2.010803        1.000000   20.876523    8.693071    0.004015    4.602760
    0.892157    0.476025    1.071723   -1.005390    0.000000       -2.010825        1.000000   21.011490    8.710455    0.004015    4.602760
    0.901961    0.435928    1.117091   -1.005404    0.000000       -2.010843        1.000000   21.135089    8.724001    0.004015    4.602760
    0.911765    0.394933    1.162460   -1.005416    0.000000       -2.010858        1.000000   21.247064    8.734251    0.004015    4.602760
    0.921569    0.353126    1.207830   -1.005425    0.000000       -2.010869        1.000000   21.347185    8.741736    0.004015    4.602760
    0.931373    0.310592    1.253200   -1.005432    0.000000       -2.010879        1.000000   21.435247    8.746970    0.004015    4.602760
    0.941176    0.267419    1.298571   -1.005439    0.000000       -2.010887        1.000000   21.511068    8.750432    0.004015    4.602760
    0.950980    0.223695    1.343941   -1.005443    0.000000       -2.010893        1.000000   21.574493    8.752560    0.004015    4.602760
    0.960784    0.179511    1.389312   -1.005447    0.000000       -2.010898        1.000000   21.625389    8.753742    0.004015    4.602760
    0.970588    0.134958    1.434683   -1.005450    0.000000       -2.010902        1.000000   21.663654    8.754308    0.004015    4.602760
    0.980392    0.090126    1.480054   -1.005452    0.000000       -2.010904        1.000000   21.689207    8.754519    0.004015    4.602760
    0.990196    0.045110    1.525425   -1.005453    0.000000       -2.010906        1.000000   21.701997    8.754568    0.004015    4.602760
    1.000000    0.000000    1.570796   -1.005453    0.000000       -2.010906        1.000000   21.701997    8.754572    0.004015    4.602760
