           t           r         psi          cs          qs               p             sig           A           V          Q2           S
    0.000000    0.000000   -1.570796   -2.445963    0.000000       -4.891927        1.000000    0.000000    0.000000    0.925268   34.566622
    0.009804    0.283181   -0.466639   -3.952490    0.000000       -7.106250        1.000000    0.000000    0.022447    0.925268   34.566622
    0.019608    0.288667    0.170015    0.226674    0.000000       -3.187580        1.000000    0.614658    0.118912    0.925268   34.566622
    0.029412    0.264788   -0.024898    0.299087    0.000000       -3.476351        1.000000    1.178471    0.196584    0.925268   34.566622
    0.039216    0.275050   -0.010270   -0.155808    0.000000       -3.791316        1.000000    1.764135    0.274493    0.925268   34.566622
    0.049020    0.273648    0.007148    0.030383    0.000000       -3.623852        1.000000    2.346813    0.354897    0.925268   34.566622
    0.058824    0.273056   -0.001826    0.005266    0.000000       -3.656976        1.000000    2.928232    0.434292    0.925268   34.566622
    0.068627    0.273471   -0.000066   -0.005774    0.000000       -3.662471        1.000000    3.510533    0.513827    0.925268   34.566622
    0.078431    0.273365    0.000241    0.001819    0.000000       -3.656289        1.000000    4.092610    0.593422    0.925268   34.566622
    0.088235    0.273361   -0.000094   -0.000093    0.000000       -3.658253        1.000000    4.674678    0.672975    0.925268   34.566622
    0.098039    0.273375    0.000011   -0.000173    0.000000       -3.658146        1.000000    5.256776    0.752538    0.925268   34.566622
    0.107843    0.273370    0.000006    0.000084    0.000000       -3.657962        1.000000    5.838863    0.832102    0.925268   34.566622
    0.117647    0.273371   -0.000004   -0.000015    0.000000       -3.658052        1.000000    6.420950    0.911665    0.925268   34.566622
    0.127451    0.273371    0.000001   -0.000003    0.000000       -3.658036        1.000000    7.003039    0.991228    0.925268   34.566622
    0.137255    0.273371    0.000000    0.000003    0.000000       -3.658032        1.000000    7.585127    1.070791    0.925268   34.566622
    0.147059    0.273371   -0.000000   -0.000001    0.000000       -3.658036        1.000000    8.167215    1.150354    0.925268   34.566622
    0.156863    0.273371    0.000000    0.000000    0.000000       -3.658035        1.000000    8.749304    1.229917    0.925268   34.566622
    0.166667    0.273371   -0.000000    0.000000    0.000000       -3.658035        1.000000    9.331392    1.309480    0.925268   34.566622
    0.176471    0.273371   -0.000000   -0.000000    0.000000       -3.658035        1.000000    9.913480    1.389043    0.925268   34.566622
    0.186275    0.273371    0.000000    0.000000    0.000000       -3.658035        1.000000   10.495568    1.468606    0.925268   34.566622
    0.196078    0.273371   -0.000000    0.000000    0.000000       -3.658035        1.000000   11.077656    1.548168    0.925268   34.566622
    0.205882    0.273371   -0.000000   -0.000000    0.000000       -3.658035        1.000000   11.659745    1.627731    0.925268   34.566622
    0.215686    0.273371    0.000000    0.000000    0.000000       -3.658035        1.000000   12.241833    1.707294    0.925268   34.566622
    0.225490    0.273371   -0.000000   -0.000000    0.000000       -3.658035        1.000000   12.823921    1.786857    0.925268   34.566622
    0.235294    0.273371    0.000000   -0.000000    0.000000       -3.658035        1.000000   13.406009    1.866420    0.925268   34.566622
    0.245098    0.273371    0.000000    0.000000    0.000000       -3.658035        1.000000   13.988098    1.945983    0.925268   34.566622
    0.254902    0.273371   -0.000000   -0.000000    0.000000       -3.658035        1.000000   14.570186    2.025546    0.925268   34.566622
    0.264706    0.273371    0.000000   -0.000000    0.000000       -3.658035        1.000000   15.152274    2.105109    0.925268   34.566622
    0.274510    0.273371    0.000000    0.000000    0.000000       -3.658035        1.000000   15.734362    2.184672    0.925268   34.566622
    0.284314    0.273371   -0.000000   -0.000000    0.000000       -3.658035        1.000000   16.316451    2.264235    0.925268   34.566622
    0.294118    0.273371    0.000000   -0.000000    0.000000       -3.658035        1.000000   16.898539    2.343798    0.925268   34.566622
    0.303922    0.273371    0.000000    0.000000    0.000000       -3.658035        1.000000   17.480627    2.423361    0.925268   34.566622
    0.313725    0.273371   -0.000000   -0.000000    0.000000       -3.658035        1.000000   18.062715    2.502924    0.925268   34.566622
    0.323529    0.273371    0.000000   -0.000000    0.000000       -3.658035        1.000000   18.644803    2.582487    0.925268   34.566622
    0.333333    0.273371    0.000000    0.000000    0.000000       -3.658035        1.000000   19.226892    2.662050    0.925268   34.566622
    0.343137    0.273371   -0.000000    0.000000    0.000000       -3.658035        1.000000   19.808980    2.741613    0.925268   34.566622
    0.352941    0.273371    0.000000   -0.000000    0.000000       -3.658035        1.000000   20.391068    2.821176    0.925268   34.566622
    0.362745    0.273371    0.000000    0.000000    0.000000       -3.658035        1.000000   20.973156    2.900739    0.925268   34.566622
    0.372549    0.273371    0.000000    0.000000    0.000000       -3.658035        1.000000   21.555245    2.980302    0.925268   34.566622
    0.382353    0.273371    0.000000   -0.000000    0.000000       -3.658035        1.000000   22.137333    3.059865    0.925268   34.566622
    0.392157    0.273371   -0.000000    0.000000    0.000000       -3.658035        1.000000   22.719421    3.139428    0.925268   34.566622
    0.401961    0.273371    0.000000   -0.000000    0.000000       -3.658035        1.000000   23.301509    3.218991    0.925268   34.566622
    0.411765    0.273371    0.000000    0.000000    0.000000       -3.658035        1.000000   23.883597    3.298554    0.925268   34.566622
    0.421569    0.273371    0.000000   -0.000000    0.000000       -3.658035        1.000000   24.465686    3.378117    0.925268   34.566622
    0.431373    0.273371    0.000000    0.000000    0.000000       -3.658035        1.000000   25.047774    3.457680    0.925268   34.566622
    0.441176    0.273371   -0.000000    0.000000    0.000000       -3.658035        1.000000   25.629862    3.537243    0.925268   34.566622
    0.450980    0.273371    0.000000   -0.000000    0.000000       -3.658035        1.000000   26.211950    3.616806    0.925268   34.566622
    0.460784    0.273371    0.000000    0.000000    0.000000       -3.658035        1.000000   26.794039    3.696369    0.925268   34.566622
    0.470588    0.273371    0.000000   -0.000000    0.000000       -3.658035        1.000000   27.376127    3.775932    0.925268   34.566622
    0.480392    0.273371    0.000000   -0.000000    0.000000       -3.658035        1.000000   27.958215    3.855495    0.925268   34.566622
    0.490196    0.273371    0.000000    0.000000    0.000000       -3.658035        1.000000   28.540303    3.935058    0.925268   34.566622
    0.500000    0.273371   -0.000000    0.000000    0.000000       -3.658035        1.000000   29.122391    4.014621    0.925268   34.566622
    0.509804    0.273371    0.000000   -0.000000    0.000000       -3.658035        1.000000   29.704480    4.094184    0.925268   34.566622
    0.519608    0.273371    0.000000    0.000000    0.000000       -3.658035        1.000000   30.286568    4.173747    0.925268   34.566622
    0.529412    0.273371    0.000000   -0.000000    0.000000       -3.658035        1.000000   30.868656    4.253310    0.925268   34.566622
    0.539216    0.273371    0.000000    0.000000    0.000000       -3.658035        1.000000   31.450744    4.332873    0.925268   34.566622
    0.549020    0.273371    0.000000    0.000000    0.000000       -3.658035        1.000000   32.032833    4.412435    0.925268   34.566622
    0.558824    0.273371   -0.000000   -0.000000    0.000000       -3.658035        1.000000   32.614921    4.491998    0.925268   34.566622
    0.568627    0.273371    0.000000   -0.000000    0.000000       -3.658035        1.000000   33.197009    4.571561    0.925268   34.566622
    0.578431    0.273371    0.000000    0.000000    0.000000       -3.658035        1.000000   33.779097    4.651124    0.925268   34.566622
    0.588235    0.273371    0.000000   -0.000000    0.000000       -3.658035        1.000000   34.361186    4.730687    0.925268   34.566622
    0.598039    0.273371    0.000000    0.000000    0.000000       -3.658035        1.000000   34.943274    4.810250    0.925268   34.566622
    0.607843    0.273371    0.000000    0.000000    0.000000       -3.658035        1.000000   35.525362    4.889813    0.925268   34.566622
    0.617647    0.273371    0.000000   -0.000000    0.000000       -3.658035        1.000000   36.107450    4.969376    0.925268   34.566622
    0.627451    0.273371    0.000000    0.000000    0.000000       -3.658035        1.000000   36.689538    5.048939    0.925268   34.566622
    0.637255    0.273371    0.000000   -0.000000    0.000000       -3.658035        1.000000   37.271627    5.128502    0.925268   34.566622
    0.647059    0.273371    0.000000   -0.000000    0.000000       -3.658035        1.000000   37.853715    5.208065    0.925268   34.566622
    0.656863    0.273371    0.000000    0.000000    0.000000       -3.658035        1.000000   38.435803    5.287628    0.925268   34.566622
    0.666667    0.273371    0.000000   -0.000000    0.000000       -3.658035        1.000000   39.017891    5.367191    0.925268   34.566622
    0.676471    0.273371    0.000000    0.000000    0.000000       -3.658035        1.000000   39.599980    5.446754    0.925268   34.566622
    0.686275    0.273371    0.000000   -0.000000    0.000000       -3.658035        1.000000   40.182068    5.526317    0.925268   34.566622
    0.696078    0.273371    0.000000    0.000000    0.000000       -3.658035        1.000000   40.764156    5.605880    0.925268   34.566622
    0.705882    0.273371    0.000000    0.000000    0.000000       -3.658035        1.000000   41.346244    5.685443    0.925268   34.566622
    0.715686    0.273371    0.000000    0.000000    0.000000       -3.658035        1.000000   41.928332    5.765006    0.925268   34.566622
    0.725490    0.273371    0.000000   -0.000000    0.000000       -3.658035        1.000000   42.510421    5.844569    0.925268   34.566622
    0.735294    0.273371    0.000000    0.000000    0.000000       -3.658035        1.000000   43.092509    5.924132    0.925268   34.566622
    0.745098    0.273371    0.000000    0.000000    0.000000       -3.658035        1.000000   43.674597    6.003695    0.925268   34.566622
    0.754902    0.273371    0.000000    0.000000    0.000000       -3.658035        1.000000   44.256685    6.083258    0.925268   34.566622
    0.764706    0.273371    0.000000   -0.000000    0.000000       -3.658035        1.000000   44.838774    6.162821    0.925268   34.566622
    0.774510    0.273371    0.000000    0.000000    0.000000       -3.658035        1.000000   45.420862    6.242384    0.925268   34.566622
    0.784314    0.273371    0.000000   -0.000000    0.000000       -3.658035        1.000000   46.002950    6.321947    0.925268   34.566622
    0.794118    0.273371    0.000000    0.000000    0.000000       -3.658035        1.000000   46.585038    6.401510    0.925268   34.566622
    0.803922    0.273371    0.000000   -0.000000    0.000000       -3.658035        1.000000   47.167127    6.481073    0.925268   34.566622
    0.813725    0.273371    0.000000    0.000000    0.000000       -3.658035        1.000000   47.749215    6.560636    0.925268   34.566622
    0.823529    0.273371    0.000000   -0.000000    0.000000       -3.658035        1.000000   48.331303    6.640199    0.925268   34.566622
    0.833333    0.273371    0.000000   -0.000000    0.000000       -3.658035        1.000000   48.913391    6.719762    0.925268   34.566622
    0.843137    0.273371    0.000000   -0.000000    0.000000       -3.658035        1.000000   49.495479    6.799325    0.925268   34.566622
    0.852941    0.273371    0.000000   -0.000000    0.000000       -3.658035        1.000000   50.077568    6.878888    0.925268   34.566622
    0.862745    0.273371    0.000000   -0.000000    0.000000       -3.658035        1.000000   50.659656    6.958451    0.925268   34.566622
    0.872549    0.273371    0.000000   -0.000000    0.000000       -3.658035        1.000000   51.241744    7.038014    0.925268   34.566622
    0.882353    0.273371    0.000000   -0.000000    0.000000       -3.658035        1.000000   51.823832    7.117577    0.925268   34.566622
    0.892157    0.273371    0.000000   -0.000000    0.000000       -3.658035        1.000000   52.405921    7.197140    0.925268   34.566622
    0.901961    0.273371    0.000000   -0.000000    0.000000       -3.658035        1.000000   52.988009    7.276702    0.925268   34.566622
    0.911765    0.273371    0.000000   -0.000000    0.000000       -3.658035        1.000000   53.570097    7.356265    0.925268   34.566622
    0.921569    0.273371    0.000000   -0.000001    0.000000       -3.658035        1.000000   54.152185    7.435828    0.925268   34.566622
    0.931373    0.273371    0.000001   -0.000005    0.000000       -3.658041        1.000000   54.734273    7.515391    0.925268   34.566622
    0.941176    0.273370    0.000007   -0.000041    0.000000       -3.658090        1.000000   55.316359    7.594954    0.925268   34.566622
    0.950980    0.273362    0.000056   -0.000355    0.000000       -3.658507        1.000000   55.898429    7.674515    0.925268   34.566622
    0.960784    0.273295    0.000479   -0.003039    0.000000       -3.662086        1.000000   56.480356    7.754060    0.925268   34.566622
    0.970588    0.272723    0.004108   -0.026024    0.000000       -3.692721        1.000000   57.061064    7.833468    0.925268   34.566622
    0.980392    0.267830    0.035021   -0.220645    0.000000       -3.952063        1.000000   57.631355    7.911699    0.925268   34.566622
    0.990196    0.227223    0.285650   -1.705130    0.000000       -5.927767        1.000000   58.115180    7.979976    0.925268   34.566622
    1.000000    0.000000    1.570796   -5.466241    0.000000      -10.932481        1.000000   58.115180    8.000589    0.925268   34.566622
