           t           r         psi          cs          qs               p             sig           A           V          Q2           S
    0.000000    0.000000   -1.570796   -1.185326    0.000000       -2.370651        1.000000    0.000000   -0.000000    0.585620    7.328103
    0.009804    0.071757   -1.485484   -1.191747    0.000000       -2.379206        1.000000    0.000000    0.000025    0.585620    7.328103
    0.019608    0.142989   -1.399240   -1.211382    0.000000       -2.405293        1.000000    0.064546    0.000395    0.585620    7.328103
    0.029412    0.213149   -1.311082   -1.245257    0.000000       -2.450067        1.000000    0.160764    0.001987    0.585620    7.328103
    0.039216    0.281654   -1.219936   -1.294832    0.000000       -2.515146        1.000000    0.287906    0.006221    0.585620    7.328103
    0.049020    0.347854   -1.124617   -1.361606    0.000000       -2.602130        1.000000    0.444931    0.015000    0.585620    7.328103
    0.058824    0.411012   -1.023857   -1.446328    0.000000       -2.711680        1.000000    0.630466    0.030598    0.585620    7.328103
    0.068627    0.470277   -0.916399   -1.547517    0.000000       -2.841821        1.000000    0.842753    0.055499    0.585620    7.328103
    0.078431    0.524669   -0.801246   -1.658913    0.000000       -2.985105        1.000000    1.079595    0.092135    0.585620    7.328103
    0.088235    0.573100   -0.678128   -1.765937    0.000000       -3.124772        1.000000    1.338298    0.142518    0.585620    7.328103
    0.098039    0.614442   -0.548218   -1.842664    0.000000       -3.231655        1.000000    1.615663    0.207765    0.585620    7.328103
    0.107843    0.647698   -0.414936   -1.853571    0.000000       -3.266486        1.000000    1.908040    0.287613    0.585620    7.328103
    0.117647    0.672254   -0.284276   -1.765258    0.000000       -3.193089        1.000000    2.211503    0.380172    0.585620    7.328103
    0.127451    0.688128   -0.163972   -1.566149    0.000000       -2.999875        1.000000    2.522130    0.482176    0.585620    7.328103
    0.137255    0.696079   -0.061374   -1.278779    0.000000       -2.712693        1.000000    2.836348    0.589772    0.585620    7.328103
    0.147059    0.697467    0.018790   -0.950318    0.000000       -2.383826        1.000000    3.151191    0.699451    0.585620    7.328103
    0.156863    0.693948    0.075367   -0.629260    0.000000       -2.066200        1.000000    3.464446    0.808655    0.585620    7.328103
    0.166667    0.687172    0.110187   -0.348488    0.000000       -1.794903        1.000000    3.774642    0.915868    0.585620    7.328103
    0.176471    0.678584    0.126764   -0.122530    0.000000       -1.584363        1.000000    4.080962    1.020396    0.585620    7.328103
    0.186275    0.669343    0.129149    0.047040    0.000000       -1.434519        1.000000    4.383110    1.122071    0.585620    7.328103
    0.196078    0.660322    0.121235    0.165314    0.000000       -1.337982        1.000000    4.681186    1.221031    0.585620    7.328103
    0.205882    0.652130    0.106443    0.239856    0.000000       -1.284903        1.000000    4.975564    1.317567    0.585620    7.328103
    0.215686    0.645153    0.087628    0.278580    0.000000       -1.265494        1.000000    5.266793    1.412046    0.585620    7.328103
    0.225490    0.639596    0.067093    0.288918    0.000000       -1.271051        1.000000    5.555513    1.504867    0.585620    7.328103
    0.235294    0.635518    0.046632    0.277592    0.000000       -1.294218        1.000000    5.842392    1.596426    0.585620    7.328103
    0.245098    0.632864    0.027581    0.250597    0.000000       -1.328919        1.000000    6.128073    1.687109    0.585620    7.328103
    0.254902    0.631499    0.010872    0.213238    0.000000       -1.370202        1.000000    6.413138    1.777267    0.585620    7.328103
    0.264706    0.631232   -0.002922    0.170135    0.000000       -1.414061        1.000000    6.698083    1.867213    0.585620    7.328103
    0.274510    0.631843   -0.013532    0.125219    0.000000       -1.457309        1.000000    6.983303    1.957211    0.585620    7.328103
    0.284314    0.633100   -0.020948    0.081708    0.000000       -1.497475        1.000000    7.269091    2.047471    0.585620    7.328103
    0.294118    0.634781   -0.025366    0.042097    0.000000       -1.532744        1.000000    7.555637    2.138145    0.585620    7.328103
    0.303922    0.636681   -0.027134    0.008153    0.000000       -1.561914        1.000000    7.843041    2.229330    0.585620    7.328103
    0.313725    0.638626   -0.026700   -0.019055    0.000000       -1.584358        1.000000    8.131324    2.321069    0.585620    7.328103
    0.323529    0.640476   -0.024568   -0.039105    0.000000       -1.599973        1.000000    8.420441    2.413361    0.585620    7.328103
    0.333333    0.642127   -0.021249   -0.052141    0.000000       -1.609112        1.000000    8.710304    2.506168    0.585620    7.328103
    0.343137    0.643512   -0.017230   -0.058757    0.000000       -1.612498        1.000000    9.000792    2.599423    0.585620    7.328103
    0.352941    0.644597   -0.012938   -0.059880    0.000000       -1.611108        1.000000    9.291769    2.693044    0.585620    7.328103
    0.362745    0.645374   -0.008730   -0.056632    0.000000       -1.606063        1.000000    9.583097    2.786940    0.585620    7.328103
    0.372549    0.645860   -0.004877   -0.050208    0.000000       -1.598514        1.000000    9.874645    2.881023    0.585620    7.328103
    0.382353    0.646087   -0.001564   -0.041771    0.000000       -1.589547        1.000000   10.166295    2.975211    0.585620    7.328103
    0.392157    0.646100    0.001102   -0.032365    0.000000       -1.580113        1.000000   10.457951    3.069433    0.585620    7.328103
    0.401961    0.645945    0.003084   -0.022869    0.000000       -1.570980        1.000000   10.749537    3.163633    0.585620    7.328103
    0.411765    0.645673    0.004402   -0.013964    0.000000       -1.562722        1.000000   11.041000    3.257769    0.585620    7.328103
    0.421569    0.645327    0.005117   -0.006133    0.000000       -1.555714        1.000000   11.332308    3.351814    0.585620    7.328103
    0.431373    0.644950    0.005316    0.000329    0.000000       -1.550157        1.000000   11.623444    3.445752    0.585620    7.328103
    0.441176    0.644573    0.005105    0.005292    0.000000       -1.546102        1.000000   11.914411    3.539580    0.585620    7.328103
    0.450980    0.644223    0.004592    0.008758    0.000000       -1.543483        1.000000   12.205220    3.633302    0.585620    7.328103
    0.460784    0.643918    0.003881    0.010832    0.000000       -1.542149        1.000000   12.495891    3.726929    0.585620    7.328103
    0.470588    0.643668    0.003065    0.011689    0.000000       -1.541899        1.000000   12.786450    3.820474    0.585620    7.328103
    0.480392    0.643478    0.002225    0.011548    0.000000       -1.542502        1.000000   13.076922    3.913957    0.585620    7.328103
    0.490196    0.643348    0.001424    0.010644    0.000000       -1.543724        1.000000   13.367336    4.007392    0.585620    7.328103
    0.500000    0.643272    0.000708    0.009209    0.000000       -1.545343        1.000000   13.657715    4.100799    0.585620    7.328103
    0.509804    0.643243    0.000108    0.007461    0.000000       -1.547161        1.000000   13.948082    4.194190    0.585620    7.328103
    0.519608    0.643253   -0.000361    0.005587    0.000000       -1.549012        1.000000   14.238452    4.287578    0.585620    7.328103
    0.529412    0.643292   -0.000695    0.003739    0.000000       -1.550766        1.000000   14.528841    4.380974    0.585620    7.328103
    0.539216    0.643350   -0.000902    0.002034    0.000000       -1.552330        1.000000   14.819255    4.474385    0.585620    7.328103
    0.549020    0.643418   -0.000993    0.000551    0.000000       -1.553647        1.000000   15.109701    4.567814    0.585620    7.328103
    0.558824    0.643490   -0.000987   -0.000666    0.000000       -1.554690        1.000000   15.400179    4.661263    0.585620    7.328103
    0.568627    0.643558   -0.000904   -0.001602    0.000000       -1.555462        1.000000   15.690688    4.754733    0.585620    7.328103
    0.578431    0.643619   -0.000763   -0.002268    0.000000       -1.555983        1.000000   15.981224    4.848222    0.585620    7.328103
    0.588235    0.643667   -0.000584   -0.002695    0.000000       -1.556292        1.000000   16.271782    4.941726    0.585620    7.328103
    0.598039    0.643702   -0.000381   -0.002926    0.000000       -1.556440        1.000000   16.562355    5.035243    0.585620    7.328103
    0.607843    0.643722   -0.000167   -0.003015    0.000000       -1.556481        1.000000   16.852938    5.128767    0.585620    7.328103
    0.617647    0.643726    0.000050   -0.003020    0.000000       -1.556476        1.000000   17.143522    5.222295    0.585620    7.328103
    0.627451    0.643715    0.000267   -0.003002    0.000000       -1.556485        1.000000   17.434101    5.315823    0.585620    7.328103
    0.637255    0.643688    0.000483   -0.003020    0.000000       -1.556569        1.000000   17.724668    5.409344    0.585620    7.328103
    0.647059    0.643645    0.000703   -0.003136    0.000000       -1.556787        1.000000   18.015216    5.502855    0.585620    7.328103
    0.656863    0.643586    0.000937   -0.003408    0.000000       -1.557201        1.000000   18.305737    5.596352    0.585620    7.328103
    0.666667    0.643510    0.001198   -0.003899    0.000000       -1.557876        1.000000   18.596224    5.689829    0.585620    7.328103
    0.676471    0.643413    0.001504   -0.004675    0.000000       -1.558885        1.000000   18.886667    5.783281    0.585620    7.328103
    0.686275    0.643292    0.001878   -0.005812    0.000000       -1.560313        1.000000   19.177056    5.876702    0.585620    7.328103
    0.696078    0.643141    0.002350   -0.007398    0.000000       -1.562263        1.000000   19.467376    5.970083    0.585620    7.328103
    0.705882    0.642951    0.002955   -0.009545    0.000000       -1.564866        1.000000   19.757611    6.063414    0.585620    7.328103
    0.715686    0.642712    0.003738   -0.012390    0.000000       -1.568286        1.000000   20.047738    6.156684    0.585620    7.328103
    0.725490    0.642409    0.004756   -0.016113    0.000000       -1.572737        1.000000   20.337727    6.249875    0.585620    7.328103
    0.735294    0.642021    0.006080   -0.020942    0.000000       -1.578494        1.000000   20.627542    6.342965    0.585620    7.328103
    0.745098    0.641526    0.007799   -0.027172    0.000000       -1.585909        1.000000   20.917133    6.435928    0.585620    7.328103
    0.754902    0.640889    0.010026   -0.035180    0.000000       -1.595435        1.000000   21.206437    6.528726    0.585620    7.328103
    0.764706    0.640069    0.012908   -0.045445    0.000000       -1.607646        1.000000   21.495371    6.621312    0.585620    7.328103
    0.774510    0.639014    0.016625   -0.058575    0.000000       -1.623270        1.000000   21.783828    6.713625    0.585620    7.328103
    0.784314    0.637655    0.021411   -0.075328    0.000000       -1.643215        1.000000   22.071672    6.805585    0.585620    7.328103
    0.794118    0.635905    0.027558   -0.096638    0.000000       -1.668602        1.000000   22.358726    6.897089    0.585620    7.328103
    0.803922    0.633655    0.035433   -0.123643    0.000000       -1.700800        1.000000   22.644764    6.988005    0.585620    7.328103
    0.813725    0.630763    0.045492   -0.157695    0.000000       -1.741437        1.000000   22.929497    7.078160    0.585620    7.328103
    0.823529    0.627055    0.058298   -0.200360    0.000000       -1.792408        1.000000   23.212556    7.167335    0.585620    7.328103
    0.833333    0.622309    0.074530   -0.253378    0.000000       -1.855835        1.000000   23.493472    7.255246    0.585620    7.328103
    0.843137    0.616255    0.094997   -0.318583    0.000000       -1.933972        1.000000   23.771656    7.341531    0.585620    7.328103
    0.852941    0.608558    0.120641   -0.397746    0.000000       -2.029031        1.000000   24.046365    7.425734    0.585620    7.328103
    0.862745    0.598817    0.152518   -0.492328    0.000000       -2.142902        1.000000   24.316677    7.507280    0.585620    7.328103
    0.872549    0.586558    0.191772   -0.603157    0.000000       -2.276765        1.000000   24.581455    7.585463    0.585620    7.328103
    0.882353    0.571238    0.239570   -0.730032    0.000000       -2.430620        1.000000   24.839318    7.659434    0.585620    7.328103
    0.892157    0.552254    0.297017   -0.871355    0.000000       -2.602829        1.000000   25.088611    7.728210    0.585620    7.328103
    0.901961    0.528970    0.365044   -1.023885    0.000000       -2.789784        1.000000   25.327393    7.790710    0.585620    7.328103
    0.911765    0.500754    0.444290   -1.182773    0.000000       -2.985884        1.000000   25.553439    7.845840    0.585620    7.328103
    0.921569    0.467037    0.535002   -1.341953    0.000000       -3.183922        1.000000   25.764264    7.892625    0.585620    7.328103
    0.931373    0.427378    0.636963   -1.494858    0.000000       -3.375876        1.000000   25.957187    7.930389    0.585620    7.328103
    0.941176    0.381539    0.749496   -1.635301    0.000000       -3.553933        1.000000   26.129417    7.958947    0.585620    7.328103
    0.950980    0.329547    0.871516   -1.758248    0.000000       -3.711438        1.000000   26.278178    7.978765    0.585620    7.328103
    0.960784    0.271741    1.001633   -1.860276    0.000000       -3.843518        1.000000   26.400845    7.990998    0.585620    7.328103
    0.970588    0.208786    1.138271   -1.939601    0.000000       -3.947230        1.000000   26.495093    7.997379    0.585620    7.328103
    0.980392    0.141657    1.279776   -1.995758    0.000000       -4.021287        1.000000   26.559038    7.999929    0.585620    7.328103
    0.990196    0.071588    1.424491   -2.029076    0.000000       -4.065512        1.000000   26.591353    8.000547    0.585620    7.328103
    1.000000    0.000000    1.570796   -2.040096    0.000000       -4.080193        1.000000   26.591353    8.000589    0.585620    7.328103
