           t           r         psi          cs          qs               p             sig           A           V          Q2           S
    0.000000    0.000000   -1.570796   -1.156671    0.000000       -2.313342        1.000000    0.000000    0.000000    0.554107    6.400435
    0.009804    0.062694   -1.498132   -1.160708    0.000000       -2.318722        1.000000    0.000000    0.000014    0.554107    6.400435
    0.019608    0.125056   -1.424956   -1.173015    0.000000       -2.335085        1.000000    0.049305    0.000224    0.554107    6.400435
    0.029412    0.186745   -1.350735   -1.194145    0.000000       -2.363059        1.000000    0.122933    0.001131    0.554107    6.400435
    0.039216    0.247406   -1.274890   -1.224946    0.000000       -2.403602        1.000000    0.220476    0.003548    0.554107    6.400435
    0.049020    0.306657   -1.196782   -1.266461    0.000000       -2.457872        1.000000    0.341381    0.008581    0.554107    6.400435
    0.058824    0.364083   -1.115705   -1.319748    0.000000       -2.527013        1.000000    0.484926    0.017581    0.554107    6.400435
    0.068627    0.419220   -1.030893   -1.385544    0.000000       -2.611757        1.000000    0.650210    0.032090    0.554107    6.400435
    0.078431    0.471546   -0.941562   -1.463641    0.000000       -2.711718        1.000000    0.836125    0.053756    0.554107    6.400435
    0.088235    0.520475   -0.846994   -1.551843    0.000000       -2.824215        1.000000    1.041331    0.084214    0.554107    6.400435
    0.098039    0.565354   -0.746713   -1.644389    0.000000       -2.942559        1.000000    1.264230    0.124926    0.554107    6.400435
    0.107843    0.605480   -0.640764   -1.730063    0.000000       -3.054037        1.000000    1.502950    0.176974    0.554107    6.400435
    0.117647    0.640152   -0.530107   -1.790903    0.000000       -3.138635        1.000000    1.755340    0.240820    0.554107    6.400435
    0.127451    0.668758   -0.417017   -1.803504    0.000000       -3.170668        1.000000    2.019009    0.316085    0.554107    6.400435
    0.137255    0.690900   -0.305263   -1.745096    0.000000       -3.125567        1.000000    2.291407    0.401446    0.554107    6.400435
    0.147059    0.706525   -0.199758   -1.603786    0.000000       -2.991019        1.000000    2.569966    0.494764    0.554107    6.400435
    0.156863    0.715994   -0.105582   -1.386997    0.000000       -2.775880        1.000000    2.852258    0.593452    0.554107    6.400435
    0.166667    0.720054   -0.026735   -1.120613    0.000000       -2.508902        1.000000    3.136150    0.694963    0.554107    6.400435
    0.176471    0.719710    0.034727   -0.838491    0.000000       -2.227102        1.000000    3.419907    0.797197    0.554107    6.400435
    0.186275    0.716063    0.078795   -0.570338    0.000000       -1.962530        1.000000    3.702227    0.898677    0.554107    6.400435
    0.196078    0.710165    0.107003   -0.335249    0.000000       -1.735319        1.000000    3.982220    0.998520    0.554107    6.400435
    0.205882    0.702941    0.121742   -0.141688    0.000000       -1.553754        1.000000    4.259366    1.096299    0.554107    6.400435
    0.215686    0.695149    0.125676    0.009384    0.000000       -1.417811        1.000000    4.533440    1.191892    0.554107    6.400435
    0.225490    0.687381    0.121388    0.121143    0.000000       -1.322950        1.000000    4.804450    1.285362    0.554107    6.400435
    0.235294    0.680075    0.111193    0.198516    0.000000       -1.262830        1.000000    5.072581    1.376877    0.554107    6.400435
    0.245098    0.673536    0.097082    0.246839    0.000000       -1.230871        1.000000    5.338133    1.466666    0.554107    6.400435
    0.254902    0.667958    0.080715    0.271234    0.000000       -1.220993        1.000000    5.601486    1.554982    0.554107    6.400435
    0.264706    0.663437    0.063444    0.276386    0.000000       -1.227884        1.000000    5.863057    1.642090    0.554107    6.400435
    0.274510    0.659997    0.046343    0.266497    0.000000       -1.247034        1.000000    6.123271    1.728255    0.554107    6.400435
    0.284314    0.657602    0.030235    0.245320    0.000000       -1.274660        1.000000    6.382541    1.813729    0.554107    6.400435
    0.294118    0.656170    0.015722    0.216188    0.000000       -1.307618        1.000000    6.641247    1.898749    0.554107    6.400435
    0.303922    0.655588    0.003208    0.182043    0.000000       -1.343298        1.000000    6.899723    1.983530    0.554107    6.400435
    0.313725    0.655721   -0.007073    0.145447    0.000000       -1.379554        1.000000    7.158251    2.068260    0.554107    6.400435
    0.323529    0.656427   -0.015040    0.108585    0.000000       -1.414642        1.000000    7.417058    2.153096    0.554107    6.400435
    0.333333    0.657561   -0.020733    0.073263    0.000000       -1.447183        1.000000    7.676311    2.238165    0.554107    6.400435
    0.343137    0.658984   -0.024297    0.040906    0.000000       -1.476134        1.000000    7.936126    2.323560    0.554107    6.400435
    0.352941    0.660570   -0.025951    0.012564    0.000000       -1.500771        1.000000    8.196566    2.409344    0.554107    6.400435
    0.362745    0.662206   -0.025972   -0.011080    0.000000       -1.520674        1.000000    8.457652    2.495547    0.554107    6.400435
    0.372549    0.663801   -0.024666   -0.029686    0.000000       -1.535704        1.000000    8.719366    2.582175    0.554107    6.400435
    0.382353    0.665280   -0.022353   -0.043226    0.000000       -1.545976        1.000000    8.981663    2.669211    0.554107    6.400435
    0.392157    0.666591   -0.019343   -0.051936    0.000000       -1.551825        1.000000    9.244477    2.756619    0.554107    6.400435
    0.401961    0.667699   -0.015926   -0.056267    0.000000       -1.553757        1.000000    9.507728    2.844350    0.554107    6.400435
    0.411765    0.668587   -0.012360   -0.056822    0.000000       -1.552400        1.000000    9.771329    2.932349    0.554107    6.400435
    0.421569    0.669252   -0.008860   -0.054300    0.000000       -1.548447        1.000000   10.035192    3.020557    0.554107    6.400435
    0.431373    0.669704   -0.005595   -0.049436    0.000000       -1.542610        1.000000   10.299234    3.108914    0.554107    6.400435
    0.441176    0.669961   -0.002689   -0.042951    0.000000       -1.535569        1.000000   10.563377    3.197366    0.554107    6.400435
    0.450980    0.670050   -0.000224   -0.035518    0.000000       -1.527943        1.000000   10.827555    3.285864    0.554107    6.400435
    0.460784    0.670000    0.001761   -0.027724    0.000000       -1.520259        1.000000   11.091713    3.374366    0.554107    6.400435
    0.470588    0.669840    0.003258   -0.020059    0.000000       -1.512946        1.000000   11.355808    3.462840    0.554107    6.400435
    0.480392    0.669601    0.004289   -0.012909    0.000000       -1.506323        1.000000   11.619809    3.551260    0.554107    6.400435
    0.490196    0.669310    0.004895   -0.006552    0.000000       -1.500609        1.000000   11.883695    3.639609    0.554107    6.400435
    0.500000    0.668994    0.005131   -0.001167    0.000000       -1.495929        1.000000   12.147456    3.727877    0.554107    6.400435
    0.509804    0.668673    0.005063    0.003151    0.000000       -1.492329        1.000000   12.411091    3.816061    0.554107    6.400435
    0.519608    0.668364    0.004759    0.006384    0.000000       -1.489790        1.000000   12.674604    3.904161    0.554107    6.400435
    0.529412    0.668079    0.004284    0.008570    0.000000       -1.488245        1.000000   12.938005    3.992184    0.554107    6.400435
    0.539216    0.667828    0.003703    0.009792    0.000000       -1.487589        1.000000   13.201307    4.080135    0.554107    6.400435
    0.549020    0.667615    0.003073    0.010160    0.000000       -1.487702        1.000000   13.464525    4.168026    0.554107    6.400435
    0.558824    0.667442    0.002443    0.009803    0.000000       -1.488449        1.000000   13.727675    4.255866    0.554107    6.400435
    0.568627    0.667308    0.001855    0.008856    0.000000       -1.489700        1.000000   13.990771    4.343666    0.554107    6.400435
    0.578431    0.667208    0.001342    0.007447    0.000000       -1.491334        1.000000   14.253829    4.431436    0.554107    6.400435
    0.588235    0.667137    0.000928    0.005695    0.000000       -1.493246        1.000000   14.516858    4.519183    0.554107    6.400435
    0.598039    0.667089    0.000632    0.003701    0.000000       -1.495349        1.000000   14.779869    4.606914    0.554107    6.400435
    0.607843    0.667055    0.000467    0.001542    0.000000       -1.497584        1.000000   15.042866    4.694635    0.554107    6.400435
    0.617647    0.667028    0.000441   -0.000729    0.000000       -1.499917        1.000000   15.305852    4.782349    0.554107    6.400435
    0.627451    0.666997    0.000560   -0.003086    0.000000       -1.502343        1.000000   15.568826    4.870054    0.554107    6.400435
    0.637255    0.666954    0.000830   -0.005533    0.000000       -1.504886        1.000000   15.831784    4.957750    0.554107    6.400435
    0.647059    0.666890    0.001257   -0.008103    0.000000       -1.507601        1.000000   16.094715    5.045433    0.554107    6.400435
    0.656863    0.666793    0.001851   -0.010862    0.000000       -1.510575        1.000000   16.357609    5.133094    0.554107    6.400435
    0.666667    0.666653    0.002626   -0.013905    0.000000       -1.513930        1.000000   16.620448    5.220724    0.554107    6.400435
    0.676471    0.666459    0.003605   -0.017364    0.000000       -1.517821        1.000000   16.883210    5.308311    0.554107    6.400435
    0.686275    0.666196    0.004817   -0.021405    0.000000       -1.522447        1.000000   17.145868    5.395837    0.554107    6.400435
    0.696078    0.665849    0.006307   -0.026237    0.000000       -1.528049        1.000000   17.408390    5.483283    0.554107    6.400435
    0.705882    0.665398    0.008132   -0.032110    0.000000       -1.534921        1.000000   17.670733    5.570624    0.554107    6.400435
    0.715686    0.664820    0.010365   -0.039330    0.000000       -1.543417        1.000000   17.932849    5.657829    0.554107    6.400435
    0.725490    0.664086    0.013103   -0.048263    0.000000       -1.553962        1.000000   18.194676    5.744861    0.554107    6.400435
    0.735294    0.663162    0.016467   -0.059342    0.000000       -1.567065        1.000000   18.456138    5.831673    0.554107    6.400435
    0.745098    0.662004    0.020607   -0.073086    0.000000       -1.583331        1.000000   18.717143    5.918208    0.554107    6.400435
    0.754902    0.660556    0.025708   -0.090102    0.000000       -1.603477        1.000000   18.977578    6.004397    0.554107    6.400435
    0.764706    0.658753    0.031997   -0.111100    0.000000       -1.628343        1.000000   19.237302    6.090151    0.554107    6.400435
    0.774510    0.656511    0.039751   -0.136901    0.000000       -1.658902        1.000000   19.496142    6.175363    0.554107    6.400435
    0.784314    0.653728    0.049298   -0.168432    0.000000       -1.696261        1.000000   19.753884    6.259898    0.554107    6.400435
    0.794118    0.650281    0.061030   -0.206717    0.000000       -1.741651        1.000000   20.010268    6.343590    0.554107    6.400435
    0.803922    0.646019    0.075405   -0.252848    0.000000       -1.796392        1.000000   20.264971    6.426233    0.554107    6.400435
    0.813725    0.640761    0.092950   -0.307933    0.000000       -1.861840        1.000000   20.517601    6.507572    0.554107    6.400435
    0.823529    0.634293    0.114259   -0.373008    0.000000       -1.939287        1.000000   20.767681    6.587295    0.554107    6.400435
    0.833333    0.626362    0.139989   -0.448924    0.000000       -2.029826        1.000000   21.014635    6.665023    0.554107    6.400435
    0.843137    0.616678    0.170836   -0.536187    0.000000       -2.134173        1.000000   21.257770    6.740298    0.554107    6.400435
    0.852941    0.604911    0.207517   -0.634792    0.000000       -2.252461        1.000000   21.496266    6.812582    0.554107    6.400435
    0.862745    0.590695    0.250725   -0.744045    0.000000       -2.384034        1.000000   21.729156    6.881250    0.554107    6.400435
    0.872549    0.573640    0.301086   -0.862440    0.000000       -2.527273        1.000000   21.955323    6.945605    0.554107    6.400435
    0.882353    0.553343    0.359103   -0.987613    0.000000       -2.679535        1.000000   22.173487    7.004899    0.554107    6.400435
    0.892157    0.529407    0.425107   -1.116435    0.000000       -2.837218        1.000000   22.382214    7.058378    0.554107    6.400435
    0.901961    0.501473    0.499214   -1.245239    0.000000       -2.996001        1.000000   22.579928    7.105353    0.554107    6.400435
    0.911765    0.469241    0.581301   -1.370164    0.000000       -3.151228        1.000000   22.764934    7.145279    0.554107    6.400435
    0.921569    0.432512    0.671009   -1.487550    0.000000       -3.298355        1.000000   22.935459    7.177856    0.554107    6.400435
    0.931373    0.391207    0.767764   -1.594292    0.000000       -3.433382        1.000000   23.089698    7.203115    0.554107    6.400435
    0.941176    0.345400    0.870819   -1.688075    0.000000       -3.553160        1.000000   23.225878    7.221476    0.554107    6.400435
    0.950980    0.295325    0.979313   -1.767460    0.000000       -3.655526        1.000000   23.342314    7.233748    0.554107    6.400435
    0.960784    0.241382    1.092318   -1.831810    0.000000       -3.739276        1.000000   23.437483    7.241073    0.554107    6.400435
    0.970588    0.184131    1.208888   -1.881113    0.000000       -3.803985        1.000000   23.510079    7.244786    0.554107    6.400435
    0.980392    0.124266    1.328089   -1.915746    0.000000       -3.849763        1.000000   23.559073    7.246237    0.554107    6.400435
    0.990196    0.062594    1.449016   -1.936229    0.000000       -3.876977        1.000000   23.583752    7.246584    0.554107    6.400435
    1.000000    0.000000    1.570796   -1.942999    0.000000       -3.885998        1.000000   23.583752    7.246607    0.554107    6.400435
