           t           r         psi          cs          qs               p             sig           A           V          Q2           S
    0.000000    0.000000   -1.570796   -1.002067    0.000000       -2.004134        1.000000    0.000000   -0.000000    0.203792    4.527853
    0.009804    0.044376   -1.526311   -1.002251    0.000000       -2.004379        1.000000    0.000000    0.000003    0.203792    4.527853
    0.019608    0.088664   -1.481809   -1.002811    0.000000       -2.005125        1.000000    0.024730    0.000049    0.203792    4.527853
    0.029412    0.132777   -1.437274   -1.003765    0.000000       -2.006391        1.000000    0.061763    0.000246    0.203792    4.527853
    0.039216    0.176626   -1.392687   -1.005146    0.000000       -2.008217        1.000000    0.111027    0.000775    0.203792    4.527853
    0.049020    0.220125   -1.348029   -1.006999    0.000000       -2.010654        1.000000    0.172423    0.001881    0.203792    4.527853
    0.058824    0.263185   -1.303277   -1.009384    0.000000       -2.013774        1.000000    0.245829    0.003873    0.203792    4.527853
    0.068627    0.305719   -1.258405   -1.012380    0.000000       -2.017664        1.000000    0.331099    0.007118    0.203792    4.527853
    0.078431    0.347640   -1.213386   -1.016083    0.000000       -2.022439        1.000000    0.428061    0.012031    0.203792    4.527853
    0.088235    0.388861   -1.168184   -1.020617    0.000000       -2.028236        1.000000    0.536520    0.019070    0.203792    4.527853
    0.098039    0.429293   -1.122759   -1.026134    0.000000       -2.035227        1.000000    0.656257    0.028725    0.203792    4.527853
    0.107843    0.468850   -1.077065   -1.032820    0.000000       -2.043623        1.000000    0.787026    0.041512    0.203792    4.527853
    0.117647    0.507442   -1.031043   -1.040909    0.000000       -2.053683        1.000000    0.928559    0.057959    0.203792    4.527853
    0.127451    0.544980   -0.984627   -1.050687    0.000000       -2.065723        1.000000    1.080562    0.078598    0.203792    4.527853
    0.137255    0.581372   -0.937732   -1.062505    0.000000       -2.080129        1.000000    1.242716    0.103955    0.203792    4.527853
    0.147059    0.616525   -0.890259   -1.076792    0.000000       -2.097367        1.000000    1.414674    0.134536    0.203792    4.527853
    0.156863    0.650343   -0.842088   -1.094069    0.000000       -2.117999        1.000000    1.596065    0.170815    0.203792    4.527853
    0.166667    0.682725   -0.793073   -1.114951    0.000000       -2.142683        1.000000    1.786487    0.213226    0.203792    4.527853
    0.176471    0.713565   -0.743038   -1.140143    0.000000       -2.172168        1.000000    1.985511    0.262151    0.203792    4.527853
    0.186275    0.742749   -0.691774   -1.170406    0.000000       -2.207250        1.000000    2.192675    0.317902    0.203792    4.527853
    0.196078    0.770157   -0.639042   -1.206457    0.000000       -2.248671        1.000000    2.407483    0.380712    0.203792    4.527853
    0.205882    0.795655   -0.584571   -1.248759    0.000000       -2.296888        1.000000    2.629404    0.450721    0.203792    4.527853
    0.215686    0.819100   -0.528085   -1.297094    0.000000       -2.351634        1.000000    2.857863    0.527952    0.203792    4.527853
    0.225490    0.840337   -0.469347   -1.349819    0.000000       -2.411137        1.000000    3.092246    0.612299    0.203792    4.527853
    0.235294    0.859201   -0.408242   -1.402683    0.000000       -2.470908        1.000000    3.331890    0.703497    0.203792    4.527853
    0.245098    0.875530   -0.344934   -1.447314    0.000000       -2.522204        1.000000    3.576088    0.801099    0.203792    4.527853
    0.254902    0.889178   -0.280068   -1.470105    0.000000       -2.550919        1.000000    3.824093    0.904455    0.203792    4.527853
    0.264706    0.900050   -0.215004   -1.453158    0.000000       -2.538626        1.000000    4.075131    1.012710    0.203792    4.527853
    0.274510    0.908135   -0.151901   -1.379387    0.000000       -2.467865        1.000000    4.328423    1.124834    0.203792    4.527853
    0.284314    0.913545   -0.093499   -1.241397    0.000000       -2.331253        1.000000    4.583225    1.239708    0.203792    4.527853
    0.294118    0.916529   -0.042507   -1.048563    0.000000       -2.138651        1.000000    4.838859    1.356246    0.203792    4.527853
    0.303922    0.917455   -0.000860   -0.825196    0.000000       -1.915167        1.000000    5.094751    1.473518    0.203792    4.527853
    0.313725    0.916755    0.030733   -0.600097    0.000000       -1.690387        1.000000    5.350447    1.590823    0.203792    4.527853
    0.323529    0.914869    0.052732   -0.395875    0.000000       -1.487408        1.000000    5.605618    1.707701    0.203792    4.527853
    0.333333    0.912199    0.066371   -0.224574    0.000000       -1.318412        1.000000    5.860044    1.823886    0.203792    4.527853
    0.343137    0.909082    0.073204   -0.089170    0.000000       -1.186235        1.000000    6.113601    1.939254    0.203792    4.527853
    0.352941    0.905783    0.074783    0.012817    0.000000       -1.088114        1.000000    6.366237    2.053772    0.203792    4.527853
    0.362745    0.902506    0.072489    0.086199    0.000000       -1.018918        1.000000    6.617960    2.167462    0.203792    4.527853
    0.372549    0.899393    0.067476    0.136228    0.000000       -0.973102        1.000000    6.868814    2.280378    0.203792    4.527853
    0.382353    0.896546    0.060669    0.167707    0.000000       -0.945633        1.000000    7.118874    2.392591    0.203792    4.527853
    0.392157    0.894026    0.052800    0.184688    0.000000       -0.932289        1.000000    7.368232    2.504184    0.203792    4.527853
    0.401961    0.891868    0.044438    0.190468    0.000000       -0.929668        1.000000    7.616987    2.615242    0.203792    4.527853
    0.411765    0.890083    0.036017    0.187685    0.000000       -0.935077        1.000000    7.865245    2.725851    0.203792    4.527853
    0.421569    0.888667    0.027870    0.178447    0.000000       -0.946397        1.000000    8.113107    2.836096    0.203792    4.527853
    0.431373    0.887601    0.020244    0.164447    0.000000       -0.961955        1.000000    8.360672    2.946059    0.203792    4.527853
    0.441176    0.886859    0.013320    0.147056    0.000000       -0.980419        1.000000    8.608031    3.055814    0.203792    4.527853
    0.450980    0.886406    0.007222    0.127398    0.000000       -1.000724        1.000000    8.855263    3.165433    0.203792    4.527853
    0.460784    0.886204    0.002029    0.106399    0.000000       -1.022006        1.000000    9.102439    3.274976    0.203792    4.527853
    0.470588    0.886212   -0.002216    0.084827    0.000000       -1.043568        1.000000    9.349617    3.384497    0.203792    4.527853
    0.480392    0.886387   -0.005503    0.063311    0.000000       -1.064847        1.000000    9.596843    3.494041    0.203792    4.527853
    0.490196    0.886687   -0.007845    0.042357    0.000000       -1.085402        1.000000    9.844154    3.603643    0.203792    4.527853
    0.500000    0.887070   -0.009277    0.022356    0.000000       -1.104902        1.000000   10.091571    3.713328    0.203792    4.527853
    0.509804    0.887498   -0.009848    0.003581    0.000000       -1.123128        1.000000   10.339107    3.823114    0.203792    4.527853
    0.519608    0.887932   -0.009616   -0.013809    0.000000       -1.139969        1.000000   10.586765    3.933006    0.203792    4.527853
    0.529412    0.888340   -0.008643   -0.029771    0.000000       -1.155424        1.000000   10.834537    4.043005    0.203792    4.527853
    0.539216    0.888690   -0.006993   -0.044382    0.000000       -1.169607        1.000000   11.082406    4.153099    0.203792    4.527853
    0.549020    0.888952   -0.004720   -0.057834    0.000000       -1.182742        1.000000   11.330348    4.263271    0.203792    4.527853
    0.558824    0.889100   -0.001871   -0.070431    0.000000       -1.195161        1.000000   11.578331    4.373495    0.203792    4.527853
    0.568627    0.889110    0.001526   -0.082580    0.000000       -1.207299        1.000000   11.826317    4.483741    0.203792    4.527853
    0.578431    0.888957    0.005462   -0.094782    0.000000       -1.219680        1.000000   12.074261    4.593968    0.203792    4.527853
    0.588235    0.888617    0.009950   -0.107614    0.000000       -1.232902        1.000000   12.322109    4.704132    0.203792    4.527853
    0.598039    0.888065    0.015034   -0.121709    0.000000       -1.247626        1.000000   12.569804    4.814181    0.203792    4.527853
    0.607843    0.887272    0.020784   -0.137739    0.000000       -1.264546        1.000000   12.817278    4.924055    0.203792    4.527853
    0.617647    0.886208    0.027302   -0.156386    0.000000       -1.284368        1.000000   13.064455    5.033686    0.203792    4.527853
    0.627451    0.884835    0.034717   -0.178312    0.000000       -1.307784        1.000000   13.311249    5.142996    0.203792    4.527853
    0.637255    0.883111    0.043190   -0.204127    0.000000       -1.335432        1.000000   13.557562    5.251894    0.203792    4.527853
    0.647059    0.880984    0.052905   -0.234352    0.000000       -1.367858        1.000000   13.803281    5.360277    0.203792    4.527853
    0.656863    0.878395    0.064067   -0.269370    0.000000       -1.405474        1.000000   14.048279    5.468023    0.203792    4.527853
    0.666667    0.875275    0.076894   -0.309388    0.000000       -1.448510        1.000000   14.292406    5.574989    0.203792    4.527853
    0.676471    0.871547    0.091609   -0.354395    0.000000       -1.496969        1.000000   14.535494    5.681011    0.203792    4.527853
    0.686275    0.867123    0.108428   -0.404125    0.000000       -1.550592        1.000000   14.777348    5.785894    0.203792    4.527853
    0.696078    0.861906    0.127550   -0.458045    0.000000       -1.608839        1.000000   15.017746    5.889416    0.203792    4.527853
    0.705882    0.855794    0.149144   -0.515362    0.000000       -1.670896        1.000000   15.256440    5.991321    0.203792    4.527853
    0.715686    0.848677    0.173340   -0.575063    0.000000       -1.735710        1.000000   15.493149    6.091319    0.203792    4.527853
    0.725490    0.840444    0.200217   -0.635978    0.000000       -1.802056        1.000000   15.727561    6.189087    0.203792    4.527853
    0.735294    0.830983    0.229803   -0.696869    0.000000       -1.868628        1.000000   15.959335    6.284271    0.203792    4.527853
    0.745098    0.820186    0.262068   -0.756527    0.000000       -1.934134        1.000000   16.188097    6.376494    0.203792    4.527853
    0.754902    0.807949    0.296934   -0.813859    0.000000       -1.997397        1.000000   16.413446    6.465359    0.203792    4.527853
    0.764706    0.794180    0.334276   -0.867965    0.000000       -2.057429        1.000000   16.634955    6.550463    0.203792    4.527853
    0.774510    0.778796    0.373935   -0.918175    0.000000       -2.113478        1.000000   16.852173    6.631409    0.203792    4.527853
    0.784314    0.761729    0.415729   -0.964063    0.000000       -2.165044        1.000000   17.064631    6.707820    0.203792    4.527853
    0.794118    0.742926    0.459459   -1.005434    0.000000       -2.211870        1.000000   17.271844    6.779352    0.203792    4.527853
    0.803922    0.722348    0.504925   -1.042289    0.000000       -2.253908        1.000000   17.473318    6.845710    0.203792    4.527853
    0.813725    0.699974    0.551930   -1.074783    0.000000       -2.291278        1.000000   17.668551    6.906658    0.203792    4.527853
    0.823529    0.675798    0.600286   -1.103182    0.000000       -2.324219        1.000000   17.857041    6.962034    0.203792    4.527853
    0.833333    0.649829    0.649817   -1.127815    0.000000       -2.353053        1.000000   18.038288    7.011756    0.203792    4.527853
    0.843137    0.622092    0.700364   -1.149048    0.000000       -2.378140        1.000000   18.211799    7.055825    0.203792    4.527853
    0.852941    0.592624    0.751786   -1.167255    0.000000       -2.399857        1.000000   18.377091    7.094332    0.203792    4.527853
    0.862745    0.561478    0.803955   -1.182794    0.000000       -2.418575        1.000000   18.533695    7.127452    0.203792    4.527853
    0.872549    0.528715    0.856762   -1.196003    0.000000       -2.434644        1.000000   18.681162    7.155442    0.203792    4.527853
    0.882353    0.494410    0.910108   -1.207189    0.000000       -2.448387        1.000000   18.819060    7.178634    0.203792    4.527853
    0.892157    0.458645    0.963912   -1.216626    0.000000       -2.460095        1.000000   18.946983    7.197421    0.203792    4.527853
    0.901961    0.421514    1.018100   -1.224555    0.000000       -2.470026        1.000000   19.064550    7.212250    0.203792    4.527853
    0.911765    0.383117    1.072610   -1.231182    0.000000       -2.478406        1.000000   19.171407    7.223603    0.203792    4.527853
    0.921569    0.343561    1.127389   -1.236688    0.000000       -2.485431        1.000000   19.267232    7.231982    0.203792    4.527853
    0.931373    0.302960    1.182391   -1.241224    0.000000       -2.491266        1.000000   19.351732    7.237895    0.203792    4.527853
    0.941176    0.261433    1.237575   -1.244916    0.000000       -2.496055        1.000000   19.424649    7.241838    0.203792    4.527853
    0.950980    0.219104    1.292905   -1.247871    0.000000       -2.499915        1.000000   19.485761    7.244280    0.203792    4.527853
    0.960784    0.176101    1.348353   -1.250175    0.000000       -2.502943        1.000000   19.534878    7.245645    0.203792    4.527853
    0.970588    0.132554    1.403889   -1.251897    0.000000       -2.505218        1.000000   19.571849    7.246300    0.203792    4.527853
    0.980392    0.088598    1.459490   -1.253089    0.000000       -2.506800        1.000000   19.596561    7.246546    0.203792    4.527853
    0.990196    0.044368    1.515133   -1.253789    0.000000       -2.507732        1.000000   19.608936    7.246603    0.203792    4.527853
    1.000000    0.000000    1.570796   -1.254020    0.000000       -2.508040        1.000000   19.608936    7.246607    0.203792    4.527853
