           t           r         psi          cs          qs               p             sig           A           V          Q2           S
    0.000000    0.000000   -1.570796   -0.998571    0.000000       -1.997141        1.000000    0.000000    0.000000    0.004521    3.438475
    0.009804    0.033704   -1.537134   -0.998571    0.000000       -1.997142        1.000000    0.000000    0.000001    0.004521    3.438475
    0.019608    0.067370   -1.503472   -0.998572    0.000000       -1.997143        1.000000    0.014270    0.000016    0.004521    3.438475
    0.029412    0.100960   -1.469809   -0.998573    0.000000       -1.997144        1.000000    0.035654    0.000082    0.004521    3.438475
    0.039216    0.134435   -1.436147   -0.998575    0.000000       -1.997147        1.000000    0.064129    0.000258    0.004521    3.438475
    0.049020    0.167758   -1.402484   -0.998577    0.000000       -1.997150        1.000000    0.099661    0.000627    0.004521    3.438475
    0.058824    0.200891   -1.368822   -0.998580    0.000000       -1.997153        1.000000    0.142212    0.001295    0.004521    3.438475
    0.068627    0.233796   -1.335159   -0.998583    0.000000       -1.997158        1.000000    0.191732    0.002387    0.004521    3.438475
    0.078431    0.266436   -1.301496   -0.998588    0.000000       -1.997164        1.000000    0.248166    0.004049    0.004521    3.438475
    0.088235    0.298775   -1.267833   -0.998593    0.000000       -1.997170        1.000000    0.311449    0.006445    0.004521    3.438475
    0.098039    0.330775   -1.234170   -0.998599    0.000000       -1.997178        1.000000    0.381511    0.009753    0.004521    3.438475
    0.107843    0.362400   -1.200506   -0.998606    0.000000       -1.997187        1.000000    0.458270    0.014166    0.004521    3.438475
    0.117647    0.393614   -1.166843   -0.998614    0.000000       -1.997198        1.000000    0.541642    0.019889    0.004521    3.438475
    0.127451    0.424383   -1.133179   -0.998624    0.000000       -1.997211        1.000000    0.631530    0.027137    0.004521    3.438475
    0.137255    0.454670   -1.099514   -0.998636    0.000000       -1.997225        1.000000    0.727834    0.036130    0.004521    3.438475
    0.147059    0.484443   -1.065850   -0.998649    0.000000       -1.997242        1.000000    0.830443    0.047093    0.004521    3.438475
    0.156863    0.513666   -1.032184   -0.998665    0.000000       -1.997261        1.000000    0.939243    0.060253    0.004521    3.438475
    0.166667    0.542308   -0.998518   -0.998683    0.000000       -1.997284        1.000000    1.054108    0.075834    0.004521    3.438475
    0.176471    0.570334   -0.964852   -0.998705    0.000000       -1.997310        1.000000    1.174911    0.094060    0.004521    3.438475
    0.186275    0.597715   -0.931185   -0.998731    0.000000       -1.997341        1.000000    1.301512    0.115145    0.004521    3.438475
    0.196078    0.624418   -0.897516   -0.998761    0.000000       -1.997377        1.000000    1.433770    0.139294    0.004521    3.438475
    0.205882    0.650413   -0.863847   -0.998797    0.000000       -1.997419        1.000000    1.571534    0.166703    0.004521    3.438475
    0.215686    0.675672   -0.830176   -0.998840    0.000000       -1.997469        1.000000    1.714648    0.197550    0.004521    3.438475
    0.225490    0.700164   -0.796504   -0.998891    0.000000       -1.997529        1.000000    1.862949    0.232001    0.004521    3.438475
    0.235294    0.723863   -0.762830   -0.998953    0.000000       -1.997600        1.000000    2.016270    0.270198    0.004521    3.438475
    0.245098    0.746741   -0.729153   -0.999028    0.000000       -1.997685        1.000000    2.174437    0.312266    0.004521    3.438475
    0.254902    0.768773   -0.695474   -0.999120    0.000000       -1.997789        1.000000    2.337271    0.358307    0.004521    3.438475
    0.264706    0.789933   -0.661791   -0.999233    0.000000       -1.997916        1.000000    2.504586    0.408396    0.004521    3.438475
    0.274510    0.810197   -0.628104   -0.999374    0.000000       -1.998073        1.000000    2.676194    0.462586    0.004521    3.438475
    0.284314    0.829543   -0.594412   -0.999552    0.000000       -1.998268        1.000000    2.851899    0.520900    0.004521    3.438475
    0.294118    0.847947   -0.560713   -0.999777    0.000000       -1.998514        1.000000    3.031502    0.583335    0.004521    3.438475
    0.303922    0.865390   -0.527005   -1.000068    0.000000       -1.998828        1.000000    3.214800    0.649859    0.004521    3.438475
    0.313725    0.881850   -0.493286   -1.000448    0.000000       -1.999236        1.000000    3.401584    0.720411    0.004521    3.438475
    0.323529    0.897309   -0.459553   -1.000954    0.000000       -1.999775        1.000000    3.591643    0.794903    0.004521    3.438475
    0.333333    0.911749   -0.425799   -1.001640    0.000000       -2.000500        1.000000    3.784760    0.873215    0.004521    3.438475
    0.343137    0.925152   -0.392018   -1.002591    0.000000       -2.001498        1.000000    3.980716    0.955202    0.004521    3.438475
    0.352941    0.937502   -0.358199   -1.003947    0.000000       -2.002910        1.000000    4.179288    1.040689    0.004521    3.438475
    0.362745    0.948784   -0.324324   -1.005941    0.000000       -2.004974        1.000000    4.380249    1.129476    0.004521    3.438475
    0.372549    0.958982   -0.290365   -1.008986    0.000000       -2.008108        1.000000    4.583371    1.221338    0.004521    3.438475
    0.382353    0.968081   -0.256276   -1.013862    0.000000       -2.013096        1.000000    4.788420    1.316025    0.004521    3.438475
    0.392157    0.976066   -0.221972   -1.022133    0.000000       -2.021518        1.000000    4.995160    1.413265    0.004521    3.438475
    0.401961    0.982917   -0.187288   -1.037233    0.000000       -2.036821        1.000000    5.203351    1.512766    0.004521    3.438475
    0.411765    0.988609   -0.151876   -1.067429    0.000000       -2.067308        1.000000    5.412748    1.614214    0.004521    3.438475
    0.421569    0.993099   -0.114921   -1.134250    0.000000       -2.134557        1.000000    5.623096    1.717281    0.004521    3.438475
    0.431373    0.996300   -0.074460   -1.283923    0.000000       -2.284856        1.000000    5.834122    1.821609    0.004521    3.438475
    0.441176    0.998046   -0.028582   -1.361872    0.000000       -2.363421        1.000000    6.045518    1.926793    0.004521    3.438475
    0.450980    0.998353    0.005386   -0.527771    0.000000       -1.529406        1.000000    6.256978    2.032327    0.004521    3.438475
    0.460784    0.998021    0.011016    0.068810    0.000000       -0.933112        1.000000    6.468369    2.137846    0.004521    3.438475
    0.470588    0.997720    0.006350    0.164226    0.000000       -0.838039        1.000000    6.679695    2.243293    0.004521    3.438475
    0.480392    0.997593    0.001485    0.114209    0.000000       -0.888203        1.000000    6.890995    2.348698    0.004521    3.438475
    0.490196    0.997593   -0.001080    0.038112    0.000000       -0.964300        1.000000    7.102295    2.454092    0.004521    3.438475
    0.500000    0.997638   -0.001238   -0.025367    0.000000       -1.027733        1.000000    7.313604    2.559492    0.004521    3.438475
    0.509804    0.997656    0.000427   -0.071879    0.000000       -1.074228        1.000000    7.524917    2.664900    0.004521    3.438475
    0.519608    0.997592    0.003699   -0.127031    0.000000       -1.129439        1.000000    7.736217    2.770304    0.004521    3.438475
    0.529412    0.997378    0.009561   -0.232119    0.000000       -1.234702        1.000000    7.947471    2.875678    0.004521    3.438475
    0.539216    0.996894    0.020144   -0.405641    0.000000       -1.408553        1.000000    8.158623    2.980972    0.004521    3.438475
    0.549020    0.995946    0.037225   -0.606193    0.000000       -1.609568        1.000000    8.369574    3.086087    0.004521    3.438475
    0.558824    0.994314    0.060561   -0.768384    0.000000       -1.772259        1.000000    8.580179    3.190852    0.004521    3.438475
    0.568627    0.991816    0.088340   -0.870453    0.000000       -1.874772        1.000000    8.790255    3.295019    0.004521    3.438475
    0.578431    0.988338    0.118743   -0.927571    0.000000       -1.932247        1.000000    8.999594    3.398292    0.004521    3.438475
    0.588235    0.983815    0.150590   -0.958805    0.000000       -1.963753        1.000000    9.207976    3.500351    0.004521    3.438475
    0.598039    0.978216    0.183234   -0.976290    0.000000       -1.981445        1.000000    9.415171    3.600872    0.004521    3.438475
    0.607843    0.971527    0.216332   -0.986481    0.000000       -1.991796        1.000000    9.620950    3.699535    0.004521    3.438475
    0.617647    0.963744    0.249700   -0.992686    0.000000       -1.998125        1.000000    9.825080    3.796032    0.004521    3.438475
    0.627451    0.954868    0.283235   -0.996621    0.000000       -2.002160        1.000000   10.027331    3.890069    0.004521    3.438475
    0.637255    0.944905    0.316878   -0.999212    0.000000       -2.004830        1.000000   10.227470    3.981371    0.004521    3.438475
    0.647059    0.933863    0.350593   -1.000973    0.000000       -2.006655        1.000000   10.425271    4.069685    0.004521    3.438475
    0.656863    0.921752    0.384359   -1.002205    0.000000       -2.007940        1.000000   10.620507    4.154780    0.004521    3.438475
    0.666667    0.908586    0.418159   -1.003088    0.000000       -2.008868        1.000000   10.812955    4.236450    0.004521    3.438475
    0.676471    0.894379    0.451985   -1.003735    0.000000       -2.009552        1.000000   11.002393    4.314514    0.004521    3.438475
    0.686275    0.879146    0.485830   -1.004218    0.000000       -2.010067        1.000000   11.188604    4.388819    0.004521    3.438475
    0.696078    0.862903    0.519690   -1.004585    0.000000       -2.010461        1.000000   11.371375    4.459241    0.004521    3.438475
    0.705882    0.845670    0.553560   -1.004868    0.000000       -2.010767        1.000000   11.550496    4.525684    0.004521    3.438475
    0.715686    0.827465    0.587438   -1.005089    0.000000       -2.011008        1.000000   11.725761    4.588079    0.004521    3.438475
    0.725490    0.808310    0.621323   -1.005263    0.000000       -2.011200        1.000000   11.896969    4.646390    0.004521    3.438475
    0.735294    0.788226    0.655214   -1.005403    0.000000       -2.011355        1.000000   12.063923    4.700606    0.004521    3.438475
    0.745098    0.767236    0.689108   -1.005515    0.000000       -2.011480        1.000000   12.226431    4.750746    0.004521    3.438475
    0.754902    0.745365    0.723006   -1.005606    0.000000       -2.011584        1.000000   12.384306    4.796857    0.004521    3.438475
    0.764706    0.722636    0.756907   -1.005681    0.000000       -2.011669        1.000000   12.537368    4.839010    0.004521    3.438475
    0.774510    0.699077    0.790810   -1.005743    0.000000       -2.011740        1.000000   12.685439    4.877301    0.004521    3.438475
    0.784314    0.674714    0.824715   -1.005794    0.000000       -2.011800        1.000000   12.828350    4.911851    0.004521    3.438475
    0.794118    0.649576    0.858622   -1.005837    0.000000       -2.011850        1.000000   12.965936    4.942801    0.004521    3.438475
    0.803922    0.623690    0.892530   -1.005873    0.000000       -2.011892        1.000000   13.098040    4.970311    0.004521    3.438475
    0.813725    0.597087    0.926439   -1.005903    0.000000       -2.011928        1.000000   13.224509    4.994559    0.004521    3.438475
    0.823529    0.569798    0.960349   -1.005929    0.000000       -2.011959        1.000000   13.345197    5.015737    0.004521    3.438475
    0.833333    0.541854    0.994260   -1.005951    0.000000       -2.011986        1.000000   13.459967    5.034049    0.004521    3.438475
    0.843137    0.513286    1.028171   -1.005969    0.000000       -2.012008        1.000000   13.568686    5.049710    0.004521    3.438475
    0.852941    0.484128    1.062083   -1.005985    0.000000       -2.012028        1.000000   13.671229    5.062940    0.004521    3.438475
    0.862745    0.454414    1.095996   -1.005999    0.000000       -2.012045        1.000000   13.767478    5.073964    0.004521    3.438475
    0.872549    0.424177    1.129909   -1.006010    0.000000       -2.012059        1.000000   13.857323    5.083010    0.004521    3.438475
    0.882353    0.393452    1.163822   -1.006020    0.000000       -2.012072        1.000000   13.940660    5.090302    0.004521    3.438475
    0.892157    0.362274    1.197736   -1.006029    0.000000       -2.012082        1.000000   14.017393    5.096062    0.004521    3.438475
    0.901961    0.330680    1.231650   -1.006036    0.000000       -2.012092        1.000000   14.087434    5.100504    0.004521    3.438475
    0.911765    0.298706    1.265564   -1.006042    0.000000       -2.012099        1.000000   14.150703    5.103834    0.004521    3.438475
    0.921569    0.266388    1.299478   -1.006047    0.000000       -2.012106        1.000000   14.207126    5.106246    0.004521    3.438475
    0.931373    0.233763    1.333392   -1.006052    0.000000       -2.012112        1.000000   14.256640    5.107920    0.004521    3.438475
    0.941176    0.200870    1.367307   -1.006055    0.000000       -2.012117        1.000000   14.299186    5.109020    0.004521    3.438475
    0.950980    0.167746    1.401222   -1.006058    0.000000       -2.012120        1.000000   14.334716    5.109692    0.004521    3.438475
    0.960784    0.134429    1.435137   -1.006060    0.000000       -2.012123        1.000000   14.363189    5.110064    0.004521    3.438475
    0.970588    0.100957    1.469051   -1.006062    0.000000       -2.012126        1.000000   14.384573    5.110242    0.004521    3.438475
    0.980392    0.067369    1.502966   -1.006063    0.000000       -2.012127        1.000000   14.398843    5.110308    0.004521    3.438475
    0.990196    0.033704    1.536881   -1.006064    0.000000       -2.012128        1.000000   14.405982    5.110323    0.004521    3.438475
    1.000000    0.000000    1.570796   -1.006064    0.000000       -2.012129        1.000000   14.405982    5.110324    0.004521    3.438475
