           t           r         psi          cs          qs               p             sig           A           V          Q2           S
    0.000000    0.000000   -1.570796   -0.992869    0.000000       -1.985737        1.000000    0.000000    0.000000    0.028320    3.460231
    0.009804    0.033917   -1.537114   -0.992873    0.000000       -1.985743        1.000000    0.000000    0.000001    0.028320    3.460231
    0.019608    0.067796   -1.503432   -0.992886    0.000000       -1.985761        1.000000    0.014451    0.000016    0.028320    3.460231
    0.029412    0.101598   -1.469749   -0.992908    0.000000       -1.985790        1.000000    0.036106    0.000083    0.028320    3.460231
    0.039216    0.135285   -1.436065   -0.992940    0.000000       -1.985832        1.000000    0.064942    0.000263    0.028320    3.460231
    0.049020    0.168818   -1.402380   -0.992982    0.000000       -1.985888        1.000000    0.100926    0.000639    0.028320    3.460231
    0.058824    0.202160   -1.368694   -0.993035    0.000000       -1.985957        1.000000    0.144016    0.001320    0.028320    3.460231
    0.068627    0.235273   -1.335005   -0.993100    0.000000       -1.986043        1.000000    0.194165    0.002434    0.028320    3.460231
    0.078431    0.268118   -1.301314   -0.993179    0.000000       -1.986145        1.000000    0.251314    0.004129    0.028320    3.460231
    0.088235    0.300659   -1.267620   -0.993273    0.000000       -1.986267        1.000000    0.315399    0.006572    0.028320    3.460231
    0.098039    0.332859   -1.233923   -0.993384    0.000000       -1.986411        1.000000    0.386348    0.009945    0.028320    3.460231
    0.107843    0.364681   -1.200221   -0.993515    0.000000       -1.986578        1.000000    0.464080    0.014446    0.028320    3.460231
    0.117647    0.396089   -1.166515   -0.993668    0.000000       -1.986774        1.000000    0.548506    0.020283    0.028320    3.460231
    0.127451    0.427048   -1.132803   -0.993848    0.000000       -1.987000        1.000000    0.639531    0.027674    0.028320    3.460231
    0.137255    0.457521   -1.099084   -0.994058    0.000000       -1.987264        1.000000    0.737052    0.036845    0.028320    3.460231
    0.147059    0.487474   -1.065358   -0.994304    0.000000       -1.987569        1.000000    0.840957    0.048026    0.028320    3.460231
    0.156863    0.516874   -1.031623   -0.994592    0.000000       -1.987924        1.000000    0.951128    0.061447    0.028320    3.460231
    0.166667    0.545685   -0.997877   -0.994930    0.000000       -1.988337        1.000000    1.067441    0.077339    0.028320    3.460231
    0.176471    0.573877   -0.964118   -0.995326    0.000000       -1.988818        1.000000    1.189763    0.095928    0.028320    3.460231
    0.186275    0.601415   -0.930345   -0.995794    0.000000       -1.989380        1.000000    1.317954    0.117433    0.028320    3.460231
    0.196078    0.628268   -0.896555   -0.996346    0.000000       -1.990038        1.000000    1.451869    0.142065    0.028320    3.460231
    0.205882    0.654406   -0.862744   -0.997003    0.000000       -1.990813        1.000000    1.591356    0.170023    0.028320    3.460231
    0.215686    0.679797   -0.828909   -0.997786    0.000000       -1.991730        1.000000    1.736254    0.201489    0.028320    3.460231
    0.225490    0.704413   -0.795045   -0.998724    0.000000       -1.992818        1.000000    1.886400    0.236631    0.028320    3.460231
    0.235294    0.728224   -0.761146   -0.999856    0.000000       -1.994119        1.000000    2.041620    0.275597    0.028320    3.460231
    0.245098    0.751202   -0.727204   -1.001230    0.000000       -1.995685        1.000000    2.201739    0.318512    0.028320    3.460231
    0.254902    0.773319   -0.693211   -1.002910    0.000000       -1.997581        1.000000    2.366571    0.365481    0.028320    3.460231
    0.264706    0.794548   -0.659155   -1.004979    0.000000       -1.999897        1.000000    2.535929    0.416582    0.028320    3.460231
    0.274510    0.814863   -0.625020   -1.007551    0.000000       -2.002750        1.000000    2.709617    0.471868    0.028320    3.460231
    0.284314    0.834238   -0.590788   -1.010779    0.000000       -2.006301        1.000000    2.887435    0.531361    0.028320    3.460231
    0.294118    0.852647   -0.556431   -1.014875    0.000000       -2.010768        1.000000    3.069176    0.595060    0.028320    3.460231
    0.303922    0.870064   -0.521918   -1.020134    0.000000       -2.016457        1.000000    3.254630    0.662930    0.028320    3.460231
    0.313725    0.886463   -0.487200   -1.026976    0.000000       -2.023799        1.000000    3.443579    0.734908    0.028320    3.460231
    0.323529    0.901818   -0.452215   -1.036006    0.000000       -2.033415        1.000000    3.635802    0.810902    0.028320    3.460231
    0.333333    0.916100   -0.416875   -1.048113    0.000000       -2.046212        1.000000    3.831068    0.890787    0.028320    3.460231
    0.343137    0.929279   -0.381054   -1.064616    0.000000       -2.063533        1.000000    4.029144    0.974409    0.028320    3.460231
    0.352941    0.941320   -0.344571   -1.087489    0.000000       -2.087383        1.000000    4.229786    1.061585    0.028320    3.460231
    0.362745    0.952182   -0.307165   -1.119660    0.000000       -2.120723        1.000000    4.432743    1.152099    0.028320    3.460231
    0.372549    0.961815   -0.268454   -1.165257    0.000000       -2.167718        1.000000    4.637754    1.245704    0.028320    3.460231
    0.382353    0.970154   -0.227898   -1.229155    0.000000       -2.233267        1.000000    4.844542    1.342119    0.028320    3.460231
    0.392157    0.977112   -0.184824   -1.313304    0.000000       -2.319297        1.000000    5.052813    1.441017    0.028320    3.460231
    0.401961    0.982584   -0.138716   -1.402633    0.000000       -2.410582        1.000000    5.262251    1.542018    0.028320    3.460231
    0.411765    0.986463   -0.090301   -1.432447    0.000000       -2.442039        1.000000    5.472515    1.644661    0.028320    3.460231
    0.421569    0.988718   -0.043612   -1.280428    0.000000       -2.290878        1.000000    5.683260    1.748396    0.028320    3.460231
    0.431373    0.989524   -0.006010   -0.909202    0.000000       -1.919771        1.000000    5.894176    1.852651    0.028320    3.460231
    0.441176    0.989288    0.017501   -0.486244    0.000000       -1.496917        1.000000    6.105043    1.956989    0.028320    3.460231
    0.450980    0.988481    0.028313   -0.175462    0.000000       -1.186710        1.000000    6.315737    2.061184    0.028320    3.460231
    0.460784    0.987459    0.030980   -0.002020    0.000000       -1.014235        1.000000    6.526214    2.165164    0.028320    3.460231
    0.470588    0.986425    0.029576    0.071664    0.000000       -0.941655        1.000000    6.736470    2.268925    0.028320    3.460231
    0.480392    0.985467    0.026816    0.083046    0.000000       -0.931336        1.000000    6.946522    2.372482    0.028320    3.460231
    0.490196    0.984602    0.024367    0.056445    0.000000       -0.958893        1.000000    7.156390    2.475856    0.028320    3.460231
    0.500000    0.983799    0.023255    0.005896    0.000000       -1.010297        1.000000    7.366086    2.579060    0.028320    3.460231
    0.509804    0.983001    0.024148   -0.060739    0.000000       -1.077735        1.000000    7.575613    2.682098    0.028320    3.460231
    0.519608    0.982133    0.027507   -0.138931    0.000000       -1.156738        1.000000    7.784954    2.784958    0.028320    3.460231
    0.529412    0.981104    0.033670   -0.225659    0.000000       -1.244342        1.000000    7.994076    2.887607    0.028320    3.460231
    0.539216    0.979814    0.042883   -0.318194    0.000000       -1.337857        1.000000    8.202923    2.989988    0.028320    3.460231
    0.549020    0.978159    0.055289   -0.413379    0.000000       -1.434145        1.000000    8.411418    3.092016    0.028320    3.460231
    0.558824    0.976029    0.070917   -0.507466    0.000000       -1.529450        1.000000    8.619458    3.193572    0.028320    3.460231
    0.568627    0.973317    0.089663   -0.596537    0.000000       -1.619824        1.000000    8.826920    3.294502    0.028320    3.460231
    0.578431    0.969921    0.111296   -0.677240    0.000000       -1.701873        1.000000    9.033659    3.394619    0.028320    3.460231
    0.588235    0.965753    0.135492   -0.747425    0.000000       -1.773396        1.000000    9.239509    3.493704    0.028320    3.460231
    0.598039    0.960733    0.161879   -0.806345    0.000000       -1.833609        1.000000    9.444288    3.591512    0.028320    3.460231
    0.607843    0.954799    0.190078   -0.854444    0.000000       -1.882922        1.000000    9.647804    3.687781    0.028320    3.460231
    0.617647    0.947900    0.219742   -0.892917    0.000000       -1.922513        1.000000    9.849848    3.782236    0.028320    3.460231
    0.627451    0.939999    0.250569   -0.923277    0.000000       -1.953886        1.000000   10.050209    3.874602    0.028320    3.460231
    0.637255    0.931069    0.282310   -0.947053    0.000000       -1.978571        1.000000   10.248666    3.964604    0.028320    3.460231
    0.647059    0.921094    0.314765   -0.965614    0.000000       -1.997940        1.000000   10.444997    4.051979    0.028320    3.460231
    0.656863    0.910062    0.347779   -0.980109    0.000000       -2.013151        1.000000   10.638976    4.136478    0.028320    3.460231
    0.666667    0.897970    0.381228   -0.991458    0.000000       -2.025132        1.000000   10.830378    4.217870    0.028320    3.460231
    0.676471    0.884820    0.415019   -1.000382    0.000000       -2.034614        1.000000   11.018977    4.295946    0.028320    3.460231
    0.686275    0.870616    0.449081   -1.007438    0.000000       -2.042161        1.000000   11.204549    4.370522    0.028320    3.460231
    0.696078    0.855368    0.483355   -1.013050    0.000000       -2.048207        1.000000   11.386870    4.441440    0.028320    3.460231
    0.705882    0.839088    0.517801   -1.017541    0.000000       -2.053082        1.000000   11.565722    4.508570    0.028320    3.460231
    0.715686    0.821791    0.552383   -1.021159    0.000000       -2.057038        1.000000   11.740886    4.571811    0.028320    3.460231
    0.725490    0.803493    0.587076   -1.024091    0.000000       -2.060271        1.000000   11.912151    4.631091    0.028320    3.460231
    0.735294    0.784215    0.621859   -1.026483    0.000000       -2.062929        1.000000   12.079306    4.686371    0.028320    3.460231
    0.745098    0.763976    0.656716   -1.028445    0.000000       -2.065128        1.000000   12.242147    4.737639    0.028320    3.460231
    0.754902    0.742800    0.691633   -1.030063    0.000000       -2.066958        1.000000   12.400475    4.784912    0.028320    3.460231
    0.764706    0.720711    0.726600   -1.031406    0.000000       -2.068488        1.000000   12.554094    4.828239    0.028320    3.460231
    0.774510    0.697736    0.761609   -1.032524    0.000000       -2.069775        1.000000   12.702816    4.867694    0.028320    3.460231
    0.784314    0.673900    0.796653   -1.033461    0.000000       -2.070862        1.000000   12.846458    4.903377    0.028320    3.460231
    0.794118    0.649233    0.831725   -1.034249    0.000000       -2.071783        1.000000   12.984842    4.935413    0.028320    3.460231
    0.803922    0.623764    0.866823   -1.034914    0.000000       -2.072568        1.000000   13.117797    4.963948    0.028320    3.460231
    0.813725    0.597525    0.901941   -1.035477    0.000000       -2.073239        1.000000   13.245159    4.989150    0.028320    3.460231
    0.823529    0.570546    0.937076   -1.035955    0.000000       -2.073814        1.000000   13.366771    5.011202    0.028320    3.460231
    0.833333    0.542862    0.972227   -1.036363    0.000000       -2.074308        1.000000   13.482482    5.030305    0.028320    3.460231
    0.843137    0.514506    1.007391   -1.036711    0.000000       -2.074733        1.000000   13.592149    5.046669    0.028320    3.460231
    0.852941    0.485513    1.042565   -1.037009    0.000000       -2.075100        1.000000   13.695636    5.060514    0.028320    3.460231
    0.862745    0.455918    1.077749   -1.037264    0.000000       -2.075417        1.000000   13.792814    5.072068    0.028320    3.460231
    0.872549    0.425758    1.112940   -1.037482    0.000000       -2.075690        1.000000   13.883565    5.081561    0.028320    3.460231
    0.882353    0.395071    1.148139   -1.037669    0.000000       -2.075926        1.000000   13.967774    5.089224    0.028320    3.460231
    0.892157    0.363894    1.183344   -1.037829    0.000000       -2.076129        1.000000   14.045338    5.095283    0.028320    3.460231
    0.901961    0.332266    1.218553   -1.037965    0.000000       -2.076304        1.000000   14.116160    5.099961    0.028320    3.460231
    0.911765    0.300225    1.253767   -1.038081    0.000000       -2.076454        1.000000   14.180153    5.103471    0.028320    3.460231
    0.921569    0.267812    1.288984   -1.038180    0.000000       -2.076581        1.000000   14.237237    5.106015    0.028320    3.460231
    0.931373    0.235067    1.324205   -1.038262    0.000000       -2.076688        1.000000   14.287342    5.107783    0.028320    3.460231
    0.941176    0.202031    1.359428   -1.038330    0.000000       -2.076777        1.000000   14.330405    5.108945    0.028320    3.460231
    0.950980    0.168743    1.394653   -1.038385    0.000000       -2.076850        1.000000   14.366372    5.109656    0.028320    3.460231
    0.960784    0.135247    1.429880   -1.038429    0.000000       -2.076908        1.000000   14.395200    5.110049    0.028320    3.460231
    0.970588    0.101582    1.465108   -1.038462    0.000000       -2.076952        1.000000   14.416852    5.110237    0.028320    3.460231
    0.980392    0.067792    1.500337   -1.038485    0.000000       -2.076983        1.000000   14.431302    5.110307    0.028320    3.460231
    0.990196    0.033917    1.535566   -1.038499    0.000000       -2.077001        1.000000   14.438531    5.110323    0.028320    3.460231
    1.000000    0.000000    1.570796   -1.038504    0.000000       -2.077007        1.000000   14.438531    5.110324    0.028320    3.460231
