           t           r         psi          cs          qs               p             sig           A           V          Q2           S
    0.000000    0.000000   -1.570796   -0.998171    0.000000       -1.996342        1.000000    0.000000   -0.000000    0.181937    6.281254
    0.009804    0.061542   -1.509322   -0.998461    0.000000       -1.996728        1.000000    0.000000    0.000011    0.181937    6.281254
    0.019608    0.122852   -1.447812   -0.999349    0.000000       -1.997908        1.000000    0.047534    0.000180    0.181937    6.281254
    0.029412    0.183696   -1.386227   -1.000894    0.000000       -1.999951        1.000000    0.118611    0.000903    0.181937    6.281254
    0.039216    0.243845   -1.324524   -1.003197    0.000000       -2.002973        1.000000    0.212960    0.002831    0.181937    6.281254
    0.049020    0.303065   -1.262653   -1.006403    0.000000       -2.007144        1.000000    0.330224    0.006839    0.181937    6.281254
    0.058824    0.361129   -1.200551   -1.010720    0.000000       -2.012700        1.000000    0.469953    0.013996    0.181937    6.281254
    0.068627    0.417805   -1.138142   -1.016429    0.000000       -2.019963        1.000000    0.631612    0.025528    0.181937    6.281254
    0.078431    0.472865   -1.075330   -1.023914    0.000000       -2.029363        1.000000    0.814575    0.042774    0.181937    6.281254
    0.088235    0.526079   -1.011988   -1.033694    0.000000       -2.041481        1.000000    1.018128    0.067133    0.181937    6.281254
    0.098039    0.577215   -0.947956   -1.046475    0.000000       -2.057093        1.000000    1.241467    0.100013    0.181937    6.281254
    0.107843    0.626035   -0.883022   -1.063207    0.000000       -2.077240        1.000000    1.483695    0.142775    0.181937    6.281254
    0.117647    0.672294   -0.816903   -1.085169    0.000000       -2.103299        1.000000    1.743821    0.196675    0.181937    6.281254
    0.127451    0.715734   -0.749229   -1.114034    0.000000       -2.137059        1.000000    2.020757    0.262811    0.181937    6.281254
    0.137255    0.756080   -0.679512   -1.151886    0.000000       -2.180719        1.000000    2.313302    0.342059    0.181937    6.281254
    0.147059    0.793024   -0.607129   -1.201001    0.000000       -2.236644        1.000000    2.620142    0.435013    0.181937    6.281254
    0.156863    0.826223   -0.531329   -1.262982    0.000000       -2.306447        1.000000    2.939828    0.541919    0.181937    6.281254
    0.166667    0.855290   -0.451339   -1.336328    0.000000       -2.388444        1.000000    3.270761    0.662584    0.181937    6.281254
    0.176471    0.879796   -0.366706   -1.410960    0.000000       -2.472017        1.000000    3.611175    0.796271    0.181937    6.281254
    0.186275    0.899315   -0.278082   -1.459467    0.000000       -2.528707        1.000000    3.959142    0.941575    0.181937    6.281254
    0.196078    0.913539   -0.188494   -1.432837    0.000000       -2.508092        1.000000    4.312612    1.096337    0.181937    6.281254
    0.205882    0.922469   -0.104199   -1.281950    0.000000       -2.360117        1.000000    4.669538    1.257757    0.181937    6.281254
    0.215686    0.926608   -0.033187   -1.007965    0.000000       -2.086575        1.000000    5.028065    1.422844    0.181937    6.281254
    0.225490    0.926946    0.018815   -0.679352    0.000000       -1.757972        1.000000    5.386724    1.589087    0.181937    6.281254
    0.235294    0.924700    0.051066   -0.377583    0.000000       -1.457605        1.000000    5.744512    1.754854    0.181937    6.281254
    0.245098    0.921000    0.066775   -0.145418    0.000000       -1.228774        1.000000    6.100870    1.919346    0.181937    6.281254
    0.254902    0.916727    0.070499    0.013064    0.000000       -1.075064        1.000000    6.455574    2.082301    0.181937    6.281254
    0.264706    0.912484    0.066407    0.111137    0.000000       -0.982357        1.000000    6.808636    2.243741    0.181937    6.281254
    0.274510    0.908648    0.057721    0.164780    0.000000       -0.933924        1.000000    7.160214    2.403819    0.181937    6.281254
    0.284314    0.905425    0.046749    0.187326    0.000000       -0.915920        1.000000    7.510545    2.562745    0.181937    6.281254
    0.294118    0.902906    0.035083    0.188689    0.000000       -0.918164        1.000000    7.859901    2.720749    0.181937    6.281254
    0.303922    0.901098    0.023796    0.176003    0.000000       -0.933441        1.000000    8.208558    2.878062    0.181937    6.281254
    0.313725    0.899953    0.013587    0.154426    0.000000       -0.956640        1.000000    8.556772    3.034903    0.181937    6.281254
    0.323529    0.899393    0.004881    0.127775    0.000000       -0.984072        1.000000    8.904769    3.191472    0.181937    6.281254
    0.333333    0.899317   -0.002105    0.098953    0.000000       -1.012999        1.000000    9.252736    3.347938    0.181937    6.281254
    0.343137    0.899616   -0.007309    0.070207    0.000000       -1.041348        1.000000    9.600820    3.504446    0.181937    6.281254
    0.352941    0.900182   -0.010790    0.043279    0.000000       -1.067544        1.000000    9.949122    3.661102    0.181937    6.281254
    0.362745    0.900912   -0.012703    0.019470    0.000000       -1.090426        1.000000   10.297707    3.817982    0.181937    6.281254
    0.372549    0.901718   -0.013271   -0.000325    0.000000       -1.109221        1.000000   10.646603    3.975131    0.181937    6.281254
    0.382353    0.902525   -0.012756   -0.015610    0.000000       -1.123523        1.000000   10.995812    4.132562    0.181937    6.281254
    0.392157    0.903273   -0.011443   -0.026271    0.000000       -1.133283        1.000000   11.345310    4.290268    0.181937    6.281254
    0.401961    0.903923   -0.009611   -0.032536    0.000000       -1.138773        1.000000   11.695060    4.448222    0.181937    6.281254
    0.411765    0.904451   -0.007516   -0.034914    0.000000       -1.140525        1.000000   12.045015    4.606386    0.181937    6.281254
    0.421569    0.904848   -0.005376   -0.034111    0.000000       -1.139253        1.000000   12.395122    4.764715    0.181937    6.281254
    0.431373    0.905116   -0.003363   -0.030932    0.000000       -1.135757        1.000000   12.745334    4.923161    0.181937    6.281254
    0.441176    0.905267   -0.001598   -0.026196    0.000000       -1.130841        1.000000   13.095604    5.081681    0.181937    6.281254
    0.450980    0.905320   -0.000154   -0.020654    0.000000       -1.125236        1.000000   13.445894    5.240237    0.181937    6.281254
    0.460784    0.905294    0.000942   -0.014940    0.000000       -1.119554        1.000000   13.796174    5.398796    0.181937    6.281254
    0.470588    0.905211    0.001693   -0.009545    0.000000       -1.114259        1.000000   14.146422    5.557336    0.181937    6.281254
    0.480392    0.905091    0.002131   -0.004810    0.000000       -1.109669        1.000000   14.496624    5.715840    0.181937    6.281254
    0.490196    0.904954    0.002303   -0.000937    0.000000       -1.105963        1.000000   14.846772    5.874298    0.181937    6.281254
    0.500000    0.904812    0.002266    0.001990    0.000000       -1.103209        1.000000   15.196866    6.032707    0.181937    6.281254
    0.509804    0.904678    0.002078    0.003978    0.000000       -1.101385        1.000000   15.546908    6.191067    0.181937    6.281254
    0.519608    0.904558    0.001794    0.005102    0.000000       -1.100408        1.000000   15.896904    6.349383    0.181937    6.281254
    0.529412    0.904458    0.001465    0.005475    0.000000       -1.100158        1.000000   16.246860    6.507660    0.181937    6.281254
    0.539216    0.904378    0.001132    0.005232    0.000000       -1.100500        1.000000   16.596786    6.665906    0.181937    6.281254
    0.549020    0.904318    0.000830    0.004509    0.000000       -1.101297        1.000000   16.946689    6.824127    0.181937    6.281254
    0.558824    0.904274    0.000584    0.003430    0.000000       -1.102428        1.000000   17.296574    6.982331    0.181937    6.281254
    0.568627    0.904244    0.000413    0.002101    0.000000       -1.103795        1.000000   17.646448    7.140522    0.181937    6.281254
    0.578431    0.904222    0.000329    0.000594    0.000000       -1.105330        1.000000   17.996314    7.298703    0.181937    6.281254
    0.588235    0.904202    0.000342   -0.001050    0.000000       -1.106998        1.000000   18.346171    7.456878    0.181937    6.281254
    0.598039    0.904177    0.000461   -0.002829    0.000000       -1.108806        1.000000   18.696020    7.615045    0.181937    6.281254
    0.607843    0.904143    0.000694   -0.004781    0.000000       -1.110801        1.000000   19.045854    7.773201    0.181937    6.281254
    0.617647    0.904089    0.001055   -0.006990    0.000000       -1.113074        1.000000   19.395669    7.931343    0.181937    6.281254
    0.627451    0.904010    0.001563   -0.009587    0.000000       -1.115769        1.000000   19.745452    8.089461    0.181937    6.281254
    0.637255    0.903893    0.002248   -0.012760    0.000000       -1.119083        1.000000   20.095190    8.247546    0.181937    6.281254
    0.647059    0.903728    0.003152   -0.016757    0.000000       -1.123279        1.000000   20.444864    8.405581    0.181937    6.281254
    0.656863    0.903499    0.004335   -0.021902    0.000000       -1.128699        1.000000   20.794450    8.563547    0.181937    6.281254
    0.666667    0.903187    0.005881   -0.028606    0.000000       -1.135777        1.000000   21.143915    8.721419    0.181937    6.281254
    0.676471    0.902765    0.007901   -0.037388    0.000000       -1.145061        1.000000   21.493217    8.879161    0.181937    6.281254
    0.686275    0.902201    0.010542   -0.048891    0.000000       -1.157230        1.000000   21.842301    9.036729    0.181937    6.281254
    0.696078    0.901450    0.013994   -0.063898    0.000000       -1.173113        1.000000   22.191094    9.194064    0.181937    6.281254
    0.705882    0.900456    0.018502   -0.083340    0.000000       -1.193698        1.000000   22.539502    9.351088    0.181937    6.281254
    0.715686    0.899144    0.024371   -0.108282    0.000000       -1.220121        1.000000   22.887403    9.507698    0.181937    6.281254
    0.725490    0.897419    0.031975   -0.139884    0.000000       -1.253621        1.000000   23.234636    9.663756    0.181937    6.281254
    0.735294    0.895162    0.041760   -0.179299    0.000000       -1.295442        1.000000   23.580996    9.819084    0.181937    6.281254
    0.745098    0.892222    0.054239   -0.227521    0.000000       -1.346670        1.000000   23.926218    9.973444    0.181937    6.281254
    0.754902    0.888418    0.069976   -0.285156    0.000000       -1.407997        1.000000   24.269969   10.126530    0.181937    6.281254
    0.764706    0.883533    0.089552   -0.352166    0.000000       -1.479451        1.000000   24.611829   10.277942    0.181937    6.281254
    0.774510    0.877315    0.113523   -0.427632    0.000000       -1.560137        1.000000   24.951284   10.427176    0.181937    6.281254
    0.784314    0.869483    0.142355   -0.509642    0.000000       -1.648117        1.000000   25.287708   10.573602    0.181937    6.281254
    0.794118    0.859739    0.176369   -0.595398    0.000000       -1.740498        1.000000   25.620362   10.716455    0.181937    6.281254
    0.803922    0.847771    0.215694   -0.681556    0.000000       -1.833787        1.000000   25.948385   10.854841    0.181937    6.281254
    0.813725    0.833282    0.260250   -0.764747    0.000000       -1.924410        1.000000   26.270802   10.987747    0.181937    6.281254
    0.823529    0.815993    0.309761   -0.842088    0.000000       -2.009263        1.000000   26.586529   11.114087    0.181937    6.281254
    0.833333    0.795666    0.363800   -0.911549    0.000000       -2.086101        1.000000   26.894392   11.232750    0.181937    6.281254
    0.843137    0.772114    0.421845   -0.972078    0.000000       -2.153684        1.000000   27.193142   11.342672    0.181937    6.281254
    0.852941    0.745204    0.483336   -1.023500    0.000000       -2.211698        1.000000   27.481479   11.442911    0.181937    6.281254
    0.862745    0.714862    0.547724   -1.066295    0.000000       -2.260529        1.000000   27.758077   11.532717    0.181937    6.281254
    0.872549    0.681072    0.614503   -1.101340    0.000000       -2.301007        1.000000   28.021600   11.611596    0.181937    6.281254
    0.882353    0.643874    0.683229   -1.129685    0.000000       -2.334172        1.000000   28.270731   11.679348    0.181937    6.281254
    0.892157    0.603358    0.753522   -1.152397    0.000000       -2.361105        1.000000   28.504185   11.736093    0.181937    6.281254
    0.901961    0.559658    0.825065   -1.170464    0.000000       -2.382828        1.000000   28.720730   11.782270    0.181937    6.281254
    0.911765    0.512949    0.897601   -1.184752    0.000000       -2.400248        1.000000   28.919202   11.818613    0.181937    6.281254
    0.921569    0.463441    0.970919   -1.195987    0.000000       -2.414139        1.000000   29.098519   11.846111    0.181937    6.281254
    0.931373    0.411375    1.044851   -1.204766    0.000000       -2.425140        1.000000   29.257690   11.865948    0.181937    6.281254
    0.941176    0.357017    1.119260   -1.211567    0.000000       -2.433773        1.000000   29.395828   11.879433    0.181937    6.281254
    0.950980    0.300656    1.194037   -1.216768    0.000000       -2.440456        1.000000   29.512160   11.887919    0.181937    6.281254
    0.960784    0.242599    1.269092   -1.220662    0.000000       -2.445514        1.000000   29.606027   11.892727    0.181937    6.281254
    0.970588    0.183167    1.344353   -1.223473    0.000000       -2.449200        1.000000   29.676899   11.895061    0.181937    6.281254
    0.980392    0.122694    1.419759   -1.225366    0.000000       -2.451702        1.000000   29.724372   11.895944    0.181937    6.281254
    0.990196    0.061522    1.495255   -1.226457    0.000000       -2.453151        1.000000   29.748176   11.896150    0.181937    6.281254
    1.000000    0.000000    1.570796   -1.226813    0.000000       -2.453625        1.000000   29.748176   11.896164    0.181937    6.281254
