           t           r         psi          cs          qs               p             sig           A           V          Q2           S
    0.000000    0.000000   -1.570796   -1.205280    0.000000       -2.410561        1.000000    0.000000    0.000000    0.605278   10.543960
    0.009804    0.103104   -1.445686   -1.220373    0.000000       -2.430655        1.000000    0.000000    0.000108    0.605278   10.543960
    0.019608    0.204568   -1.317398   -1.267264    0.000000       -2.492747        1.000000    0.132868    0.001712    0.605278   10.543960
    0.029412    0.302613   -1.182455   -1.349893    0.000000       -2.601174        1.000000    0.329418    0.008553    0.605278   10.543960
    0.039216    0.395157   -1.036960   -1.471628    0.000000       -2.759318        1.000000    0.586075    0.026475    0.605278   10.543960
    0.049020    0.479649   -0.876982   -1.628083    0.000000       -2.961297        1.000000    0.897609    0.062659    0.605278   10.543960
    0.058824    0.552979   -0.700057   -1.791925    0.000000       -3.174988        1.000000    1.256773    0.124130    0.605278   10.543960
    0.068627    0.611703   -0.508619   -1.893077    0.000000       -3.320923        1.000000    1.654078    0.215261    0.605278   10.543960
    0.078431    0.652938   -0.314508   -1.826277    0.000000       -3.282693        1.000000    2.078165    0.334836    0.605278   10.543960
    0.088235    0.675895   -0.139102   -1.530771    0.000000       -2.996000        1.000000    2.517163    0.475095    0.605278   10.543960
    0.098039    0.682855   -0.003656   -1.074812    0.000000       -2.539243        1.000000    2.960682    0.625046    0.605278   10.543960
    0.107843    0.678354    0.082608   -0.602445    0.000000       -2.071573        1.000000    3.401277    0.775619    0.605278   10.543960
    0.117647    0.667355    0.123976   -0.216813    0.000000       -1.703766        1.000000    3.834728    0.921958    0.605278   10.543960
    0.127451    0.653948    0.131542    0.050886    0.000000       -1.465077        1.000000    4.259472    1.062535    0.605278   10.543960
    0.137255    0.640984    0.117193    0.210461    0.000000       -1.338939        1.000000    4.675795    1.197551    0.605278   10.543960
    0.147059    0.630179    0.090984    0.284308    0.000000       -1.295980        1.000000    5.085100    1.327927    0.605278   10.543960
    0.156863    0.622344    0.060573    0.295394    0.000000       -1.308488        1.000000    5.489317    1.454819    0.605278   10.543960
    0.166667    0.617622    0.031368    0.264151    0.000000       -1.354166        1.000000    5.890466    1.579412    0.605278   10.543960
    0.176471    0.615698    0.006814    0.208089    0.000000       -1.416045        1.000000    6.290366    1.702796    0.605278   10.543960
    0.186275    0.615990   -0.011302    0.141736    0.000000       -1.481564        1.000000    6.690455    1.825899    0.605278   10.543960
    0.196078    0.617796   -0.022531    0.076470    0.000000       -1.541775        1.000000    7.091718    1.949428    0.605278   10.543960
    0.205882    0.620429   -0.027431    0.020346    0.000000       -1.590837        1.000000    7.494690    2.073849    0.605278   10.543960
    0.215686    0.623290   -0.027219   -0.021912    0.000000       -1.625706        1.000000    7.899521    2.199387    0.605278   10.543960
    0.225490    0.625932   -0.023438   -0.048657    0.000000       -1.645836        1.000000    8.306068    2.326058    0.605278   10.543960
    0.235294    0.628067   -0.017665   -0.060784    0.000000       -1.652721        1.000000    8.714002    2.453721    0.605278   10.543960
    0.245098    0.629564   -0.011284   -0.060958    0.000000       -1.649259        1.000000    9.122908    2.582140    0.605278   10.543960
    0.254902    0.630416   -0.005351   -0.052760    0.000000       -1.638992        1.000000    9.532367    2.711047    0.605278   10.543960
    0.264706    0.630709   -0.000537   -0.039892    0.000000       -1.625409        1.000000    9.942016    2.840188    0.605278   10.543960
    0.274510    0.630577    0.002848   -0.025581    0.000000       -1.611425        1.000000   10.351580    2.969357    0.605278   10.543960
    0.284314    0.630170    0.004787   -0.012251    0.000000       -1.599106        1.000000   10.760879    3.098410    0.605278   10.543960
    0.294118    0.629630    0.005468   -0.001423    0.000000       -1.589632        1.000000   11.169828    3.227265    0.605278   10.543960
    0.303922    0.629073    0.005192    0.006213    0.000000       -1.583407        1.000000   11.578415    3.355891    0.605278   10.543960
    0.313725    0.628578    0.004295    0.010621    0.000000       -1.580256        1.000000   11.986680    3.484301    0.605278   10.543960
    0.323529    0.628195    0.003093    0.012214    0.000000       -1.579640        1.000000   12.394697    3.612531    0.605278   10.543960
    0.333333    0.627940    0.001844    0.011656    0.000000       -1.580849        1.000000   12.802548    3.740631    0.605278   10.543960
    0.343137    0.627809    0.000732    0.009692    0.000000       -1.583149        1.000000   13.210314    3.868654    0.605278   10.543960
    0.352941    0.627781   -0.000135    0.007023    0.000000       -1.585890        1.000000   13.618062    3.996644    0.605278   10.543960
    0.362745    0.627827   -0.000716    0.004228    0.000000       -1.588567        1.000000   14.025840    4.124640    0.605278   10.543960
    0.372549    0.627919   -0.001020    0.001725    0.000000       -1.590836        1.000000   14.433677    4.252664    0.605278   10.543960
    0.382353    0.628030   -0.001091   -0.000238    0.000000       -1.592518        1.000000   14.841586    4.380731    0.605278   10.543960
    0.392157    0.628139   -0.000993   -0.001561    0.000000       -1.593565        1.000000   15.249566    4.508843    0.605278   10.543960
    0.401961    0.628232   -0.000790   -0.002263    0.000000       -1.594033        1.000000   15.657607    4.636997    0.605278   10.543960
    0.411765    0.628301   -0.000543   -0.002441    0.000000       -1.594035        1.000000   16.065692    4.765184    0.605278   10.543960
    0.421569    0.628344   -0.000299   -0.002232    0.000000       -1.593717        1.000000   16.473806    4.893393    0.605278   10.543960
    0.431373    0.628364   -0.000090   -0.001785    0.000000       -1.593220        1.000000   16.881932    5.021616    0.605278   10.543960
    0.441176    0.628364    0.000067   -0.001235    0.000000       -1.592668        1.000000   17.290059    5.149843    0.605278   10.543960
    0.450980    0.628352    0.000166   -0.000687    0.000000       -1.592152        1.000000   17.698177    5.278066    0.605278   10.543960
    0.460784    0.628332    0.000211   -0.000216    0.000000       -1.591731        1.000000   18.106283    5.406284    0.605278   10.543960
    0.470588    0.628310    0.000214    0.000138    0.000000       -1.591434        1.000000   18.514374    5.534492    0.605278   10.543960
    0.480392    0.628289    0.000187    0.000364    0.000000       -1.591261        1.000000   18.922451    5.662691    0.605278   10.543960
    0.490196    0.628272    0.000143    0.000470    0.000000       -1.591198        1.000000   19.330518    5.790883    0.605278   10.543960
    0.500000    0.628259    0.000093    0.000480    0.000000       -1.591220        1.000000   19.738576    5.919069    0.605278   10.543960
    0.509804    0.628252    0.000046    0.000421    0.000000       -1.591296        1.000000   20.146630    6.047250    0.605278   10.543960
    0.519608    0.628249    0.000008    0.000324    0.000000       -1.591401        1.000000   20.554682    6.175430    0.605278   10.543960
    0.529412    0.628250   -0.000020    0.000212    0.000000       -1.591510        1.000000   20.962735    6.303609    0.605278   10.543960
    0.539216    0.628253   -0.000037    0.000106    0.000000       -1.591609        1.000000   21.370789    6.431789    0.605278   10.543960
    0.549020    0.628257   -0.000043    0.000019    0.000000       -1.591686        1.000000   21.778846    6.559971    0.605278   10.543960
    0.558824    0.628262   -0.000041   -0.000045    0.000000       -1.591738        1.000000   22.186906    6.688154    0.605278   10.543960
    0.568627    0.628266   -0.000034   -0.000083    0.000000       -1.591766        1.000000   22.594969    6.816339    0.605278   10.543960
    0.578431    0.628269   -0.000025   -0.000098    0.000000       -1.591774        1.000000   23.003033    6.944526    0.605278   10.543960
    0.588235    0.628271   -0.000015   -0.000097    0.000000       -1.591767        1.000000   23.411099    7.072713    0.605278   10.543960
    0.598039    0.628272   -0.000005   -0.000084    0.000000       -1.591751        1.000000   23.819166    7.200902    0.605278   10.543960
    0.607843    0.628272    0.000002   -0.000065    0.000000       -1.591733        1.000000   24.227233    7.329090    0.605278   10.543960
    0.617647    0.628271    0.000008   -0.000047    0.000000       -1.591715        1.000000   24.635299    7.457278    0.605278   10.543960
    0.627451    0.628270    0.000012   -0.000031    0.000000       -1.591703        1.000000   25.043365    7.585466    0.605278   10.543960
    0.637255    0.628269    0.000015   -0.000022    0.000000       -1.591697        1.000000   25.451429    7.713654    0.605278   10.543960
    0.647059    0.628267    0.000017   -0.000021    0.000000       -1.591701        1.000000   25.859493    7.841841    0.605278   10.543960
    0.656863    0.628265    0.000020   -0.000030    0.000000       -1.591714        1.000000   26.267555    7.970027    0.605278   10.543960
    0.666667    0.628263    0.000024   -0.000049    0.000000       -1.591739        1.000000   26.675616    8.098212    0.605278   10.543960
    0.676471    0.628260    0.000030   -0.000082    0.000000       -1.591778        1.000000   27.083676    8.226397    0.605278   10.543960
    0.686275    0.628257    0.000041   -0.000130    0.000000       -1.591836        1.000000   27.491732    8.354580    0.605278   10.543960
    0.696078    0.628252    0.000058   -0.000199    0.000000       -1.591917        1.000000   27.899786    8.482761    0.605278   10.543960
    0.705882    0.628245    0.000083   -0.000297    0.000000       -1.592034        1.000000   28.307835    8.610940    0.605278   10.543960
    0.715686    0.628234    0.000121   -0.000437    0.000000       -1.592200        1.000000   28.715877    8.739115    0.605278   10.543960
    0.725490    0.628219    0.000175   -0.000637    0.000000       -1.592438        1.000000   29.123909    8.867285    0.605278   10.543960
    0.735294    0.628197    0.000255   -0.000924    0.000000       -1.592781        1.000000   29.531927    8.995448    0.605278   10.543960
    0.745098    0.628165    0.000371   -0.001338    0.000000       -1.593276        1.000000   29.939924    9.123599    0.605278   10.543960
    0.754902    0.628119    0.000538   -0.001937    0.000000       -1.593993        1.000000   30.347891    9.251735    0.605278   10.543960
    0.764706    0.628051    0.000781   -0.002804    0.000000       -1.595031        1.000000   30.755815    9.379848    0.605278   10.543960
    0.774510    0.627953    0.001131   -0.004059    0.000000       -1.596533        1.000000   31.163674    9.507928    0.605278   10.543960
    0.784314    0.627812    0.001639   -0.005876    0.000000       -1.598708        1.000000   31.571442    9.635959    0.605278   10.543960
    0.794118    0.627607    0.002374   -0.008505    0.000000       -1.601855        1.000000   31.979077    9.763920    0.605278   10.543960
    0.803922    0.627310    0.003438   -0.012307    0.000000       -1.606407        1.000000   32.386519    9.891780    0.605278   10.543960
    0.813725    0.626880    0.004976   -0.017799    0.000000       -1.612982        1.000000   32.793681   10.019493    0.605278   10.543960
    0.823529    0.626257    0.007201   -0.025720    0.000000       -1.622466        1.000000   33.200439   10.146992    0.605278   10.543960
    0.833333    0.625357    0.010413   -0.037121    0.000000       -1.636120        1.000000   33.606613   10.274183    0.605278   10.543960
    0.843137    0.624056    0.015046   -0.053480    0.000000       -1.655719        1.000000   34.011941   10.400927    0.605278   10.543960
    0.852941    0.622177    0.021711   -0.076853    0.000000       -1.683734        1.000000   34.416049   10.527023    0.605278   10.543960
    0.862745    0.619468    0.031272   -0.110039    0.000000       -1.723537        1.000000   34.818398   10.652179    0.605278   10.543960
    0.872549    0.615572    0.044925   -0.156742    0.000000       -1.779607        1.000000   35.218216   10.775976    0.605278   10.543960
    0.882353    0.609987    0.064303   -0.221647    0.000000       -1.857637        1.000000   35.614407   10.897808    0.605278   10.543960
    0.892157    0.602018    0.091567   -0.310273    0.000000       -1.964394        1.000000   36.005421   11.016806    0.605278   10.543960
    0.901961    0.590722    0.129467   -0.428376    0.000000       -2.107051        1.000000   36.389099   11.131737    0.605278   10.543960
    0.911765    0.574859    0.181311   -0.580634    0.000000       -2.291675        1.000000   36.762474   11.240895    0.605278   10.543960
    0.921569    0.552869    0.250744   -0.768519    0.000000       -2.520702        1.000000   37.121566   11.341995    0.605278   10.543960
    0.931373    0.522912    0.341287   -0.987737    0.000000       -2.789809        1.000000   37.461201   11.432185    0.605278   10.543960
    0.941176    0.483021    0.455635   -1.226504    0.000000       -3.085596        1.000000   37.774926   11.508289    0.605278   10.543960
    0.950980    0.431413    0.594900   -1.466361    0.000000       -3.386109        1.000000   38.055132   11.567467    0.605278   10.543960
    0.960784    0.366920    0.758105   -1.686235    0.000000       -3.665253        1.000000   38.293448   11.608285    0.605278   10.543960
    0.970588    0.289464    0.942200   -1.868051    0.000000       -3.899423        1.000000   38.481458   11.631820    0.605278   10.543960
    0.980392    0.200399    1.142609   -2.000643    0.000000       -4.072619        1.000000   38.611618   11.642028    0.605278   10.543960
    0.990196    0.102561    1.353980   -2.079949    0.000000       -4.177435        1.000000   38.678233   11.644651    0.605278   10.543960
    1.000000    0.000000    1.570796   -2.106154    0.000000       -4.212309        1.000000   38.678233   11.644837    0.605278   10.543960
