           t           r         psi          cs          qs               p             sig           A           V          Q2           S
    0.000000    0.000000   -1.570796   -0.995107    0.000000       -1.990215        1.000000    0.000000    0.000000    0.150576    3.913844
    0.009804    0.038362   -1.532612   -0.995186    0.000000       -1.990319        1.000000    0.000000    0.000002    0.150576    3.913844
    0.019608    0.076667   -1.494422   -0.995424    0.000000       -1.990636        1.000000    0.018484    0.000027    0.150576    3.913844
    0.029412    0.114861   -1.456219   -0.995827    0.000000       -1.991172        1.000000    0.046176    0.000137    0.150576    3.913844
    0.039216    0.152888   -1.417998   -0.996406    0.000000       -1.991939        1.000000    0.083036    0.000430    0.150576    3.913844
    0.049020    0.190691   -1.379750   -0.997176    0.000000       -1.992956        1.000000    0.129010    0.001047    0.150576    3.913844
    0.058824    0.228215   -1.341470   -0.998157    0.000000       -1.994243        1.000000    0.184031    0.002159    0.150576    3.913844
    0.068627    0.265405   -1.303147   -0.999372    0.000000       -1.995831        1.000000    0.248018    0.003976    0.150576    3.913844
    0.078431    0.302206   -1.264772   -1.000853    0.000000       -1.997753        1.000000    0.320878    0.006735    0.150576    3.913844
    0.088235    0.338564   -1.226335   -1.002638    0.000000       -2.000055        1.000000    0.402503    0.010702    0.150576    3.913844
    0.098039    0.374422   -1.187823   -1.004772    0.000000       -2.002788        1.000000    0.492773    0.016167    0.150576    3.913844
    0.107843    0.409728   -1.149222   -1.007312    0.000000       -2.006016        1.000000    0.591555    0.023438    0.150576    3.913844
    0.117647    0.444427   -1.110514   -1.010326    0.000000       -2.009817        1.000000    0.698703    0.032838    0.150576    3.913844
    0.127451    0.478466   -1.071680   -1.013898    0.000000       -2.014283        1.000000    0.814058    0.044703    0.150576    3.913844
    0.137255    0.511789   -1.032697   -1.018129    0.000000       -2.019527        1.000000    0.937446    0.059370    0.150576    3.913844
    0.147059    0.544345   -0.993537   -1.023142    0.000000       -2.025686        1.000000    1.068683    0.077180    0.150576    3.913844
    0.156863    0.576078   -0.954167   -1.029090    0.000000       -2.032927        1.000000    1.207571    0.098466    0.150576    3.913844
    0.166667    0.606935   -0.914548   -1.036158    0.000000       -2.041452        1.000000    1.353899    0.123555    0.150576    3.913844
    0.176471    0.636862   -0.874633   -1.044574    0.000000       -2.051509        1.000000    1.507441    0.152754    0.150576    3.913844
    0.186275    0.665801   -0.834365   -1.054617    0.000000       -2.063399        1.000000    1.667961    0.186355    0.150576    3.913844
    0.196078    0.693698   -0.793675   -1.066628    0.000000       -2.077486        1.000000    1.835206    0.224619    0.150576    3.913844
    0.205882    0.720494   -0.752479   -1.081023    0.000000       -2.094212        1.000000    2.008911    0.267782    0.150576    3.913844
    0.215686    0.746127   -0.710678   -1.098298    0.000000       -2.114103        1.000000    2.188797    0.316041    0.150576    3.913844
    0.225490    0.770534   -0.668149   -1.119039    0.000000       -2.137773        1.000000    2.374567    0.369554    0.150576    3.913844
    0.235294    0.793648   -0.624748   -1.143906    0.000000       -2.165909        1.000000    2.565909    0.428432    0.150576    3.913844
    0.245098    0.815395   -0.580302   -1.173592    0.000000       -2.199226        1.000000    2.762494    0.492739    0.150576    3.913844
    0.254902    0.835696   -0.534614   -1.208710    0.000000       -2.238348        1.000000    2.963974    0.562478    0.150576    3.913844
    0.264706    0.854466   -0.487469   -1.249560    0.000000       -2.283564        1.000000    3.169979    0.637589    0.150576    3.913844
    0.274510    0.871609   -0.438653   -1.295678    0.000000       -2.334360        1.000000    3.380117    0.717942    0.150576    3.913844
    0.284314    0.887025   -0.387994   -1.345050    0.000000       -2.388617        1.000000    3.593972    0.803321    0.150576    3.913844
    0.294118    0.900608   -0.335448   -1.392920    0.000000       -2.441394        1.000000    3.811102    0.893416    0.150576    3.913844
    0.303922    0.912255   -0.281229   -1.430364    0.000000       -2.483485        1.000000    4.031039    0.987812    0.150576    3.913844
    0.313725    0.921883   -0.225989   -1.443458    0.000000       -2.500613        1.000000    4.253298    1.085977    0.150576    3.913844
    0.323529    0.929445   -0.170990   -1.414829    0.000000       -2.475049        1.000000    4.477380    1.187268    0.150576    3.913844
    0.333333    0.934962   -0.118144   -1.329353    0.000000       -2.391459        1.000000    4.702792    1.290960    0.150576    3.913844
    0.343137    0.938543   -0.069761   -1.182862    0.000000       -2.245751        1.000000    4.929068    1.396303    0.150576    3.913844
    0.352941    0.940394   -0.027997   -0.987719    0.000000       -2.050687        1.000000    5.155789    1.502596    0.150576    3.913844
    0.362745    0.940794    0.005739   -0.769168    0.000000       -1.832082        1.000000    5.382607    1.609259    0.150576    3.913844
    0.372549    0.940061    0.031084   -0.554522    0.000000       -1.617768        1.000000    5.609249    1.715866    0.150576    3.913844
    0.382353    0.938509    0.048604   -0.363715    0.000000       -1.427976        1.000000    5.835516    1.822143    0.150576    3.913844
    0.392157    0.936418    0.059428   -0.206370    0.000000       -1.272383        1.000000    6.061279    1.927934    0.150576    3.913844
    0.401961    0.934020    0.064889   -0.083932    0.000000       -1.152320        1.000000    6.286464    2.033165    0.150576    3.913844
    0.411765    0.931494    0.066276    0.006757    0.000000       -1.064430        1.000000    6.511040    2.137818    0.150576    3.913844
    0.421569    0.928975    0.064714    0.070632    0.000000       -1.003570        1.000000    6.735009    2.241905    0.150576    3.913844
    0.431373    0.926557    0.061133    0.112775    0.000000       -0.964473        1.000000    6.958395    2.345457    0.150576    3.913844
    0.441176    0.924303    0.056279    0.137694    0.000000       -0.942490        1.000000    7.181237    2.448513    0.150576    3.913844
    0.450980    0.922249    0.050738    0.149113    0.000000       -0.933797        1.000000    7.403584    2.551120    0.150576    3.913844
    0.460784    0.920414    0.044970    0.149995    0.000000       -0.935375        1.000000    7.625488    2.653324    0.150576    3.913844
    0.470588    0.918798    0.039332    0.142655    0.000000       -0.944882        1.000000    7.847003    2.755172    0.150576    3.913844
    0.480392    0.917391    0.034105    0.128881    0.000000       -0.960533        1.000000    8.068179    2.856708    0.150576    3.913844
    0.490196    0.916173    0.029506    0.110047    0.000000       -0.980975        1.000000    8.289061    2.957971    0.150576    3.913844
    0.500000    0.915116    0.025711    0.087200    0.000000       -1.005196        1.000000    8.509689    3.058997    0.150576    3.913844
    0.509804    0.914188    0.022856    0.061125    0.000000       -1.032457        1.000000    8.730092    3.159813    0.150576    3.913844
    0.519608    0.913349    0.021054    0.032396    0.000000       -1.062233        1.000000    8.950293    3.260440    0.150576    3.913844
    0.529412    0.912558    0.020398    0.001411    0.000000       -1.094183        1.000000    9.170304    3.360891    0.150576    3.913844
    0.539216    0.911768    0.020971   -0.031581    0.000000       -1.128110        1.000000    9.390124    3.461170    0.150576    3.913844
    0.549020    0.910932    0.022846   -0.066458    0.000000       -1.163949        1.000000    9.609743    3.561268    0.150576    3.913844
    0.558824    0.909997    0.026095   -0.103204    0.000000       -1.201734        1.000000    9.829136    3.661167    0.150576    3.913844
    0.568627    0.908911    0.030791   -0.141884    0.000000       -1.241580        1.000000   10.048267    3.760834    0.150576    3.913844
    0.578431    0.907615    0.037010   -0.182617    0.000000       -1.283651        1.000000   10.267086    3.860225    0.150576    3.913844
    0.588235    0.906051    0.044833   -0.225542    0.000000       -1.328124        1.000000   10.485528    3.959279    0.150576    3.913844
    0.598039    0.904154    0.054348   -0.270774    0.000000       -1.375147        1.000000   10.703512    4.057917    0.150576    3.913844
    0.607843    0.901859    0.065643   -0.318360    0.000000       -1.424792        1.000000   10.920944    4.156044    0.150576    3.913844
    0.617647    0.899097    0.078809   -0.368238    0.000000       -1.477013        1.000000   11.137709    4.253545    0.150576    3.913844
    0.627451    0.895793    0.093929   -0.420198    0.000000       -1.531606        1.000000   11.353678    4.350283    0.150576    3.913844
    0.637255    0.891873    0.111078   -0.473863    0.000000       -1.588188        1.000000   11.568701    4.446099    0.150576    3.913844
    0.647059    0.887260    0.130309   -0.528688    0.000000       -1.646198        1.000000   11.782613    4.540810    0.150576    3.913844
    0.656863    0.881875    0.151656   -0.583988    0.000000       -1.704920        1.000000   11.995226    4.634213    0.150576    3.913844
    0.666667    0.875640    0.175122   -0.638981    0.000000       -1.763535        1.000000   12.206336    4.726077    0.150576    3.913844
    0.676471    0.868480    0.200679   -0.692850    0.000000       -1.821180        1.000000   12.415720    4.816156    0.150576    3.913844
    0.686275    0.860319    0.228268   -0.744814    0.000000       -1.877021        1.000000   12.623136    4.904182    0.150576    3.913844
    0.696078    0.851092    0.257804   -0.794184    0.000000       -1.930316        1.000000   12.828328    4.989876    0.150576    3.913844
    0.705882    0.840734    0.289175   -0.840410    0.000000       -1.980461        1.000000   13.031022    5.072951    0.150576    3.913844
    0.715686    0.829191    0.322253   -0.883105    0.000000       -2.027021        1.000000   13.230934    5.153117    0.150576    3.913844
    0.725490    0.816415    0.356898   -0.922051    0.000000       -2.069733        1.000000   13.427765    5.230090    0.150576    3.913844
    0.735294    0.802368    0.392965   -0.957182    0.000000       -2.108497        1.000000   13.621209    5.303599    0.150576    3.913844
    0.745098    0.787020    0.430307   -0.988565    0.000000       -2.143349        1.000000   13.810954    5.373393    0.150576    3.913844
    0.754902    0.770349    0.468783   -1.016365    0.000000       -2.174435        1.000000   13.996679    5.439248    0.150576    3.913844
    0.764706    0.752345    0.508262   -1.040817    0.000000       -2.201976        1.000000   14.178064    5.500974    0.150576    3.913844
    0.774510    0.733002    0.548618   -1.062199    0.000000       -2.226242        1.000000   14.354785    5.558418    0.150576    3.913844
    0.784314    0.712326    0.589741   -1.080807    0.000000       -2.247526        1.000000   14.526521    5.611472    0.150576    3.913844
    0.794118    0.690328    0.631530   -1.096939    0.000000       -2.266130        1.000000   14.692954    5.660074    0.150576    3.913844
    0.803922    0.667026    0.673895   -1.110881    0.000000       -2.282345        1.000000   14.853768    5.704209    0.150576    3.913844
    0.813725    0.642448    0.716757   -1.122903    0.000000       -2.296447        1.000000   15.008658    5.743912    0.150576    3.913844
    0.823529    0.616623    0.760047   -1.133250    0.000000       -2.308691        1.000000   15.157320    5.779268    0.150576    3.913844
    0.833333    0.589589    0.803706   -1.142142    0.000000       -2.319307        1.000000   15.299466    5.810405    0.150576    3.913844
    0.843137    0.561388    0.847681   -1.149774    0.000000       -2.328500        1.000000   15.434812    5.837499    0.150576    3.913844
    0.852941    0.532068    0.891928   -1.156317    0.000000       -2.336452        1.000000   15.563090    5.860762    0.150576    3.913844
    0.862745    0.501679    0.936408   -1.161920    0.000000       -2.343323        1.000000   15.684041    5.880443    0.150576    3.913844
    0.872549    0.470276    0.981086   -1.166712    0.000000       -2.349251        1.000000   15.797421    5.896822    0.150576    3.913844
    0.882353    0.437919    1.025934   -1.170802    0.000000       -2.354355        1.000000   15.902999    5.910200    0.150576    3.913844
    0.892157    0.404668    1.070928   -1.174287    0.000000       -2.358740        1.000000   16.000562    5.920894    0.150576    3.913844
    0.901961    0.370588    1.116045   -1.177245    0.000000       -2.362492        1.000000   16.089908    5.929233    0.150576    3.913844
    0.911765    0.335748    1.161266   -1.179746    0.000000       -2.365690        1.000000   16.170854    5.935547    0.150576    3.913844
    0.921569    0.300216    1.206576   -1.181848    0.000000       -2.368397        1.000000   16.243234    5.940161    0.150576    3.913844
    0.931373    0.264064    1.251959   -1.183599    0.000000       -2.370668        1.000000   16.306897    5.943389    0.150576    3.913844
    0.941176    0.227367    1.297404   -1.185040    0.000000       -2.372548        1.000000   16.361714    5.945526    0.150576    3.913844
    0.950980    0.190198    1.342898   -1.186205    0.000000       -2.374078        1.000000   16.407569    5.946840    0.150576    3.913844
    0.960784    0.152634    1.388432   -1.187122    0.000000       -2.375287        1.000000   16.444368    5.947570    0.150576    3.913844
    0.970588    0.114754    1.433997   -1.187813    0.000000       -2.376202        1.000000   16.472034    5.947919    0.150576    3.913844
    0.980392    0.076636    1.479585   -1.188295    0.000000       -2.376841        1.000000   16.490511    5.948050    0.150576    3.913844
    0.990196    0.038358    1.525187   -1.188579    0.000000       -2.377220        1.000000   16.499758    5.948080    0.150576    3.913844
    1.000000    0.000000    1.570796   -1.188672    0.000000       -2.377345        1.000000   16.499758    5.948082    0.150576    3.913844
