           t           r         psi          cs          qs               p             sig           A           V          Q2           S
    0.000000    0.000000   -1.570796   -0.991323    0.000000       -1.982645        1.000000    0.000000    0.000000    0.077212    3.798476
    0.009804    0.037232   -1.533879   -0.991346    0.000000       -1.982677        1.000000    0.000000    0.000001    0.077212    3.798476
    0.019608    0.074412   -1.496960   -0.991418    0.000000       -1.982772        1.000000    0.017411    0.000024    0.077212    3.798476
    0.029412    0.111492   -1.460038   -0.991539    0.000000       -1.982933        1.000000    0.043499    0.000121    0.077212    3.798476
    0.039216    0.148419   -1.423110   -0.991713    0.000000       -1.983164        1.000000    0.078227    0.000381    0.077212    3.798476
    0.049020    0.185144   -1.386174   -0.991944    0.000000       -1.983469        1.000000    0.121548    0.000925    0.077212    3.798476
    0.058824    0.221617   -1.349229   -0.992238    0.000000       -1.983855        1.000000    0.173403    0.001910    0.077212    3.798476
    0.068627    0.257787   -1.312272   -0.992603    0.000000       -1.984331        1.000000    0.233721    0.003517    0.077212    3.798476
    0.078431    0.293605   -1.275299   -0.993046    0.000000       -1.984908        1.000000    0.302421    0.005960    0.077212    3.798476
    0.088235    0.329022   -1.238309   -0.993580    0.000000       -1.985597        1.000000    0.379407    0.009474    0.077212    3.798476
    0.098039    0.363990   -1.201296   -0.994218    0.000000       -1.986415        1.000000    0.464575    0.014316    0.077212    3.798476
    0.107843    0.398459   -1.164258   -0.994976    0.000000       -1.987380        1.000000    0.557809    0.020764    0.077212    3.798476
    0.117647    0.432383   -1.127189   -0.995876    0.000000       -1.988516        1.000000    0.658980    0.029105    0.077212    3.798476
    0.127451    0.465715   -1.090083   -0.996942    0.000000       -1.989850        1.000000    0.767951    0.039640    0.077212    3.798476
    0.137255    0.498407   -1.052934   -0.998205    0.000000       -1.991418        1.000000    0.884571    0.052675    0.077212    3.798476
    0.147059    0.530413   -1.015734   -0.999702    0.000000       -1.993260        1.000000    1.008680    0.068515    0.077212    3.798476
    0.156863    0.561690   -0.978473   -1.001480    0.000000       -1.995428        1.000000    1.140107    0.087467    0.077212    3.798476
    0.166667    0.592191   -0.941139   -1.003598    0.000000       -1.997987        1.000000    1.278671    0.109826    0.077212    3.798476
    0.176471    0.621872   -0.903720   -1.006129    0.000000       -2.001015        1.000000    1.424180    0.135880    0.077212    3.798476
    0.186275    0.650690   -0.866197   -1.009164    0.000000       -2.004613        1.000000    1.576433    0.165898    0.077212    3.798476
    0.196078    0.678602   -0.828550   -1.012821    0.000000       -2.008906        1.000000    1.735216    0.200130    0.077212    3.798476
    0.205882    0.705564   -0.790752   -1.017247    0.000000       -2.014053        1.000000    1.900307    0.238802    0.077212    3.798476
    0.215686    0.731534   -0.752773   -1.022635    0.000000       -2.020259        1.000000    2.071476    0.282115    0.077212    3.798476
    0.225490    0.756469   -0.714572   -1.029232    0.000000       -2.027785        1.000000    2.248479    0.330234    0.077212    3.798476
    0.235294    0.780326   -0.676097   -1.037361    0.000000       -2.036971        1.000000    2.431063    0.383295    0.077212    3.798476
    0.245098    0.803060   -0.637285   -1.047443    0.000000       -2.048257        1.000000    2.618968    0.441394    0.077212    3.798476
    0.254902    0.824627   -0.598053   -1.060029    0.000000       -2.062220        1.000000    2.811919    0.504587    0.077212    3.798476
    0.264706    0.844979   -0.558294   -1.075841    0.000000       -2.079606        1.000000    3.009632    0.572887    0.077212    3.798476
    0.274510    0.864064   -0.517873   -1.095812    0.000000       -2.101378        1.000000    3.211810    0.646265    0.077212    3.798476
    0.284314    0.881829   -0.476612   -1.121117    0.000000       -2.128744        1.000000    3.418146    0.724641    0.077212    3.798476
    0.294118    0.898212   -0.434288   -1.153160    0.000000       -2.163133        1.000000    3.628314    0.807888    0.077212    3.798476
    0.303922    0.913143   -0.390623   -1.193396    0.000000       -2.206022        1.000000    3.841977    0.895823    0.077212    3.798476
    0.313725    0.926543   -0.345290   -1.242785    0.000000       -2.258364        1.000000    4.058774    0.988205    0.077212    3.798476
    0.323529    0.938320   -0.297957   -1.300368    0.000000       -2.319145        1.000000    4.278328    1.084724    0.077212    3.798476
    0.333333    0.948373   -0.248406   -1.360241    0.000000       -2.382313        1.000000    4.500233    1.184995    0.077212    3.798476
    0.343137    0.956599   -0.196809   -1.406501    0.000000       -2.431691        1.000000    4.724063    1.288537    0.077212    3.798476
    0.352941    0.962917   -0.144191   -1.408783    0.000000       -2.436517        1.000000    4.949372    1.394765    0.077212    3.798476
    0.362745    0.967312   -0.092920   -1.328035    0.000000       -2.357368        1.000000    5.175709    1.503000    0.077212    3.798476
    0.372549    0.969886   -0.046600   -1.142605    0.000000       -2.172535        1.000000    5.402649    1.612521    0.077212    3.798476
    0.382353    0.970887   -0.008832   -0.876885    0.000000       -1.906830        1.000000    5.629822    1.722668    0.077212    3.798476
    0.392157    0.970675    0.018468   -0.591316    0.000000       -1.621352        1.000000    5.856946    1.832938    0.077212    3.798476
    0.401961    0.969638    0.035653   -0.340398    0.000000       -1.371055        1.000000    6.083827    1.943020    0.077212    3.798476
    0.411765    0.968123    0.044563   -0.148481    0.000000       -1.180382        1.000000    6.310354    2.052759    0.077212    3.798476
    0.421569    0.966395    0.047447   -0.015433    0.000000       -1.049043        1.000000    6.536477    2.162100    0.077212    3.798476
    0.431373    0.964640    0.046313    0.069337    0.000000       -0.966208        1.000000    6.762188    2.271042    0.077212    3.798476
    0.441176    0.962977    0.042731    0.117885    0.000000       -0.919613        1.000000    6.987511    2.379609    0.077212    3.798476
    0.450980    0.961474    0.037856    0.140310    0.000000       -0.899014        1.000000    7.212482    2.487838    0.077212    3.798476
    0.460784    0.960164    0.032511    0.144162    0.000000       -0.896776        1.000000    7.437147    2.595772    0.077212    3.798476
    0.470588    0.959052    0.027281    0.134828    0.000000       -0.907481        1.000000    7.661551    2.703452    0.077212    3.798476
    0.480392    0.958125    0.022585    0.116073    0.000000       -0.927366        1.000000    7.885738    2.810920    0.077212    3.798476
    0.490196    0.957359    0.018721    0.090503    0.000000       -0.953854        1.000000    8.109747    2.918208    0.077212    3.798476
    0.500000    0.956718    0.015907    0.059897    0.000000       -0.985210        1.000000    8.333605    3.025347    0.077212    3.798476
    0.509804    0.956160    0.014307    0.025429    0.000000       -1.020314        1.000000    8.557332    3.132356    0.077212    3.798476
    0.519608    0.955636    0.014052   -0.012187    0.000000       -1.058507        1.000000    8.780937    3.239246    0.077212    3.798476
    0.529412    0.955095    0.015249   -0.052598    0.000000       -1.099493        1.000000    9.004416    3.346017    0.077212    3.798476
    0.539216    0.954481    0.018003   -0.095734    0.000000       -1.143254        1.000000    9.227751    3.452658    0.077212    3.798476
    0.549020    0.953734    0.022415   -0.141729    0.000000       -1.189977        1.000000    9.450911    3.559140    0.077212    3.798476
    0.558824    0.952790    0.028597   -0.190835    0.000000       -1.239955        1.000000    9.673850    3.665422    0.077212    3.798476
    0.568627    0.951580    0.036670   -0.243296    0.000000       -1.293473        1.000000    9.896506    3.771444    0.077212    3.798476
    0.578431    0.950034    0.046761   -0.299223    0.000000       -1.350666        1.000000   10.118800    3.877125    0.077212    3.798476
    0.588235    0.948072    0.058997   -0.358449    0.000000       -1.411386        1.000000   10.340635    3.982362    0.077212    3.798476
    0.598039    0.945614    0.073493   -0.420433    0.000000       -1.475092        1.000000   10.561895    4.087028    0.077212    3.798476
    0.607843    0.942575    0.090334   -0.484225    0.000000       -1.540823        1.000000   10.782444    4.190968    0.077212    3.798476
    0.617647    0.938866    0.109564   -0.548522    0.000000       -1.607250        1.000000   11.002125    4.293998    0.077212    3.798476
    0.627451    0.934402    0.131175   -0.611821    0.000000       -1.672830        1.000000   11.220762    4.395907    0.077212    3.798476
    0.637255    0.929097    0.155102   -0.672613    0.000000       -1.736007        1.000000   11.438157    4.496453    0.077212    3.798476
    0.647059    0.922871    0.181224   -0.729581    0.000000       -1.795412        1.000000   11.654096    4.595371    0.077212    3.798476
    0.656863    0.915650    0.209381   -0.781743    0.000000       -1.850011        1.000000   11.868345    4.692374    0.077212    3.798476
    0.666667    0.907369    0.239381   -0.828515    0.000000       -1.899175        1.000000   12.080656    4.787161    0.077212    3.798476
    0.676471    0.897974    0.271019   -0.869700    0.000000       -1.942670        1.000000   12.290769    4.879422    0.077212    3.798476
    0.686275    0.887416    0.304088   -0.905420    0.000000       -1.980587        1.000000   12.498411    4.968847    0.077212    3.798476
    0.696078    0.875662    0.338391   -0.936026    0.000000       -2.013256        1.000000   12.703304    5.055135    0.077212    3.798476
    0.705882    0.862684    0.373746   -0.962002    0.000000       -2.041153        1.000000   12.905159    5.137996    0.077212    3.798476
    0.715686    0.848465    0.409990   -0.983897    0.000000       -2.064820        1.000000   13.103688    5.217166    0.077212    3.798476
    0.725490    0.832994    0.446983   -1.002263    0.000000       -2.084810        1.000000   13.298597    5.292406    0.077212    3.798476
    0.735294    0.816271    0.484602   -1.017621    0.000000       -2.101649        1.000000   13.489592    5.363511    0.077212    3.798476
    0.745098    0.798300    0.522744   -1.030444    0.000000       -2.115816        1.000000   13.676383    5.430310    0.077212    3.798476
    0.754902    0.779091    0.561323   -1.041143    0.000000       -2.127732        1.000000   13.858679    5.492676    0.077212    3.798476
    0.764706    0.758660    0.600266   -1.050074    0.000000       -2.137762        1.000000   14.036195    5.550520    0.077212    3.798476
    0.774510    0.737028    0.639514   -1.057537    0.000000       -2.146216        1.000000   14.208648    5.603799    0.077212    3.798476
    0.784314    0.714219    0.679016   -1.063783    0.000000       -2.153352        1.000000   14.375765    5.652513    0.077212    3.798476
    0.794118    0.690263    0.718732   -1.069019    0.000000       -2.159389        1.000000   14.537277    5.696704    0.077212    3.798476
    0.803922    0.665190    0.758626   -1.073418    0.000000       -2.164506        1.000000   14.692922    5.736456    0.077212    3.798476
    0.813725    0.639038    0.798671   -1.077120    0.000000       -2.168853        1.000000   14.842448    5.771894    0.077212    3.798476
    0.823529    0.611844    0.838843   -1.080242    0.000000       -2.172553        1.000000   14.985610    5.803179    0.077212    3.798476
    0.833333    0.583649    0.879122   -1.082881    0.000000       -2.175709        1.000000   15.122176    5.830505    0.077212    3.798476
    0.843137    0.554496    0.919491   -1.085114    0.000000       -2.178404        1.000000   15.251920    5.854097    0.077212    3.798476
    0.852941    0.524431    0.959937   -1.087006    0.000000       -2.180710        1.000000   15.374629    5.874206    0.077212    3.798476
    0.862745    0.493502    1.000447   -1.088612    0.000000       -2.182683        1.000000   15.490101    5.891102    0.077212    3.798476
    0.872549    0.461757    1.041013   -1.089975    0.000000       -2.184373        1.000000   15.598146    5.905072    0.077212    3.798476
    0.882353    0.429249    1.081626   -1.091131    0.000000       -2.185819        1.000000   15.698584    5.916414    0.077212    3.798476
    0.892157    0.396030    1.122278   -1.092112    0.000000       -2.187056        1.000000   15.791249    5.925432    0.077212    3.798476
    0.901961    0.362154    1.162965   -1.092941    0.000000       -2.188110        1.000000   15.875988    5.932428    0.077212    3.798476
    0.911765    0.327677    1.203679   -1.093641    0.000000       -2.189006        1.000000   15.952660    5.937701    0.077212    3.798476
    0.921569    0.292656    1.244417   -1.094228    0.000000       -2.189763        1.000000   16.021137    5.941539    0.077212    3.798476
    0.931373    0.257149    1.285176   -1.094716    0.000000       -2.190397        1.000000   16.081306    5.944214    0.077212    3.798476
    0.941176    0.221213    1.325951   -1.095117    0.000000       -2.190922        1.000000   16.133067    5.945979    0.077212    3.798476
    0.950980    0.184910    1.366739   -1.095442    0.000000       -2.191348        1.000000   16.176333    5.947062    0.077212    3.798476
    0.960784    0.148299    1.407538   -1.095697    0.000000       -2.191685        1.000000   16.211033    5.947662    0.077212    3.798476
    0.970588    0.111441    1.448346   -1.095890    0.000000       -2.191940        1.000000   16.237109    5.947949    0.077212    3.798476
    0.980392    0.074397    1.489159   -1.096024    0.000000       -2.192118        1.000000   16.254516    5.948056    0.077212    3.798476
    0.990196    0.037230    1.529977   -1.096103    0.000000       -2.192223        1.000000   16.263228    5.948080    0.077212    3.798476
    1.000000    0.000000    1.570796   -1.096129    0.000000       -2.192258        1.000000   16.263228    5.948082    0.077212    3.798476
