           t           r         psi          cs          qs               p             sig           A           V          Q2           S
    0.000000    0.000000   -1.570796   -1.005129    0.000000       -2.010259        1.000000    0.000000    0.000000    0.225291    4.742635
    0.009804    0.046480   -1.524058   -1.005378    0.000000       -2.010590        1.000000    0.000000    0.000004    0.225291    4.742635
    0.019608    0.092857   -1.477296   -1.006132    0.000000       -2.011593        1.000000    0.027128    0.000059    0.225291    4.742635
    0.029412    0.139032   -1.430486   -1.007420    0.000000       -2.013302        1.000000    0.067746    0.000297    0.225291    4.742635
    0.039216    0.184903   -1.383604   -1.009288    0.000000       -2.015770        1.000000    0.121764    0.000934    0.225291    4.742635
    0.049020    0.230367   -1.336620   -1.011803    0.000000       -2.019076        1.000000    0.189065    0.002268    0.225291    4.742635
    0.058824    0.275323   -1.289502   -1.015053    0.000000       -2.023320        1.000000    0.269499    0.004667    0.225291    4.742635
    0.068627    0.319671   -1.242214   -1.019154    0.000000       -2.028635        1.000000    0.362890    0.008571    0.225291    4.742635
    0.078431    0.363307   -1.194713   -1.024248    0.000000       -2.035185        1.000000    0.469028    0.014475    0.225291    4.742635
    0.088235    0.406130   -1.146948   -1.030518    0.000000       -2.043176        1.000000    0.587678    0.022922    0.225291    4.742635
    0.098039    0.448037   -1.098860   -1.038187    0.000000       -2.052862        1.000000    0.718570    0.034491    0.225291    4.742635
    0.107843    0.488923   -1.050378   -1.047537    0.000000       -2.064554        1.000000    0.861406    0.049786    0.225291    4.742635
    0.117647    0.528683   -1.001415   -1.058910    0.000000       -2.078635        1.000000    1.015859    0.069422    0.225291    4.742635
    0.127451    0.567208   -0.951869   -1.072731    0.000000       -2.095568        1.000000    1.181566    0.094010    0.225291    4.742635
    0.137255    0.604388   -0.901613   -1.089512    0.000000       -2.115915        1.000000    1.358136    0.124146    0.225291    4.742635
    0.147059    0.640106   -0.850497   -1.109867    0.000000       -2.140337        1.000000    1.545140    0.160392    0.225291    4.742635
    0.156863    0.674240   -0.798337   -1.134510    0.000000       -2.169599        1.000000    1.742116    0.203265    0.225291    4.742635
    0.166667    0.706662   -0.744917   -1.164228    0.000000       -2.204533        1.000000    1.948565    0.253219    0.225291    4.742635
    0.176471    0.737233   -0.689981   -1.199801    0.000000       -2.245953        1.000000    2.163944    0.310624    0.225291    4.742635
    0.186275    0.765802   -0.633244   -1.241827    0.000000       -2.294465        1.000000    2.387670    0.375755    0.225291    4.742635
    0.196078    0.792206   -0.574399   -1.290351    0.000000       -2.350074        1.000000    2.619109    0.448763    0.225291    4.742635
    0.205882    0.816267   -0.513166   -1.344198    0.000000       -2.411489        1.000000    2.857578    0.529653    0.225291    4.742635
    0.215686    0.837795   -0.449368   -1.399873    0.000000       -2.474983        1.000000    3.102336    0.618255    0.225291    4.742635
    0.225490    0.856599   -0.383070   -1.450062    0.000000       -2.532858        1.000000    3.352588    0.714188    0.225291    4.742635
    0.235294    0.872498   -0.314799   -1.482243    0.000000       -2.572054        1.000000    3.607485    0.816835    0.225291    4.742635
    0.245098    0.885358   -0.245782   -1.478888    0.000000       -2.574430        1.000000    3.866138    0.925324    0.225291    4.742635
    0.254902    0.895127   -0.178114   -1.421468    0.000000       -2.520954        1.000000    4.127646    1.038554    0.225291    4.742635
    0.264706    0.901885   -0.114615   -1.298886    0.000000       -2.400399        1.000000    4.391128    1.155274    0.225291    4.742635
    0.274510    0.905866   -0.058272   -1.115988    0.000000       -2.218030        1.000000    4.655772    1.274218    0.225291    4.742635
    0.284314    0.907446   -0.011439   -0.894426    0.000000       -1.996347        1.000000    4.920879    1.394261    0.225291    4.742635
    0.294118    0.907095    0.024763   -0.663604    0.000000       -1.765686        1.000000    5.185883    1.514527    0.225291    4.742635
    0.303922    0.905306    0.050527   -0.448937    0.000000       -1.552126        1.000000    5.450364    1.634416    0.225291    4.742635
    0.313725    0.902543    0.067000   -0.265537    0.000000       -1.371032        1.000000    5.714038    1.753574    0.225291    4.742635
    0.323529    0.899199    0.075788   -0.118534    0.000000       -1.227442        1.000000    5.976735    1.871824    0.225291    4.742635
    0.333333    0.895594    0.078567   -0.006539    0.000000       -1.119671        1.000000    6.238379    1.989108    0.225291    4.742635
    0.343137    0.891970    0.076869    0.074929    0.000000       -1.042875        1.000000    6.498964    2.105441    0.225291    4.742635
    0.352941    0.888502    0.071990    0.131192    0.000000       -0.991383        1.000000    6.758536    2.220879    0.225291    4.742635
    0.362745    0.885314    0.064982    0.167291    0.000000       -0.959868        1.000000    7.017177    2.335504    0.225291    4.742635
    0.372549    0.882484    0.056678    0.187562    0.000000       -0.943784        1.000000    7.274991    2.449407    0.225291    4.742635
    0.382353    0.880056    0.047729    0.195568    0.000000       -0.939429        1.000000    7.532095    2.562688    0.225291    4.742635
    0.392157    0.878049    0.038637    0.194182    0.000000       -0.943856        1.000000    7.788614    2.675449    0.225291    4.742635
    0.401961    0.876460    0.029781    0.185713    0.000000       -0.954734        1.000000    8.044668    2.787788    0.225291    4.742635
    0.411765    0.875272    0.021448    0.172021    0.000000       -0.970218        1.000000    8.300375    2.899802    0.225291    4.742635
    0.421569    0.874455    0.013842    0.154624    0.000000       -0.988836        1.000000    8.555843    3.011579    0.225291    4.742635
    0.431373    0.873971    0.007107    0.134774    0.000000       -1.009400        1.000000    8.811170    3.123202    0.225291    4.742635
    0.441176    0.873779    0.001331    0.113508    0.000000       -1.030945        1.000000    9.066440    3.234745    0.225291    4.742635
    0.450980    0.873832   -0.003440    0.091696    0.000000       -1.052682        1.000000    9.321727    3.346272    0.225291    4.742635
    0.460784    0.874083   -0.007199    0.070062    0.000000       -1.073965        1.000000    9.577086    3.457837    0.225291    4.742635
    0.470588    0.874486   -0.009968    0.049200    0.000000       -1.094272        1.000000    9.832563    3.569484    0.225291    4.742635
    0.480392    0.874995   -0.011794    0.029585    0.000000       -1.113198        1.000000   10.088190    3.681246    0.225291    4.742635
    0.490196    0.875569   -0.012744    0.011574    0.000000       -1.130448        1.000000   10.343983    3.793146    0.225291    4.742635
    0.500000    0.876168   -0.012899   -0.004594    0.000000       -1.145833        1.000000   10.599952    3.905196    0.225291    4.742635
    0.509804    0.876758   -0.012347   -0.018795    0.000000       -1.159274        1.000000   10.856093    4.017399    0.225291    4.742635
    0.519608    0.877307   -0.011181   -0.031019    0.000000       -1.170800        1.000000   11.112394    4.129749    0.225291    4.742635
    0.529412    0.877789   -0.009492   -0.041371    0.000000       -1.180545        1.000000   11.368837    4.242234    0.225291    4.742635
    0.539216    0.878183   -0.007360   -0.050057    0.000000       -1.188741        1.000000   11.625394    4.354834    0.225291    4.742635
    0.549020    0.878468   -0.004858   -0.057383    0.000000       -1.195715        1.000000   11.882035    4.467523    0.225291    4.742635
    0.558824    0.878629   -0.002039   -0.063737    0.000000       -1.201871        1.000000   12.138722    4.580271    0.225291    4.742635
    0.568627    0.878653    0.001061   -0.069579    0.000000       -1.207683        1.000000   12.395417    4.693043    0.225291    4.742635
    0.578431    0.878527    0.004431   -0.075422    0.000000       -1.213681        1.000000   12.652075    4.805803    0.225291    4.742635
    0.588235    0.878237    0.008084   -0.081826    0.000000       -1.220433        1.000000   12.908648    4.918507    0.225291    4.742635
    0.598039    0.877770    0.012058   -0.089374    0.000000       -1.228542        1.000000   13.165085    5.031112    0.225291    4.742635
    0.607843    0.877110    0.016422   -0.098671    0.000000       -1.238626        1.000000   13.421328    5.143566    0.225291    4.742635
    0.617647    0.876235    0.021270   -0.110324    0.000000       -1.251311        1.000000   13.677317    5.255816    0.225291    4.742635
    0.627451    0.875122    0.026727   -0.124935    0.000000       -1.267224        1.000000   13.932980    5.367800    0.225291    4.742635
    0.637255    0.873739    0.032943   -0.143089    0.000000       -1.286975        1.000000   14.188239    5.479448    0.225291    4.742635
    0.647059    0.872045    0.040097   -0.165332    0.000000       -1.311140        1.000000   14.443003    5.590679    0.225291    4.742635
    0.656863    0.869993    0.048389   -0.192154    0.000000       -1.340243        1.000000   14.697168    5.701401    0.225291    4.742635
    0.666667    0.867526    0.058043   -0.223958    0.000000       -1.374720        1.000000   14.950612    5.811502    0.225291    4.742635
    0.676471    0.864574    0.069297   -0.261024    0.000000       -1.414887        1.000000   15.203193    5.920853    0.225291    4.742635
    0.686275    0.861058    0.082400   -0.303469    0.000000       -1.460890        1.000000   15.454748    6.029298    0.225291    4.742635
    0.696078    0.856888    0.097600   -0.351206    0.000000       -1.512666        1.000000   15.705084    6.136655    0.225291    4.742635
    0.705882    0.851961    0.115136   -0.403907    0.000000       -1.569899        1.000000   15.953980    6.242710    0.225291    4.742635
    0.715686    0.846166    0.135228   -0.460985    0.000000       -1.631997        1.000000   16.201184    6.347212    0.225291    4.742635
    0.725490    0.839383    0.158060   -0.521594    0.000000       -1.698095        1.000000   16.446406    6.449873    0.225291    4.742635
    0.735294    0.831486    0.183771   -0.584663    0.000000       -1.767078        1.000000   16.689321    6.550365    0.225291    4.742635
    0.745098    0.822346    0.212448   -0.648961    0.000000       -1.837654        1.000000   16.929566    6.648324    0.225291    4.742635
    0.754902    0.811836    0.244118   -0.713181    0.000000       -1.908436        1.000000   17.166740    6.743350    0.225291    4.742635
    0.764706    0.799830    0.278748   -0.776046    0.000000       -1.978053        1.000000   17.400407    6.835016    0.225291    4.742635
    0.774510    0.786211    0.316246   -0.836397    0.000000       -2.045245        1.000000   17.630095    6.922881    0.225291    4.742635
    0.784314    0.770876    0.356473   -0.893279    0.000000       -2.108952        1.000000   17.855303    7.006497    0.225291    4.742635
    0.794118    0.753732    0.399250   -0.945978    0.000000       -2.168367        1.000000   18.075503    7.085434    0.225291    4.742635
    0.803922    0.734705    0.444370   -0.994047    0.000000       -2.222950        1.000000   18.290144    7.159289    0.225291    4.742635
    0.813725    0.713740    0.491614   -1.037280    0.000000       -2.272425        1.000000   18.498660    7.227708    0.225291    4.742635
    0.823529    0.690799    0.540755   -1.075685    0.000000       -2.316741        1.000000   18.700474    7.290406    0.225291    4.742635
    0.833333    0.665866    0.591573   -1.109436    0.000000       -2.356030        1.000000   18.895004    7.347176    0.225291    4.742635
    0.843137    0.638944    0.643857   -1.138823    0.000000       -2.390554        1.000000   19.081669    7.397904    0.225291    4.742635
    0.852941    0.610054    0.697413   -1.164205    0.000000       -2.420660        1.000000   19.259893    7.442579    0.225291    4.742635
    0.862745    0.579237    0.752064   -1.185978    0.000000       -2.446741        1.000000   19.429115    7.481292    0.225291    4.742635
    0.872549    0.546548    0.807651   -1.204544    0.000000       -2.469204        1.000000   19.588787    7.514243    0.225291    4.742635
    0.882353    0.512061    0.864034   -1.220288    0.000000       -2.488449        1.000000   19.738383    7.541727    0.225291    4.742635
    0.892157    0.475861    0.921091   -1.233572    0.000000       -2.504851        1.000000   19.877404    7.564129    0.225291    4.742635
    0.901961    0.438049    0.978714   -1.244722    0.000000       -2.518756        1.000000   20.005378    7.581912    0.225291    4.742635
    0.911765    0.398737    1.036812   -1.254026    0.000000       -2.530475        1.000000   20.121867    7.595597    0.225291    4.742635
    0.921569    0.358045    1.095305   -1.261738    0.000000       -2.540280        1.000000   20.226468    7.605744    0.225291    4.742635
    0.931373    0.316105    1.154124   -1.268073    0.000000       -2.548409        1.000000   20.318817    7.612936    0.225291    4.742635
    0.941176    0.273056    1.213208   -1.273217    0.000000       -2.555064        1.000000   20.398589    7.617749    0.225291    4.742635
    0.950980    0.229044    1.272508   -1.277321    0.000000       -2.560415        1.000000   20.465503    7.620739    0.225291    4.742635
    0.960784    0.184221    1.331976   -1.280512    0.000000       -2.564604        1.000000   20.519322    7.622414    0.225291    4.742635
    0.970588    0.138743    1.391573   -1.282890    0.000000       -2.567745        1.000000   20.559856    7.623220    0.225291    4.742635
    0.980392    0.092772    1.451264   -1.284534    0.000000       -2.569925        1.000000   20.586958    7.623523    0.225291    4.742635
    0.990196    0.046469    1.511015   -1.285498    0.000000       -2.571207        1.000000   20.600534    7.623593    0.225291    4.742635
    1.000000    0.000000    1.570796   -1.285815    0.000000       -2.571630        1.000000   20.600534    7.623598    0.225291    4.742635
