           t           r         psi          cs          qs               p             sig           A           V          Q2           S
    0.000000    0.000000   -1.570796   -0.995290    0.000000       -1.990579        1.000000    0.000000    0.000000    0.013535    3.229435
    0.009804    0.031656   -1.539284   -0.995291    0.000000       -1.990581        1.000000    0.000000    0.000001    0.013535    3.229435
    0.019608    0.063280   -1.507772   -0.995295    0.000000       -1.990586        1.000000    0.012589    0.000013    0.013535    3.229435
    0.029412    0.094842   -1.476260   -0.995301    0.000000       -1.990595        1.000000    0.031456    0.000063    0.013535    3.229435
    0.039216    0.126309   -1.444747   -0.995311    0.000000       -1.990608        1.000000    0.056583    0.000200    0.013535    3.229435
    0.049020    0.157651   -1.413235   -0.995323    0.000000       -1.990624        1.000000    0.087945    0.000487    0.013535    3.229435
    0.058824    0.188837   -1.381721   -0.995339    0.000000       -1.990645        1.000000    0.125511    0.001006    0.013535    3.229435
    0.068627    0.219835   -1.350207   -0.995358    0.000000       -1.990670        1.000000    0.169243    0.001856    0.013535    3.229435
    0.078431    0.250615   -1.318693   -0.995381    0.000000       -1.990700        1.000000    0.219098    0.003150    0.013535    3.229435
    0.088235    0.281145   -1.287178   -0.995409    0.000000       -1.990736        1.000000    0.275027    0.005017    0.013535    3.229435
    0.098039    0.311397   -1.255661   -0.995441    0.000000       -1.990777        1.000000    0.336974    0.007599    0.013535    3.229435
    0.107843    0.341339   -1.224144   -0.995479    0.000000       -1.990826        1.000000    0.404878    0.011049    0.013535    3.229435
    0.117647    0.370943   -1.192625   -0.995522    0.000000       -1.990882        1.000000    0.478671    0.015530    0.013535    3.229435
    0.127451    0.400178   -1.161105   -0.995573    0.000000       -1.990946        1.000000    0.558279    0.021214    0.013535    3.229435
    0.137255    0.429015   -1.129583   -0.995632    0.000000       -1.991021        1.000000    0.643624    0.028280    0.013535    3.229435
    0.147059    0.457426   -1.098059   -0.995700    0.000000       -1.991106        1.000000    0.734621    0.036912    0.013535    3.229435
    0.156863    0.485383   -1.066533   -0.995779    0.000000       -1.991204        1.000000    0.831180    0.047296    0.013535    3.229435
    0.166667    0.512858   -1.035004   -0.995871    0.000000       -1.991317        1.000000    0.933204    0.059619    0.013535    3.229435
    0.176471    0.539823   -1.003472   -0.995977    0.000000       -1.991447        1.000000    1.040592    0.074070    0.013535    3.229435
    0.186275    0.566251   -0.971937   -0.996100    0.000000       -1.991597        1.000000    1.153238    0.090832    0.013535    3.229435
    0.196078    0.592117   -0.940397   -0.996244    0.000000       -1.991770        1.000000    1.271030    0.110085    0.013535    3.229435
    0.205882    0.617394   -0.908852   -0.996413    0.000000       -1.991971        1.000000    1.393849    0.132002    0.013535    3.229435
    0.215686    0.642057   -0.877301   -0.996610    0.000000       -1.992205        1.000000    1.521575    0.156746    0.013535    3.229435
    0.225490    0.666081   -0.845744   -0.996843    0.000000       -1.992479        1.000000    1.654081    0.184472    0.013535    3.229435
    0.235294    0.689443   -0.814179   -0.997118    0.000000       -1.992799        1.000000    1.791234    0.215323    0.013535    3.229435
    0.245098    0.712119   -0.782604   -0.997445    0.000000       -1.993177        1.000000    1.932898    0.249424    0.013535    3.229435
    0.254902    0.734086   -0.751018   -0.997836    0.000000       -1.993625        1.000000    2.078931    0.286891    0.013535    3.229435
    0.264706    0.755322   -0.719418   -0.998306    0.000000       -1.994159        1.000000    2.229190    0.327817    0.013535    3.229435
    0.274510    0.775805   -0.687801   -0.998875    0.000000       -1.994800        1.000000    2.383523    0.372282    0.013535    3.229435
    0.284314    0.795515   -0.656165   -0.999569    0.000000       -1.995576        1.000000    2.541777    0.420344    0.013535    3.229435
    0.294118    0.814430   -0.624505   -1.000423    0.000000       -1.996521        1.000000    2.703793    0.472041    0.013535    3.229435
    0.303922    0.832532   -0.592814   -1.001482    0.000000       -1.997686        1.000000    2.869411    0.527392    0.013535    3.229435
    0.313725    0.849802   -0.561086   -1.002810    0.000000       -1.999134        1.000000    3.038465    0.586392    0.013535    3.229435
    0.323529    0.866221   -0.529310   -1.004494    0.000000       -2.000956        1.000000    3.210784    0.649015    0.013535    3.229435
    0.333333    0.881770   -0.497474   -1.006656    0.000000       -2.003278        1.000000    3.386197    0.715212    0.013535    3.229435
    0.343137    0.896433   -0.465560   -1.009473    0.000000       -2.006281        1.000000    3.564527    0.784913    0.013535    3.229435
    0.352941    0.910191   -0.433542   -1.013204    0.000000       -2.010229        1.000000    3.745594    0.858024    0.013535    3.229435
    0.362745    0.923028   -0.401388   -1.018235    0.000000       -2.015518        1.000000    3.929214    0.934429    0.013535    3.229435
    0.372549    0.934925   -0.369045   -1.025167    0.000000       -2.022758        1.000000    4.115201    1.013991    0.013535    3.229435
    0.382353    0.945863   -0.336442   -1.034946    0.000000       -2.032908        1.000000    4.303364    1.096549    0.013535    3.229435
    0.392157    0.955822   -0.303464   -1.049124    0.000000       -2.047539        1.000000    4.493508    1.181925    0.013535    3.229435
    0.401961    0.964776   -0.269936   -1.070306    0.000000       -2.069282        1.000000    4.685434    1.269919    0.013535    3.229435
    0.411765    0.972696   -0.235570   -1.102964    0.000000       -2.102641        1.000000    4.878935    1.360309    0.013535    3.229435
    0.421569    0.979539   -0.199894   -1.154695    0.000000       -2.155254        1.000000    5.073798    1.452854    0.013535    3.229435
    0.431373    0.985245   -0.162130   -1.236909    0.000000       -2.238574        1.000000    5.269795    1.547291    0.013535    3.229435
    0.441176    0.989725   -0.121159   -1.356620    0.000000       -2.359595        1.000000    5.466684    1.643322    0.013535    3.229435
    0.450980    0.992854   -0.076304   -1.462151    0.000000       -2.466417        1.000000    5.664195    1.740600    0.013535    3.229435
    0.460784    0.994543   -0.031078   -1.329434    0.000000       -2.334435        1.000000    5.862042    1.838692    0.013535    3.229435
    0.470588    0.994933    0.003770   -0.835775    0.000000       -1.840861        1.000000    6.059967    1.937120    0.013535    3.229435
    0.480392    0.994480    0.022415   -0.383277    0.000000       -1.388575        1.000000    6.257801    2.035534    0.013535    3.229435
    0.490196    0.993620    0.031011   -0.201426    0.000000       -1.207363        1.000000    6.455465    2.133788    0.013535    3.229435
    0.500000    0.992541    0.037169   -0.209641    0.000000       -1.216460        1.000000    6.652914    2.231829    0.013535    3.229435
    0.509804    0.991246    0.045223   -0.308192    0.000000       -1.315992        1.000000    6.850105    2.329611    0.013535    3.229435
    0.519608    0.989639    0.057006   -0.438012    0.000000       -1.446840        1.000000    7.046977    2.427065    0.013535    3.229435
    0.529412    0.987594    0.072943   -0.566831    0.000000       -1.576700        1.000000    7.243441    2.524084    0.013535    3.229435
    0.539216    0.984984    0.092713   -0.678463    0.000000       -1.689347        1.000000    7.439387    2.620521    0.013535    3.229435
    0.549020    0.981699    0.115663   -0.767366    0.000000       -1.779202        1.000000    7.634679    2.716192    0.013535    3.229435
    0.558824    0.977651    0.141073   -0.834437    0.000000       -1.847135        1.000000    7.829166    2.810883    0.013535    3.229435
    0.568627    0.972777    0.168310   -0.883452    0.000000       -1.896910        1.000000    8.022683    2.904363    0.013535    3.229435
    0.578431    0.967031    0.196871   -0.918728    0.000000       -1.932846        1.000000    8.215057    2.996391    0.013535    3.229435
    0.588235    0.960383    0.226381   -0.944023    0.000000       -1.958706        1.000000    8.406109    3.086721    0.013535    3.229435
    0.598039    0.952814    0.256574   -0.962230    0.000000       -1.977397        1.000000    8.595654    3.175113    0.013535    3.229435
    0.607843    0.944312    0.287259   -0.975446    0.000000       -1.991026        1.000000    8.783509    3.261335    0.013535    3.229435
    0.617647    0.934872    0.318304   -0.985145    0.000000       -2.001078        1.000000    8.969486    3.345166    0.013535    3.229435
    0.627451    0.924495    0.349615   -0.992350    0.000000       -2.008586        1.000000    9.153398    3.426399    0.013535    3.229435
    0.637255    0.913184    0.381124   -0.997769    0.000000       -2.014265        1.000000    9.335060    3.504846    0.013535    3.229435
    0.647059    0.900944    0.412782   -1.001895    0.000000       -2.018616        1.000000    9.514287    3.580333    0.013535    3.229435
    0.656863    0.887784    0.444556   -1.005075    0.000000       -2.021990        1.000000    9.690897    3.652710    0.013535    3.229435
    0.666667    0.873715    0.476418   -1.007552    0.000000       -2.024637        1.000000    9.864707    3.721844    0.013535    3.229435
    0.676471    0.858749    0.508351   -1.009502    0.000000       -2.026736        1.000000   10.035540    3.787627    0.013535    3.229435
    0.686275    0.842899    0.540338   -1.011053    0.000000       -2.028417        1.000000   10.203221    3.849971    0.013535    3.229435
    0.696078    0.826180    0.572370   -1.012298    0.000000       -2.029776        1.000000   10.367575    3.908811    0.013535    3.229435
    0.705882    0.808607    0.604437   -1.013305    0.000000       -2.030884        1.000000   10.528433    3.964105    0.013535    3.229435
    0.715686    0.790200    0.636532   -1.014126    0.000000       -2.031795        1.000000   10.685630    4.015834    0.013535    3.229435
    0.725490    0.770974    0.668652   -1.014800    0.000000       -2.032549        1.000000   10.839002    4.064000    0.013535    3.229435
    0.735294    0.750951    0.700791   -1.015358    0.000000       -2.033178        1.000000   10.988390    4.108628    0.013535    3.229435
    0.745098    0.730150    0.732946   -1.015822    0.000000       -2.033705        1.000000   11.133641    4.149764    0.013535    3.229435
    0.754902    0.708592    0.765114   -1.016210    0.000000       -2.034149        1.000000   11.274603    4.187474    0.013535    3.229435
    0.764706    0.686299    0.797294   -1.016536    0.000000       -2.034526        1.000000   11.411130    4.221843    0.013535    3.229435
    0.774510    0.663294    0.829483   -1.016812    0.000000       -2.034848        1.000000   11.543081    4.252973    0.013535    3.229435
    0.784314    0.639602    0.861680   -1.017046    0.000000       -2.035122        1.000000   11.670319    4.280985    0.013535    3.229435
    0.794118    0.615245    0.893884   -1.017245    0.000000       -2.035358        1.000000   11.792711    4.306013    0.013535    3.229435
    0.803922    0.590250    0.926094   -1.017415    0.000000       -2.035561        1.000000   11.910131    4.328204    0.013535    3.229435
    0.813725    0.564642    0.958309   -1.017561    0.000000       -2.035737        1.000000   12.022457    4.347719    0.013535    3.229435
    0.823529    0.538447    0.990528   -1.017686    0.000000       -2.035889        1.000000   12.129572    4.364725    0.013535    3.229435
    0.833333    0.511693    1.022751   -1.017794    0.000000       -2.036021        1.000000   12.231364    4.379399    0.013535    3.229435
    0.843137    0.484408    1.054977   -1.017887    0.000000       -2.036136        1.000000   12.327729    4.391924    0.013535    3.229435
    0.852941    0.456620    1.087206   -1.017967    0.000000       -2.036236        1.000000   12.418566    4.402486    0.013535    3.229435
    0.862745    0.428357    1.119437   -1.018037    0.000000       -2.036323        1.000000   12.503780    4.411272    0.013535    3.229435
    0.872549    0.399649    1.151670   -1.018097    0.000000       -2.036399        1.000000   12.583283    4.418470    0.013535    3.229435
    0.882353    0.370525    1.183905   -1.018149    0.000000       -2.036464        1.000000   12.656992    4.424264    0.013535    3.229435
    0.892157    0.341017    1.216141   -1.018194    0.000000       -2.036522        1.000000   12.724832    4.428834    0.013535    3.229435
    0.901961    0.311154    1.248379   -1.018232    0.000000       -2.036571        1.000000   12.786731    4.432354    0.013535    3.229435
    0.911765    0.280968    1.280618   -1.018265    0.000000       -2.036614        1.000000   12.842624    4.434991    0.013535    3.229435
    0.921569    0.250490    1.312858   -1.018293    0.000000       -2.036650        1.000000   12.892455    4.436898    0.013535    3.229435
    0.931373    0.219751    1.345098   -1.018317    0.000000       -2.036681        1.000000   12.936170    4.438220    0.013535    3.229435
    0.941176    0.188784    1.377340   -1.018336    0.000000       -2.036707        1.000000   12.973726    4.439089    0.013535    3.229435
    0.950980    0.157621    1.409582   -1.018352    0.000000       -2.036728        1.000000   13.005082    4.439620    0.013535    3.229435
    0.960784    0.126294    1.441824   -1.018365    0.000000       -2.036745        1.000000   13.030206    4.439913    0.013535    3.229435
    0.970588    0.094835    1.474067   -1.018375    0.000000       -2.036758        1.000000   13.049072    4.440053    0.013535    3.229435
    0.980392    0.063278    1.506310   -1.018382    0.000000       -2.036767        1.000000   13.061660    4.440105    0.013535    3.229435
    0.990196    0.031656    1.538553   -1.018386    0.000000       -2.036772        1.000000   13.067957    4.440117    0.013535    3.229435
    1.000000    0.000000    1.570796   -1.018387    0.000000       -2.036774        1.000000   13.067957    4.440118    0.013535    3.229435
