           t           r         psi          cs          qs               p             sig           A           V          Q2           S
    0.000000   -0.000000   -1.570796   -1.126913    0.000000       -2.253825        1.000000    0.000000    0.000000    0.513279    4.185183
    0.009804    0.041017   -1.524540   -1.128245    0.000000       -2.255601        1.000000    0.000000    0.000003    0.513279    4.185183
    0.019608    0.081945   -1.478173   -1.132272    0.000000       -2.260963        1.000000    0.021126    0.000040    0.513279    4.185183
    0.029412    0.122698   -1.431585   -1.139081    0.000000       -2.270013        1.000000    0.052758    0.000202    0.513279    4.185183
    0.039216    0.163184   -1.384657   -1.148816    0.000000       -2.282913        1.000000    0.094828    0.000638    0.513279    4.185183
    0.049020    0.203311   -1.337267   -1.161667    0.000000       -2.299883        1.000000    0.147243    0.001550    0.513279    4.185183
    0.058824    0.242986   -1.289282   -1.177873    0.000000       -2.321190        1.000000    0.209887    0.003198    0.513279    4.185183
    0.068627    0.282110   -1.240559   -1.197707    0.000000       -2.347145        1.000000    0.282616    0.005889    0.513279    4.185183
    0.078431    0.320579   -1.190942   -1.221472    0.000000       -2.378083        1.000000    0.365264    0.009976    0.513279    4.185183
    0.088235    0.358286   -1.140264   -1.249482    0.000000       -2.414348        1.000000    0.457632    0.015850    0.513279    4.185183
    0.098039    0.395113   -1.088344   -1.282031    0.000000       -2.456258        1.000000    0.559495    0.023934    0.513279    4.185183
    0.107843    0.430939   -1.034992   -1.319355    0.000000       -2.504055        1.000000    0.670594    0.034674    0.513279    4.185183
    0.117647    0.465629   -0.980008   -1.361565    0.000000       -2.557830        1.000000    0.790636    0.048530    0.513279    4.185183
    0.127451    0.499042   -0.923193   -1.408552    0.000000       -2.617421        1.000000    0.919293    0.065960    0.513279    4.185183
    0.137255    0.531024   -0.864359   -1.459849    0.000000       -2.682257        1.000000    1.056194    0.087407    0.513279    4.185183
    0.147059    0.561409   -0.803349   -1.514458    0.000000       -2.751169        1.000000    1.200929    0.113279    0.513279    4.185183
    0.156863    0.590023   -0.740058   -1.570625    0.000000       -2.822151        1.000000    1.353041    0.143928    0.513279    4.185183
    0.166667    0.616685   -0.674475   -1.625600    0.000000       -2.892106        1.000000    1.512027    0.179627    0.513279    4.185183
    0.176471    0.641209   -0.606727   -1.675431    0.000000       -2.956634        1.000000    1.677334    0.220537    0.513279    4.185183
    0.186275    0.663417   -0.537127   -1.714887    0.000000       -3.009973        1.000000    1.848368    0.266690    0.513279    4.185183
    0.196078    0.683148   -0.466227   -1.737657    0.000000       -3.045237        1.000000    2.024488    0.317955    0.513279    4.185183
    0.205882    0.700269   -0.394852   -1.736952    0.000000       -3.055094        1.000000    2.205022    0.374037    0.513279    4.185183
    0.215686    0.714696   -0.324095   -1.706582    0.000000       -3.032935        1.000000    2.389275    0.434469    0.513279    4.185183
    0.225490    0.726405   -0.255270   -1.642323    0.000000       -2.974354        1.000000    2.576547    0.498643    0.513279    4.185183
    0.235294    0.735446   -0.189801   -1.543213    0.000000       -2.878514        1.000000    2.766150    0.565848    0.513279    4.185183
    0.245098    0.741941   -0.129068   -1.412217    0.000000       -2.748823        1.000000    2.957428    0.635328    0.513279    4.185183
    0.254902    0.746083   -0.074258   -1.255925    0.000000       -2.592566        1.000000    3.149773    0.706346    0.513279    4.185183
    0.264706    0.748119   -0.026228   -1.083321    0.000000       -2.419547        1.000000    3.342643    0.778231    0.513279    4.185183
    0.274510    0.748333    0.014552   -0.904098    0.000000       -2.240260        1.000000    3.535568    0.850417    0.513279    4.185183
    0.284314    0.747026    0.047996   -0.727119    0.000000       -2.064220        1.000000    3.728156    0.922459    0.513279    4.185183
    0.294118    0.744494    0.074349   -0.559414    0.000000       -1.898898        1.000000    3.920092    0.994029    0.513279    4.185183
    0.303922    0.741021    0.094097   -0.405826    0.000000       -1.749346        1.000000    4.111132    1.064900    0.513279    4.185183
    0.313725    0.736865    0.107884   -0.269141    0.000000       -1.618352        1.000000    4.301101    1.134932    0.513279    4.185183
    0.323529    0.732256    0.116431   -0.150488    0.000000       -1.506885        1.000000    4.489881    1.204051    0.513279    4.185183
    0.333333    0.727393    0.120480   -0.049806    0.000000       -1.414613        1.000000    4.677408    1.272230    0.513279    4.185183
    0.343137    0.722444    0.120753    0.033733    0.000000       -1.340378        1.000000    4.863659    1.339475    0.513279    4.185183
    0.352941    0.717550    0.117929    0.101393    0.000000       -1.282559        1.000000    5.048648    1.405819    0.513279    4.185183
    0.362745    0.712823    0.112629    0.154644    0.000000       -1.239341        1.000000    5.232418    1.471310    0.513279    4.185183
    0.372549    0.708353    0.105415    0.195010    0.000000       -1.208880        1.000000    5.415036    1.536006    0.513279    4.185183
    0.382353    0.704208    0.096782    0.223984    0.000000       -1.189406        1.000000    5.596586    1.599973    0.513279    4.185183
    0.392157    0.700436    0.087170    0.242979    0.000000       -1.179281        1.000000    5.777163    1.663280    0.513279    4.185183
    0.401961    0.697071    0.076961    0.253310    0.000000       -1.177017        1.000000    5.956873    1.726000    0.513279    4.185183
    0.411765    0.694131    0.066485    0.256187    0.000000       -1.181281        1.000000    6.135824    1.788204    0.513279    4.185183
    0.421569    0.691619    0.056025    0.252718    0.000000       -1.190896        1.000000    6.314128    1.849965    0.513279    4.185183
    0.431373    0.689532    0.045819    0.243918    0.000000       -1.204819        1.000000    6.491894    1.911352    0.513279    4.185183
    0.441176    0.687855    0.036068    0.230714    0.000000       -1.222136        1.000000    6.669228    1.972433    0.513279    4.185183
    0.450980    0.686565    0.026935    0.213952    0.000000       -1.242047        1.000000    6.846229    2.033273    0.513279    4.185183
    0.460784    0.685634    0.018549    0.194402    0.000000       -1.263850        1.000000    7.022990    2.093931    0.513279    4.185183
    0.470588    0.685031    0.011010    0.172763    0.000000       -1.286937        1.000000    7.199595    2.154463    0.513279    4.185183
    0.480392    0.684718    0.004392    0.149662    0.000000       -1.310779        1.000000    7.376120    2.214920    0.513279    4.185183
    0.490196    0.684657   -0.001259    0.125660    0.000000       -1.334924        1.000000    7.552630    2.275346    0.513279    4.185183
    0.500000    0.684808   -0.005915    0.101249    0.000000       -1.358989        1.000000    7.729178    2.335780    0.513279    4.185183
    0.509804    0.685129   -0.009568    0.076853    0.000000       -1.382659        1.000000    7.905808    2.396255    0.513279    4.185183
    0.519608    0.685579   -0.012227    0.052827    0.000000       -1.405684        1.000000    8.082555    2.456797    0.513279    4.185183
    0.529412    0.686119   -0.013912    0.029458    0.000000       -1.427874        1.000000    8.259441    2.517426    0.513279    4.185183
    0.539216    0.686708   -0.014656    0.006960    0.000000       -1.449106        1.000000    8.436479    2.578153    0.513279    4.185183
    0.549020    0.687309   -0.014497   -0.014521    0.000000       -1.469317        1.000000    8.613672    2.638987    0.513279    4.185183
    0.558824    0.687886   -0.013479   -0.034909    0.000000       -1.488506        1.000000    8.791014    2.699926    0.513279    4.185183
    0.568627    0.688404   -0.011648   -0.054200    0.000000       -1.506736        1.000000    8.968489    2.760963    0.513279    4.185183
    0.578431    0.688831   -0.009046   -0.072455    0.000000       -1.524130        1.000000    9.146074    2.822087    0.513279    4.185183
    0.588235    0.689137   -0.005714   -0.089802    0.000000       -1.540870        1.000000    9.323738    2.883277    0.513279    4.185183
    0.598039    0.689291   -0.001686   -0.106431    0.000000       -1.557196        1.000000    9.501442    2.944511    0.513279    4.185183
    0.607843    0.689266    0.003013   -0.122589    0.000000       -1.573402        1.000000    9.679140    3.005756    0.513279    4.185183
    0.617647    0.689034    0.008371   -0.138578    0.000000       -1.589833        1.000000    9.856777    3.066978    0.513279    4.185183
    0.627451    0.688570    0.014388   -0.154744    0.000000       -1.606879        1.000000   10.034295    3.128136    0.513279    4.185183
    0.637255    0.687845    0.021078   -0.171476    0.000000       -1.624969        1.000000   10.211626    3.189182    0.513279    4.185183
    0.647059    0.686831    0.028473   -0.189193    0.000000       -1.644566        1.000000   10.388696    3.250066    0.513279    4.185183
    0.656863    0.685498    0.036623   -0.208343    0.000000       -1.666158        1.000000   10.565422    3.310729    0.513279    4.185183
    0.666667    0.683815    0.045596   -0.229383    0.000000       -1.690248        1.000000   10.741714    3.371108    0.513279    4.185183
    0.676471    0.681745    0.055479   -0.252782    0.000000       -1.717348        1.000000   10.917472    3.431130    0.513279    4.185183
    0.686275    0.679251    0.066378   -0.278997    0.000000       -1.747965        1.000000   11.092587    3.490718    0.513279    4.185183
    0.696078    0.676287    0.078419   -0.308470    0.000000       -1.782589        1.000000   11.266939    3.549785    0.513279    4.185183
    0.705882    0.672805    0.091742   -0.341611    0.000000       -1.821676        1.000000   11.440392    3.608234    0.513279    4.185183
    0.715686    0.668749    0.106507   -0.378779    0.000000       -1.865634        1.000000   11.612800    3.665957    0.513279    4.185183
    0.725490    0.664059    0.122885   -0.420271    0.000000       -1.914805        1.000000   11.783999    3.722836    0.513279    4.185183
    0.735294    0.658667    0.141058   -0.466301    0.000000       -1.969441        1.000000   11.953808    3.778740    0.513279    4.185183
    0.745098    0.652496    0.161215   -0.516981    0.000000       -2.029685        1.000000   12.122026    3.833522    0.513279    4.185183
    0.754902    0.645466    0.183546   -0.572306    0.000000       -2.095551        1.000000   12.288431    3.887022    0.513279    4.185183
    0.764706    0.637488    0.208241   -0.632135    0.000000       -2.166904        1.000000   12.452779    3.939066    0.513279    4.185183
    0.774510    0.628468    0.235478   -0.696185    0.000000       -2.243444        1.000000   12.614803    3.989463    0.513279    4.185183
    0.784314    0.618308    0.265423   -0.764020    0.000000       -2.324700        1.000000   12.774207    4.038013    0.513279    4.185183
    0.794118    0.606908    0.298220   -0.835060    0.000000       -2.410029        1.000000   12.930672    4.084500    0.513279    4.185183
    0.803922    0.594163    0.333984   -0.908584    0.000000       -2.498626        1.000000   13.083851    4.128707    0.513279    4.185183
    0.813725    0.579973    0.372803   -0.983761    0.000000       -2.589542        1.000000   13.233372    4.170412    0.513279    4.185183
    0.823529    0.564242    0.414724   -1.059675    0.000000       -2.681722        1.000000   13.378837    4.209399    0.513279    4.185183
    0.833333    0.546879    0.459759   -1.135362    0.000000       -2.774042        1.000000   13.519826    4.245468    0.513279    4.185183
    0.843137    0.527804    0.507879   -1.209857    0.000000       -2.865355        1.000000   13.655898    4.278442    0.513279    4.185183
    0.852941    0.506950    0.559014   -1.282230    0.000000       -2.954541        1.000000   13.786593    4.308181    0.513279    4.185183
    0.862745    0.484268    0.613061   -1.351632    0.000000       -3.040553        1.000000   13.911440    4.334590    0.513279    4.185183
    0.872549    0.459727    0.669881   -1.417321    0.000000       -3.122453        1.000000   14.029961    4.357628    0.513279    4.185183
    0.882353    0.433317    0.729310   -1.478685    0.000000       -3.199444        1.000000   14.141673    4.377322    0.513279    4.185183
    0.892157    0.405053    0.791160   -1.535260    0.000000       -3.270886        1.000000   14.246098    4.393765    0.513279    4.185183
    0.901961    0.374974    0.855228   -1.586720    0.000000       -3.336299        1.000000   14.342769    4.407125    0.513279    4.185183
    0.911765    0.343145    0.921298   -1.632877    0.000000       -3.395362        1.000000   14.431234    4.417635    0.513279    4.185183
    0.921569    0.309655    0.989152   -1.673661    0.000000       -3.447892        1.000000   14.511065    4.425592    0.513279    4.185183
    0.931373    0.274619    1.058569   -1.709101    0.000000       -3.493829        1.000000   14.581864    4.431338    0.513279    4.185183
    0.941176    0.238174    1.129333   -1.739297    0.000000       -3.533207        1.000000   14.643267    4.435250    0.513279    4.185183
    0.950980    0.200480    1.201231   -1.764402    0.000000       -3.566130        1.000000   14.694952    4.437716    0.513279    4.185183
    0.960784    0.161714    1.274057   -1.784595    0.000000       -3.592743        1.000000   14.736643    4.439115    0.513279    4.185183
    0.970588    0.122071    1.347614   -1.800058    0.000000       -3.613211        1.000000   14.768114    4.439796    0.513279    4.185183
    0.980392    0.081758    1.421712   -1.810962    0.000000       -3.627693        1.000000   14.789191    4.440053    0.513279    4.185183
    0.990196    0.040993    1.496166   -1.817444    0.000000       -3.636322        1.000000   14.799760    4.440114    0.513279    4.185183
    1.000000    0.000000    1.570796   -1.819594    0.000000       -3.639187        1.000000   14.799760    4.440118    0.513279    4.185183
