           t           r         psi          cs          qs               p             sig           A           V          Q2           S
    0.000000    0.000000   -1.570796   -1.001181    0.000000       -2.002361        1.000000    0.000000    0.000000    0.190003    4.294911
    0.009804    0.042094   -1.528638   -1.001323    0.000000       -2.002552        1.000000    0.000000    0.000002    0.190003    4.294911
    0.019608    0.084114   -1.486467   -1.001756    0.000000       -2.003128        1.000000    0.022254    0.000039    0.190003    4.294911
    0.029412    0.125984   -1.444272   -1.002492    0.000000       -2.004105        1.000000    0.055585    0.000199    0.190003    4.294911
    0.039216    0.167630   -1.402038   -1.003554    0.000000       -2.005510        1.000000    0.099934    0.000627    0.190003    4.294911
    0.049020    0.208977   -1.359753   -1.004973    0.000000       -2.007379        1.000000    0.155222    0.001523    0.190003    4.294911
    0.058824    0.249951   -1.317400   -1.006792    0.000000       -2.009762        1.000000    0.221351    0.003139    0.190003    4.294911
    0.068627    0.290477   -1.274961   -1.009064    0.000000       -2.012720        1.000000    0.298201    0.005774    0.190003    4.294911
    0.078431    0.330482   -1.232416   -1.011858    0.000000       -2.016331        1.000000    0.385635    0.009768    0.190003    4.294911
    0.088235    0.369891   -1.189740   -1.015256    0.000000       -2.020691        1.000000    0.483496    0.015497    0.190003    4.294911
    0.098039    0.408631   -1.146907   -1.019362    0.000000       -2.025916        1.000000    0.591605    0.023369    0.190003    4.294911
    0.107843    0.446627   -1.103884   -1.024302    0.000000       -2.032149        1.000000    0.709768    0.033814    0.190003    4.294911
    0.117647    0.483806   -1.060633   -1.030233    0.000000       -2.039564        1.000000    0.837766    0.047275    0.190003    4.294911
    0.127451    0.520092   -1.017107   -1.037345    0.000000       -2.048375        1.000000    0.975365    0.064205    0.190003    4.294911
    0.137255    0.555412   -0.973254   -1.045874    0.000000       -2.058838        1.000000    1.122308    0.085055    0.190003    4.294911
    0.147059    0.589688   -0.929006   -1.056104    0.000000       -2.071268        1.000000    1.278319    0.110267    0.190003    4.294911
    0.156863    0.622843   -0.884286   -1.068388    0.000000       -2.086046        1.000000    1.443102    0.140265    0.190003    4.294911
    0.166667    0.654798   -0.838998   -1.083146    0.000000       -2.103627        1.000000    1.616339    0.175448    0.190003    4.294911
    0.176471    0.685468   -0.793028   -1.100886    0.000000       -2.124553        1.000000    1.797691    0.216178    0.190003    4.294911
    0.186275    0.714769   -0.746238   -1.122198    0.000000       -2.149450        1.000000    1.986794    0.262774    0.190003    4.294911
    0.196078    0.742608   -0.698464   -1.147742    0.000000       -2.179013        1.000000    2.183263    0.315501    0.190003    4.294911
    0.205882    0.768888   -0.649513   -1.178205    0.000000       -2.213957        1.000000    2.386685    0.374564    0.190003    4.294911
    0.215686    0.793504   -0.599166   -1.214182    0.000000       -2.254890        1.000000    2.596619    0.440092    0.190003    4.294911
    0.225490    0.816341   -0.547181   -1.255945    0.000000       -2.302069        1.000000    2.812595    0.512129    0.190003    4.294911
    0.235294    0.837276   -0.493323   -1.302996    0.000000       -2.354936        1.000000    3.034110    0.590624    0.190003    4.294911
    0.245098    0.856176   -0.437403   -1.353316    0.000000       -2.411340        1.000000    3.260625    0.675407    0.190003    4.294911
    0.254902    0.872902   -0.379372   -1.402226    0.000000       -2.466375        1.000000    3.491565    0.766178    0.190003    4.294911
    0.264706    0.887320   -0.319455   -1.441066    0.000000       -2.511036        1.000000    3.726320    0.862484    0.190003    4.294911
    0.274510    0.899317   -0.258342   -1.456426    0.000000       -2.531480        1.000000    3.964248    0.963708    0.190003    4.294911
    0.284314    0.908823   -0.197369   -1.431556    0.000000       -2.510518        1.000000    4.204692    1.069072    0.190003    4.294911
    0.294118    0.915850   -0.138564   -1.351548    0.000000       -2.432964        1.000000    4.446995    1.177669    0.190003    4.294911
    0.303922    0.920514   -0.084403   -1.211368    0.000000       -2.293851        1.000000    4.690531    1.288538    0.190003    4.294911
    0.313725    0.923045   -0.037255   -1.021423    0.000000       -2.104042        1.000000    4.934737    1.400762    0.190003    4.294911
    0.323529    0.923771    0.001242   -0.804951    0.000000       -1.887470        1.000000    5.179135    1.513567    0.190003    4.294911
    0.333333    0.923070    0.030535   -0.588404    0.000000       -1.671240        1.000000    5.423348    1.626371    0.190003    4.294911
    0.343137    0.921323    0.051084   -0.392216    0.000000       -1.476196        1.000000    5.667099    1.738789    0.190003    4.294911
    0.352941    0.918877    0.064007   -0.227239    0.000000       -1.313295        1.000000    5.910203    1.850599    0.190003    4.294911
    0.362745    0.916024    0.070699   -0.096157    0.000000       -1.185104        1.000000    6.152551    1.961693    0.190003    4.294911
    0.372549    0.912996    0.072550    0.003291    0.000000       -1.089123        1.000000    6.394099    2.072040    0.190003    4.294911
    0.382353    0.909970    0.070804    0.075525    0.000000       -1.020659        1.000000    6.634846    2.181656    0.190003    4.294911
    0.392157    0.907074    0.066503    0.125412    0.000000       -0.974597        1.000000    6.874827    2.290581    0.190003    4.294911
    0.401961    0.904397    0.060493    0.157431    0.000000       -0.946255        1.000000    7.114099    2.398876    0.190003    4.294911
    0.411765    0.901997    0.053442    0.175386    0.000000       -0.931682        1.000000    7.352737    2.506606    0.190003    4.294911
    0.421569    0.899906    0.045876    0.182381    0.000000       -0.927677        1.000000    7.590821    2.613843    0.190003    4.294911
    0.431373    0.898137    0.038202    0.180904    0.000000       -0.931700        1.000000    7.828438    2.720658    0.190003    4.294911
    0.441176    0.896687    0.030733    0.172936    0.000000       -0.941754        1.000000    8.065671    2.827123    0.190003    4.294911
    0.450980    0.895543    0.023707    0.160063    0.000000       -0.956264        1.000000    8.302601    2.933303    0.190003    4.294911
    0.460784    0.894682    0.017304    0.143556    0.000000       -0.973992        1.000000    8.539303    3.039264    0.190003    4.294911
    0.470588    0.894075    0.011654    0.124445    0.000000       -0.993954        1.000000    8.775845    3.145063    0.190003    4.294911
    0.480392    0.893689    0.006849    0.103562    0.000000       -1.015370        1.000000    9.012284    3.250752    0.190003    4.294911
    0.490196    0.893486    0.002948    0.081582    0.000000       -1.037625        1.000000    9.248670    3.356375    0.190003    4.294911
    0.500000    0.893427   -0.000014    0.059043    0.000000       -1.060243        1.000000    9.485040    3.461969    0.190003    4.294911
    0.509804    0.893473   -0.002022    0.036358    0.000000       -1.082868        1.000000    9.721423    3.567563    0.190003    4.294911
    0.519608    0.893584   -0.003078    0.013823    0.000000       -1.105261        1.000000    9.957835    3.673175    0.190003    4.294911
    0.529412    0.893719   -0.003191   -0.008380    0.000000       -1.127294        1.000000   10.194282    3.778818    0.190003    4.294911
    0.539216    0.893840   -0.002378   -0.030185    0.000000       -1.148951        1.000000   10.430762    3.884491    0.190003    4.294911
    0.549020    0.893907   -0.000654   -0.051643    0.000000       -1.170327        1.000000   10.667259    3.990188    0.190003    4.294911
    0.558824    0.893882    0.001969   -0.072920    0.000000       -1.191633        1.000000   10.903750    4.095890    0.190003    4.294911
    0.568627    0.893728    0.005488   -0.094297    0.000000       -1.213188        1.000000   11.140200    4.201572    0.190003    4.294911
    0.578431    0.893407    0.009917   -0.116159    0.000000       -1.235414        1.000000   11.376565    4.307195    0.190003    4.294911
    0.588235    0.892880    0.015284   -0.138982    0.000000       -1.258822        1.000000   11.612790    4.412714    0.190003    4.294911
    0.598039    0.892106    0.021642   -0.163310    0.000000       -1.283990        1.000000   11.848811    4.518071    0.190003    4.294911
    0.607843    0.891043    0.029066   -0.189726    0.000000       -1.311532        1.000000   12.084551    4.623195    0.190003    4.294911
    0.617647    0.889643    0.037657   -0.218811    0.000000       -1.342061        1.000000   12.319920    4.728006    0.190003    4.294911
    0.627451    0.887854    0.047538   -0.251102    0.000000       -1.376141        1.000000   12.554816    4.832406    0.190003    4.294911
    0.637255    0.885621    0.058855   -0.287037    0.000000       -1.414234        1.000000   12.789121    4.936283    0.190003    4.294911
    0.647059    0.882878    0.071766   -0.326905    0.000000       -1.456649        1.000000   13.022700    5.039505    0.190003    4.294911
    0.656863    0.879558    0.086441   -0.370799    0.000000       -1.503489        1.000000   13.255401    5.141920    0.190003    4.294911
    0.666667    0.875581    0.103047   -0.418576    0.000000       -1.554616        1.000000   13.487050    5.243352    0.190003    4.294911
    0.676471    0.870866    0.121740   -0.469840    0.000000       -1.609624        1.000000   13.717452    5.343600    0.190003    4.294911
    0.686275    0.865324    0.142654   -0.523952    0.000000       -1.667849        1.000000   13.946387    5.442435    0.190003    4.294911
    0.696078    0.858862    0.165892   -0.580058    0.000000       -1.728404        1.000000   14.173613    5.539601    0.190003    4.294911
    0.705882    0.851386    0.191517   -0.637154    0.000000       -1.790235        1.000000   14.398860    5.634812    0.190003    4.294911
    0.715686    0.842801    0.219548   -0.694167    0.000000       -1.852206        1.000000   14.621837    5.727760    0.190003    4.294911
    0.725490    0.833015    0.249960   -0.750037    0.000000       -1.913188        1.000000   14.842224    5.818113    0.190003    4.294911
    0.735294    0.821941    0.282682   -0.803799    0.000000       -1.972144        1.000000   15.059682    5.905523    0.190003    4.294911
    0.745098    0.809500    0.317610   -0.854653    0.000000       -2.028198        1.000000   15.273848    5.989638    0.190003    4.294911
    0.754902    0.795620    0.354606   -0.901992    0.000000       -2.080675        1.000000   15.484341    6.070103    0.190003    4.294911
    0.764706    0.780241    0.393515   -0.945424    0.000000       -2.129119        1.000000   15.690767    6.146581    0.190003    4.294911
    0.774510    0.763315    0.434167   -0.984758    0.000000       -2.173286        1.000000   15.892714    6.218754    0.190003    4.294911
    0.784314    0.744806    0.476388   -1.019976    0.000000       -2.213115        1.000000   16.089764    6.286341    0.190003    4.294911
    0.794118    0.724691    0.520007   -1.051198    0.000000       -2.248696        1.000000   16.281492    6.349107    0.190003    4.294911
    0.803922    0.702960    0.564860   -1.078647    0.000000       -2.280228        1.000000   16.467472    6.406868    0.190003    4.294911
    0.813725    0.679614    0.610795   -1.102606    0.000000       -2.307984        1.000000   16.647274    6.459505    0.190003    4.294911
    0.823529    0.654668    0.657671   -1.123396    0.000000       -2.332280        1.000000   16.820477    6.506964    0.190003    4.294911
    0.833333    0.628147    0.705361   -1.141346    0.000000       -2.353449        1.000000   16.986663    6.549262    0.190003    4.294911
    0.843137    0.600085    0.753752   -1.156782    0.000000       -2.371820        1.000000   17.145426    6.586485    0.190003    4.294911
    0.852941    0.570529    0.802747   -1.170008    0.000000       -2.387709        1.000000   17.296368    6.618790    0.190003    4.294911
    0.862745    0.539532    0.852256   -1.181307    0.000000       -2.401412        1.000000   17.439110    6.646397    0.190003    4.294911
    0.872549    0.507157    0.902206   -1.190930    0.000000       -2.413195        1.000000   17.573286    6.669589    0.190003    4.294911
    0.882353    0.473474    0.952529   -1.199104    0.000000       -2.423297        1.000000   17.698552    6.688698    0.190003    4.294911
    0.892157    0.438559    1.003169   -1.206025    0.000000       -2.431931        1.000000   17.814579    6.704098    0.190003    4.294911
    0.901961    0.402495    1.054078   -1.211863    0.000000       -2.439280        1.000000   17.921066    6.716195    0.190003    4.294911
    0.911765    0.365370    1.105212   -1.216764    0.000000       -2.445504        1.000000   18.017730    6.725416    0.190003    4.294911
    0.921569    0.327277    1.156535   -1.220855    0.000000       -2.450742        1.000000   18.104317    6.732196    0.190003    4.294911
    0.931373    0.288313    1.208015   -1.224240    0.000000       -2.455111        1.000000   18.180594    6.736964    0.190003    4.294911
    0.941176    0.248578    1.259624   -1.227007    0.000000       -2.458709        1.000000   18.246360    6.740134    0.190003    4.294911
    0.950980    0.208178    1.311339   -1.229231    0.000000       -2.461619        1.000000   18.301437    6.742092    0.190003    4.294911
    0.960784    0.167219    1.363136   -1.230972    0.000000       -2.463910        1.000000   18.345677    6.743184    0.190003    4.294911
    0.970588    0.125810    1.414998   -1.232276    0.000000       -2.465635        1.000000   18.378962    6.743708    0.190003    4.294911
    0.980392    0.084063    1.466905   -1.233182    0.000000       -2.466838        1.000000   18.401202    6.743904    0.190003    4.294911
    0.990196    0.042088    1.518843   -1.233715    0.000000       -2.467547        1.000000   18.412337    6.743949    0.190003    4.294911
    1.000000    0.000000    1.570796   -1.233891    0.000000       -2.467782        1.000000   18.412337    6.743952    0.190003    4.294911
