           t           r         psi          cs          qs               p             sig           A           V          Q2           S
    0.000000    0.000000   -1.570796   -1.015299    0.000000       -2.030599        1.000000    0.000000   -0.000000    0.270095    6.480246
    0.009804    0.063488   -1.506278   -1.015967    0.000000       -2.031488        1.000000    0.000000    0.000013    0.270095    6.480246
    0.019608    0.126711   -1.441675   -1.018016    0.000000       -2.034211        1.000000    0.050581    0.000207    0.270095    6.480246
    0.029412    0.189405   -1.376894   -1.021582    0.000000       -2.038925        1.000000    0.126188    0.001041    0.270095    6.480246
    0.039216    0.251305   -1.311832   -1.026895    0.000000       -2.045896        1.000000    0.226504    0.003260    0.270095    6.480246
    0.049020    0.312143   -1.246368   -1.034292    0.000000       -2.055513        1.000000    0.351106    0.007871    0.270095    6.480246
    0.058824    0.371650   -1.180357   -1.044236    0.000000       -2.068305        1.000000    0.499462    0.016100    0.270095    6.480246
    0.068627    0.429552   -1.113617   -1.057350    0.000000       -2.084977        1.000000    0.670932    0.029347    0.270095    6.480246
    0.078431    0.485569   -1.045922   -1.074451    0.000000       -2.106444        1.000000    0.864762    0.049133    0.270095    6.480246
    0.088235    0.539412   -0.976987   -1.096596    0.000000       -2.133878        1.000000    1.080086    0.077039    0.270095    6.480246
    0.098039    0.590777   -0.906450   -1.125113    0.000000       -2.168729        1.000000    1.315914    0.114636    0.270095    6.480246
    0.107843    0.639340   -0.833857   -1.161582    0.000000       -2.212704        1.000000    1.571127    0.163413    0.270095    6.480246
    0.117647    0.684749   -0.758651   -1.207689    0.000000       -2.267589        1.000000    1.844467    0.224696    0.270095    6.480246
    0.127451    0.726616   -0.680171   -1.264745    0.000000       -2.334725        1.000000    2.134519    0.299559    0.270095    6.480246
    0.137255    0.764511   -0.597718   -1.332507    0.000000       -2.413750        1.000000    2.439698    0.388718    0.270095    6.480246
    0.147059    0.797957   -0.510716   -1.406711    0.000000       -2.499996        1.000000    2.758229    0.492401    0.270095    6.480246
    0.156863    0.826452   -0.419094   -1.474890    0.000000       -2.580167        1.000000    3.088133    0.610199    0.270095    6.480246
    0.166667    0.849519   -0.323963   -1.511816    0.000000       -2.627719        1.000000    3.427246    0.740911    0.270095    6.480246
    0.176471    0.866828   -0.228442   -1.480625    0.000000       -2.604285        1.000000    3.773269    0.882462    0.270095    6.480246
    0.186275    0.878355   -0.137979   -1.349075    0.000000       -2.476746        1.000000    4.123893    1.032028    0.270095    6.480246
    0.196078    0.884529   -0.059181   -1.117219    0.000000       -2.245785        1.000000    4.476981    1.186471    0.270095    6.480246
    0.205882    0.886224    0.002734   -0.827134    0.000000       -1.955513        1.000000    4.830745    1.342964    0.270095    6.480246
    0.215686    0.884580    0.045934   -0.537161    0.000000       -1.666449        1.000000    5.183854    1.499447    0.270095    6.480246
    0.225490    0.880756    0.071898   -0.289270    0.000000       -1.421725        1.000000    5.535436    1.654711    0.270095    6.480246
    0.235294    0.875747    0.083929   -0.099298    0.000000       -1.237161        1.000000    5.885019    1.808204    0.270095    6.480246
    0.245098    0.870320    0.085704    0.034796    0.000000       -1.109989        1.000000    6.232435    1.959777    0.270095    6.480246
    0.254902    0.865018    0.080492    0.122418    0.000000       -1.029884        1.000000    6.577735    2.109506    0.270095    6.480246
    0.264706    0.860196    0.070909    0.174084    0.000000       -0.985521        1.000000    6.921110    2.257574    0.270095    6.480246
    0.274510    0.856066    0.058939    0.198954    0.000000       -0.967152        1.000000    7.262836    2.404217    0.270095    6.480246
    0.284314    0.852731    0.046041    0.204325    0.000000       -0.967135        1.000000    7.603231    2.549693    0.270095    6.480246
    0.294118    0.850215    0.033269    0.195832    0.000000       -0.979690        1.000000    7.942622    2.694260    0.270095    6.480246
    0.303922    0.848486    0.021359    0.177825    0.000000       -1.000476        1.000000    8.281322    2.838169    0.270095    6.480246
    0.313725    0.847472    0.010803    0.153704    0.000000       -1.026207        1.000000    8.619618    2.981650    0.270095    6.480246
    0.323529    0.847078    0.001900    0.126173    0.000000       -1.054354        1.000000    8.957756    3.124913    0.270095    6.480246
    0.333333    0.847193   -0.005203    0.097406    0.000000       -1.082947        1.000000    9.295941    3.268134    0.270095    6.480246
    0.343137    0.847701   -0.010488    0.069158    0.000000       -1.110439        1.000000    9.634328    3.411459    0.270095    6.480246
    0.352941    0.848488   -0.014031    0.042815    0.000000       -1.135635        1.000000    9.973029    3.555000    0.270095    6.480246
    0.362745    0.849450   -0.015991    0.019431    0.000000       -1.157651        1.000000   10.312114    3.698835    0.270095    6.480246
    0.372549    0.850491   -0.016579   -0.000265    0.000000       -1.175894        1.000000   10.651615    3.843010    0.270095    6.480246
    0.382353    0.851533   -0.016044   -0.015856    0.000000       -1.190058        1.000000   10.991532    3.987539    0.270095    6.480246
    0.392157    0.852512   -0.014654   -0.027224    0.000000       -1.200102        1.000000   11.331839    4.132416    0.270095    6.480246
    0.401961    0.853382   -0.012672   -0.034518    0.000000       -1.206232        1.000000   11.672494    4.277612    0.270095    6.480246
    0.411765    0.854114   -0.010346   -0.038112    0.000000       -1.208853        1.000000   12.013442    4.423086    0.270095    6.480246
    0.421569    0.854694   -0.007896   -0.038547    0.000000       -1.208520        1.000000   12.354620    4.568787    0.270095    6.480246
    0.431373    0.855119   -0.005502   -0.036466    0.000000       -1.205876        1.000000   12.695968    4.714662    0.270095    6.480246
    0.441176    0.855397   -0.003301   -0.032549    0.000000       -1.201590        1.000000   13.037428    4.860659    0.270095    6.480246
    0.450980    0.855544   -0.001391   -0.027459    0.000000       -1.196304        1.000000   13.378946    5.006729    0.270095    6.480246
    0.460784    0.855581    0.000175   -0.021791    0.000000       -1.190587        1.000000   13.720479    5.152830    0.270095    6.480246
    0.470588    0.855530    0.001377   -0.016050    0.000000       -1.184915        1.000000   14.061991    5.298928    0.270095    6.480246
    0.480392    0.855414    0.002222   -0.010628    0.000000       -1.179650        1.000000   14.403457    5.444996    0.270095    6.480246
    0.490196    0.855255    0.002740   -0.005809    0.000000       -1.175047        1.000000   14.744859    5.591017    0.270095    6.480246
    0.500000    0.855072    0.002976   -0.001770    0.000000       -1.171258        1.000000   15.086189    5.736978    0.270095    6.480246
    0.509804    0.854881    0.002983    0.001400    0.000000       -1.168348        1.000000   15.427442    5.882876    0.270095    6.480246
    0.519608    0.854696    0.002817    0.003687    0.000000       -1.166314        1.000000   15.768621    6.028709    0.270095    6.480246
    0.529412    0.854526    0.002533    0.005133    0.000000       -1.165103        1.000000   16.109733    6.174481    0.270095    6.480246
    0.539216    0.854376    0.002181    0.005814    0.000000       -1.164628        1.000000   16.450785    6.320199    0.270095    6.480246
    0.549020    0.854249    0.001808    0.005834    0.000000       -1.164783        1.000000   16.791786    6.465869    0.270095    6.480246
    0.558824    0.854146    0.001452    0.005300    0.000000       -1.165459        1.000000   17.132745    6.611500    0.270095    6.480246
    0.568627    0.854064    0.001144    0.004320    0.000000       -1.166552        1.000000   17.473672    6.757100    0.270095    6.480246
    0.578431    0.853999    0.000910    0.002987    0.000000       -1.167974        1.000000   17.814573    6.902676    0.270095    6.480246
    0.588235    0.853946    0.000770    0.001376    0.000000       -1.169658        1.000000   18.155453    7.048231    0.270095    6.480246
    0.598039    0.853899    0.000740   -0.000464    0.000000       -1.171563        1.000000   18.496314    7.193769    0.270095    6.480246
    0.607843    0.853849    0.000834   -0.002514    0.000000       -1.173681        1.000000   18.837156    7.339291    0.270095    6.480246
    0.617647    0.853790    0.001064   -0.004790    0.000000       -1.176038        1.000000   19.177973    7.484795    0.270095    6.480246
    0.627451    0.853711    0.001448   -0.007344    0.000000       -1.178699        1.000000   19.518760    7.630275    0.270095    6.480246
    0.637255    0.853602    0.002005   -0.010269    0.000000       -1.181773        1.000000   19.859502    7.775724    0.270095    6.480246
    0.647059    0.853452    0.002764   -0.013705    0.000000       -1.185413        1.000000   20.200185    7.921129    0.270095    6.480246
    0.656863    0.853246    0.003762   -0.017841    0.000000       -1.189828        1.000000   20.540786    8.066473    0.270095    6.480246
    0.666667    0.852968    0.005051   -0.022926    0.000000       -1.195289        1.000000   20.881275    8.211734    0.270095    6.480246
    0.676471    0.852596    0.006701   -0.029276    0.000000       -1.202137        1.000000   21.221616    8.356885    0.270095    6.480246
    0.686275    0.852106    0.008806   -0.037282    0.000000       -1.210798        1.000000   21.561762    8.501888    0.270095    6.480246
    0.696078    0.851465    0.011484   -0.047425    0.000000       -1.221793        1.000000   21.901652    8.646696    0.270095    6.480246
    0.705882    0.850632    0.014889   -0.060287    0.000000       -1.235753        1.000000   22.241209    8.791251    0.270095    6.480246
    0.715686    0.849554    0.019216   -0.076557    0.000000       -1.253428        1.000000   22.580336    8.935474    0.270095    6.480246
    0.725490    0.848166    0.024706   -0.097035    0.000000       -1.275689        1.000000   22.918909    9.079267    0.270095    6.480246
    0.735294    0.846384    0.031654   -0.122618    0.000000       -1.303522        1.000000   23.256770    9.222505    0.270095    6.480246
    0.745098    0.844106    0.040415   -0.154271    0.000000       -1.337988        1.000000   23.593722    9.365024    0.270095    6.480246
    0.754902    0.841204    0.051405   -0.192961    0.000000       -1.380164        1.000000   23.929516    9.506618    0.270095    6.480246
    0.764706    0.837520    0.065101   -0.239559    0.000000       -1.431030        1.000000   24.263839    9.647023    0.270095    6.480246
    0.774510    0.832870    0.082025   -0.294694    0.000000       -1.491326        1.000000   24.596306    9.785902    0.270095    6.480246
    0.784314    0.827030    0.102731   -0.358587    0.000000       -1.561357        1.000000   24.926442    9.922837    0.270095    6.480246
    0.794118    0.819749    0.127767   -0.430866    0.000000       -1.640808        1.000000   25.253671   10.057303    0.270095    6.480246
    0.803922    0.810741    0.157634   -0.510443    0.000000       -1.728590        1.000000   25.577304   10.188663    0.270095    6.480246
    0.813725    0.799696    0.192742   -0.595477    0.000000       -1.822797        1.000000   25.896529   10.316158    0.270095    6.480246
    0.823529    0.786293    0.233361   -0.683494    0.000000       -1.920813        1.000000   26.210403   10.438906    0.270095    6.480246
    0.833333    0.770207    0.279592   -0.771642    0.000000       -2.019578        1.000000   26.517855   10.555923    0.270095    6.480246
    0.843137    0.751129    0.331350   -0.857057    0.000000       -2.115967        1.000000   26.817693   10.666155    0.270095    6.480246
    0.852941    0.728785    0.388381   -0.937226    0.000000       -2.207180        1.000000   27.108611   10.768538    0.270095    6.480246
    0.862745    0.702944    0.450286   -1.010257    0.000000       -2.291045        1.000000   27.389214   10.862064    0.270095    6.480246
    0.872549    0.673438    0.516572   -1.075008    0.000000       -2.366169        1.000000   27.658038   10.945869    0.270095    6.480246
    0.882353    0.640166    0.586696   -1.131059    0.000000       -2.431933        1.000000   27.913581   11.019310    0.270095    6.480246
    0.892157    0.603097    0.660107   -1.178585    0.000000       -2.488368        1.000000   28.154327   11.082042    0.270095    6.480246
    0.901961    0.562277    0.736283   -1.218172    0.000000       -2.535975        1.000000   28.378778   11.134062    0.270095    6.480246
    0.911765    0.517818    0.814742   -1.250642    0.000000       -2.575540        1.000000   28.585481   11.175738    0.270095    6.480246
    0.921569    0.469902    0.895062   -1.276911    0.000000       -2.607977        1.000000   28.773058   11.207791    0.270095    6.480246
    0.931373    0.418766    0.976879   -1.297883    0.000000       -2.634219        1.000000   28.940222   11.231260    0.270095    6.480246
    0.941176    0.364702    1.059882   -1.314389    0.000000       -2.655140        1.000000   29.085804   11.247424    0.270095    6.480246
    0.950980    0.308048    1.143811   -1.327153    0.000000       -2.671519        1.000000   29.208772   11.257713    0.270095    6.480246
    0.960784    0.249177    1.228448   -1.336784    0.000000       -2.684015        1.000000   29.308239   11.263597    0.270095    6.480246
    0.970588    0.188498    1.313612   -1.343771    0.000000       -2.693171        1.000000   29.383484   11.266477    0.270095    6.480246
    0.980392    0.126440    1.399145   -1.348491    0.000000       -2.699405        1.000000   29.433957   11.267572    0.270095    6.480246
    0.990196    0.063454    1.484914   -1.351214    0.000000       -2.703022        1.000000   29.459286   11.267828    0.270095    6.480246
    1.000000    0.000000    1.570796   -1.352103    0.000000       -2.704206        1.000000   29.459286   11.267846    0.270095    6.480246
