           t           r         psi          cs          qs               p             sig           A           V          Q2           S
    0.000000    0.000000   -1.570796   -0.990897    0.000000       -1.981795        1.000000    0.000000    0.000000    0.092384    4.699745
    0.009804    0.046060   -1.525139   -0.990947    0.000000       -1.981861        1.000000    0.000000    0.000004    0.092384    4.699745
    0.019608    0.092024   -1.479477   -0.991097    0.000000       -1.982061        1.000000    0.026641    0.000056    0.092384    4.699745
    0.029412    0.137796   -1.433806   -0.991354    0.000000       -1.982401        1.000000    0.066534    0.000282    0.092384    4.699745
    0.039216    0.183281   -1.388120   -0.991727    0.000000       -1.982894        1.000000    0.119594    0.000888    0.092384    4.699745
    0.049020    0.228383   -1.342414   -0.992231    0.000000       -1.983556        1.000000    0.185712    0.002155    0.092384    4.699745
    0.058824    0.273008   -1.296682   -0.992884    0.000000       -1.984408        1.000000    0.264749    0.004435    0.092384    4.699745
    0.068627    0.317063   -1.250916   -0.993711    0.000000       -1.985480        1.000000    0.356540    0.008144    0.092384    4.699745
    0.078431    0.360455   -1.205107   -0.994745    0.000000       -1.986807        1.000000    0.460893    0.013752    0.092384    4.699745
    0.088235    0.403091   -1.159244   -0.996025    0.000000       -1.988436        1.000000    0.577589    0.021773    0.092384    4.699745
    0.098039    0.444882   -1.113316   -0.997605    0.000000       -1.990427        1.000000    0.706384    0.032757    0.092384    4.699745
    0.107843    0.485737   -1.067307   -0.999551    0.000000       -1.992854        1.000000    0.847007    0.047274    0.092384    4.699745
    0.117647    0.525569   -1.021199   -1.001950    0.000000       -1.995813        1.000000    0.999161    0.065908    0.092384    4.699745
    0.127451    0.564290   -0.974967   -1.004912    0.000000       -1.999428        1.000000    1.162525    0.089236    0.092384    4.699745
    0.137255    0.601813   -0.928583   -1.008584    0.000000       -2.003858        1.000000    1.336752    0.117826    0.092384    4.699745
    0.147059    0.638054   -0.882011   -1.013158    0.000000       -2.009312        1.000000    1.521471    0.152213    0.092384    4.699745
    0.156863    0.672928   -0.835201   -1.018887    0.000000       -2.016065        1.000000    1.716286    0.192896    0.092384    4.699745
    0.166667    0.706350   -0.788095   -1.026112    0.000000       -2.024480        1.000000    1.920777    0.240321    0.092384    4.699745
    0.176471    0.738236   -0.740613   -1.035290    0.000000       -2.035044        1.000000    2.134499    0.294873    0.092384    4.699745
    0.186275    0.768500   -0.692652   -1.047041    0.000000       -2.048414        1.000000    2.356982    0.356860    0.092384    4.699745
    0.196078    0.797052   -0.644074   -1.062208    0.000000       -2.065474        1.000000    2.587732    0.426511    0.092384    4.699745
    0.205882    0.823801   -0.594698   -1.081932    0.000000       -2.087415        1.000000    2.826226    0.503961    0.092384    4.699745
    0.215686    0.848647   -0.544279   -1.107734    0.000000       -2.115810        1.000000    3.071912    0.589246    0.092384    4.699745
    0.225490    0.871479   -0.492495   -1.141549    0.000000       -2.152653        1.000000    3.324208    0.682290    0.092384    4.699745
    0.235294    0.892174   -0.438926   -1.185586    0.000000       -2.200196        1.000000    3.582496    0.782901    0.092384    4.699745
    0.245098    0.910589   -0.383056   -1.241610    0.000000       -2.260211        1.000000    3.846115    0.890752    0.092384    4.699745
    0.254902    0.926557   -0.324335   -1.308728    0.000000       -2.331722        1.000000    4.114356    1.005365    0.092384    4.699745
    0.264706    0.939891   -0.262412   -1.378036    0.000000       -2.405567        1.000000    4.386458    1.126081    0.092384    4.699745
    0.274510    0.950404   -0.197704   -1.423207    0.000000       -2.454894        1.000000    4.661604    1.252024    0.092384    4.699745
    0.284314    0.957968   -0.132394   -1.394296    0.000000       -2.429037        1.000000    4.938939    1.382075    0.092384    4.699745
    0.294118    0.962622   -0.071187   -1.239010    0.000000       -2.275208        1.000000    5.217622    1.514922    0.092384    4.699745
    0.303922    0.964676   -0.020178   -0.958976    0.000000       -1.995382        1.000000    5.496899    1.649248    0.092384    4.699745
    0.313725    0.964704    0.016417   -0.629268    0.000000       -1.665715        1.000000    5.776184    1.783990    0.092384    4.699745
    0.323529    0.963390    0.038385   -0.335137    0.000000       -1.372373        1.000000    6.055089    1.918486    0.092384    4.699745
    0.333333    0.961351    0.048479   -0.116293    0.000000       -1.155274        1.000000    6.333404    2.052428    0.092384    4.699745
    0.343137    0.959052    0.050253    0.028057    0.000000       -1.013324        1.000000    6.611053    2.185723    0.092384    4.699745
    0.352941    0.956802    0.046786    0.114236    0.000000       -0.929769        1.000000    6.888050    2.318388    0.092384    4.699745
    0.362745    0.954787    0.040355    0.159291    0.000000       -0.887210        1.000000    7.164465    2.450491    0.092384    4.699745
    0.372549    0.953105    0.032533    0.176512    0.000000       -0.872135        1.000000    7.440392    2.582121    0.092384    4.699745
    0.382353    0.951794    0.024371    0.175316    0.000000       -0.875019        1.000000    7.715940    2.713372    0.092384    4.699745
    0.392157    0.950854    0.016559    0.162218    0.000000       -0.889325        1.000000    7.991216    2.844339    0.092384    4.699745
    0.401961    0.950256    0.009535    0.141765    0.000000       -0.910534        1.000000    8.266318    2.975112    0.092384    4.699745
    0.411765    0.949959    0.003557    0.117227    0.000000       -0.935443        1.000000    8.541335    3.105771    0.092384    4.699745
    0.421569    0.949910   -0.001243    0.091026    0.000000       -0.961704        1.000000    8.816337    3.236386    0.092384    4.699745
    0.431373    0.950055   -0.004834    0.065012    0.000000       -0.987546        1.000000    9.091382    3.367015    0.092384    4.699745
    0.441176    0.950338   -0.007259    0.040607    0.000000       -1.011623        1.000000    9.366508    3.497703    0.092384    4.699745
    0.450980    0.950708   -0.008617    0.018875    0.000000       -1.032934        1.000000    9.641741    3.628479    0.092384    4.699745
    0.460784    0.951118   -0.009051    0.000552    0.000000       -1.050799        1.000000    9.917093    3.759363    0.092384    4.699745
    0.470588    0.951530   -0.008727   -0.013951    0.000000       -1.064850        1.000000   10.192565    3.890361    0.092384    4.699745
    0.480392    0.951913   -0.007825   -0.024542    0.000000       -1.075026        1.000000   10.468147    4.021470    0.092384    4.699745
    0.490196    0.952245   -0.006522   -0.031425    0.000000       -1.081553        1.000000   10.743826    4.152679    0.092384    4.699745
    0.500000    0.952510   -0.004979   -0.035063    0.000000       -1.084907        1.000000   11.019581    4.283972    0.092384    4.699745
    0.509804    0.952702   -0.003331   -0.036114    0.000000       -1.085754        1.000000   11.295392    4.415329    0.092384    4.699745
    0.519608    0.952817   -0.001679   -0.035362    0.000000       -1.084879        1.000000   11.571236    4.546729    0.092384    4.699745
    0.529412    0.952858   -0.000087   -0.033648    0.000000       -1.083122        1.000000   11.847091    4.678150    0.092384    4.699745
    0.539216    0.952827    0.001420   -0.031808    0.000000       -1.081315        1.000000   12.122938    4.809573    0.092384    4.699745
    0.549020    0.952728    0.002854   -0.030637    0.000000       -1.080250        1.000000   12.398757    4.940978    0.092384    4.699745
    0.558824    0.952564    0.004265   -0.030876    0.000000       -1.080664        1.000000   12.674527    5.072346    0.092384    4.699745
    0.568627    0.952334    0.005732   -0.033213    0.000000       -1.083247        1.000000   12.950232    5.203659    0.092384    4.699745
    0.578431    0.952033    0.007368   -0.038310    0.000000       -1.088665        1.000000   13.225849    5.334898    0.092384    4.699745
    0.588235    0.951651    0.009315   -0.046834    0.000000       -1.097594        1.000000   13.501355    5.466041    0.092384    4.699745
    0.598039    0.951168    0.011747   -0.059488    0.000000       -1.110755        1.000000   13.776721    5.597062    0.092384    4.699745
    0.607843    0.950557    0.014872   -0.077039    0.000000       -1.128937        1.000000   14.051911    5.727930    0.092384    4.699745
    0.617647    0.949783    0.018934   -0.100317    0.000000       -1.153000        1.000000   14.326877    5.858601    0.092384    4.699745
    0.627451    0.948794    0.024217   -0.130184    0.000000       -1.183844        1.000000   14.601556    5.989019    0.092384    4.699745
    0.637255    0.947528    0.031045   -0.167453    0.000000       -1.222322        1.000000   14.875869    6.119110    0.092384    4.699745
    0.647059    0.945905    0.039772   -0.212747    0.000000       -1.269100        1.000000   15.149712    6.248776    0.092384    4.699745
    0.656863    0.943829    0.050777   -0.266308    0.000000       -1.324456        1.000000   15.422954    6.377886    0.092384    4.699745
    0.666667    0.941187    0.064435   -0.327785    0.000000       -1.388069        1.000000   15.695431    6.506274    0.092384    4.699745
    0.676471    0.937849    0.081088   -0.396072    0.000000       -1.458837        1.000000   15.966941    6.633726    0.092384    4.699745
    0.686275    0.933673    0.101009   -0.469265    0.000000       -1.534845        1.000000   16.237243    6.759975    0.092384    4.699745
    0.696078    0.928505    0.124368   -0.544818    0.000000       -1.613499        1.000000   16.506049    6.884694    0.092384    4.699745
    0.705882    0.922190    0.151207   -0.619872    0.000000       -1.691874        1.000000   16.773026    7.007495    0.092384    4.699745
    0.715686    0.914574    0.181440   -0.691689    0.000000       -1.767146        1.000000   17.037799    7.127930    0.092384    4.699745
    0.725490    0.905516    0.214864   -0.758045    0.000000       -1.836994        1.000000   17.299949    7.245500    0.092384    4.699745
    0.735294    0.894887    0.251188   -0.817461    0.000000       -1.899853        1.000000   17.559022    7.359669    0.092384    4.699745
    0.745098    0.882578    0.290077   -0.869255    0.000000       -1.954963        1.000000   17.814531    7.469878    0.092384    4.699745
    0.754902    0.868503    0.331175   -0.913421    0.000000       -2.002260        1.000000   18.065966    7.575571    0.092384    4.699745
    0.764706    0.852597    0.374140   -0.950435    0.000000       -2.042185        1.000000   18.312796    7.676211    0.092384    4.699745
    0.774510    0.834813    0.418661   -0.981055    0.000000       -2.075473        1.000000   18.554478    7.771303    0.092384    4.699745
    0.784314    0.815128    0.464461   -1.006155    0.000000       -2.102992        1.000000   18.790460    7.860411    0.092384    4.699745
    0.794118    0.793535    0.511308   -1.026604    0.000000       -2.125617        1.000000   19.020191    7.943175    0.092384    4.699745
    0.803922    0.770042    0.559006   -1.043205    0.000000       -2.144162        1.000000   19.243121    8.019320    0.092384    4.699745
    0.813725    0.744673    0.607393   -1.056660    0.000000       -2.159344        1.000000   19.458707    8.088666    0.092384    4.699745
    0.823529    0.717462    0.656340   -1.067563    0.000000       -2.171776        1.000000   19.666415    8.151136    0.092384    4.699745
    0.833333    0.688457    0.705740   -1.076405    0.000000       -2.181968        1.000000   19.865725    8.206751    0.092384    4.699745
    0.843137    0.657713    0.755507   -1.083587    0.000000       -2.190337        1.000000   20.056136    8.255633    0.092384    4.699745
    0.852941    0.625295    0.805574   -1.089430    0.000000       -2.197223        1.000000   20.237161    8.298000    0.092384    4.699745
    0.862745    0.591276    0.855884   -1.094194    0.000000       -2.202901        1.000000   20.408337    8.334158    0.092384    4.699745
    0.872549    0.555734    0.906392   -1.098084    0.000000       -2.207590        1.000000   20.569224    8.364490    0.092384    4.699745
    0.882353    0.518755    0.957063   -1.101265    0.000000       -2.211468        1.000000   20.719406    8.389448    0.092384    4.699745
    0.892157    0.480430    1.007867   -1.103870    0.000000       -2.214677        1.000000   20.858492    8.409535    0.092384    4.699745
    0.901961    0.440855    1.058780   -1.106001    0.000000       -2.217332        1.000000   20.986121    8.425294    0.092384    4.699745
    0.911765    0.400130    1.109781   -1.107743    0.000000       -2.219524        1.000000   21.101961    8.437293    0.092384    4.699745
    0.921569    0.358359    1.160855   -1.109163    0.000000       -2.221329        1.000000   21.205707    8.446105    0.092384    4.699745
    0.931373    0.315650    1.211989   -1.110313    0.000000       -2.222805        1.000000   21.297089    8.452296    0.092384    4.699745
    0.941176    0.272114    1.263169   -1.111237    0.000000       -2.224000        1.000000   21.375867    8.456409    0.092384    4.699745
    0.950980    0.227863    1.314388   -1.111968    0.000000       -2.224953        1.000000   21.441834    8.458947    0.092384    4.699745
    0.960784    0.183013    1.365637   -1.112533    0.000000       -2.225694        1.000000   21.494817    8.460361    0.092384    4.699745
    0.970588    0.137683    1.416908   -1.112951    0.000000       -2.226247        1.000000   21.534676    8.461039    0.092384    4.699745
    0.980392    0.091990    1.468195   -1.113240    0.000000       -2.226630        1.000000   21.561308    8.461293    0.092384    4.699745
    0.990196    0.046056    1.519493   -1.113409    0.000000       -2.226854        1.000000   21.574641    8.461352    0.092384    4.699745
    1.000000    0.000000    1.570796   -1.113464    0.000000       -2.226928        1.000000   21.574641    8.461356    0.092384    4.699745
