           t           r         psi          cs          qs               p             sig           A           V          Q2           S
    0.000000    0.000000   -1.570796   -1.182315    0.000000       -2.364630        1.000000    0.000000   -0.000000    0.582506    7.638095
    0.009804    0.074785   -1.482090   -1.189162    0.000000       -2.373751        1.000000    0.000000    0.000029    0.582506    7.638095
    0.019608    0.148978   -1.392348   -1.210134    0.000000       -2.401606        1.000000    0.070095    0.000465    0.582506    7.638095
    0.029412    0.221962   -1.300471   -1.246421    0.000000       -2.449534        1.000000    0.174529    0.002336    0.582506    7.638095
    0.039216    0.293073   -1.205251   -1.299701    0.000000       -2.519390        1.000000    0.312422    0.007309    0.582506    7.638095
    0.049020    0.361570   -1.105353   -1.371631    0.000000       -2.612937        1.000000    0.482543    0.017601    0.582506    7.638095
    0.058824    0.426604   -0.999344   -1.462825    0.000000       -2.730639        1.000000    0.683262    0.035843    0.582506    7.638095
    0.068627    0.487188   -0.885845   -1.570864    0.000000       -2.869409        1.000000    0.912487    0.064857    0.582506    7.638095
    0.078431    0.542189   -0.763871   -1.686928    0.000000       -3.018869        1.000000    1.167590    0.107316    0.582506    7.638095
    0.088235    0.590357   -0.633478   -1.791365    0.000000       -3.156595        1.000000    1.445356    0.165257    0.582506    7.638095
    0.098039    0.630449   -0.496695   -1.850992    0.000000       -3.245493        1.000000    1.741986    0.239480    0.582506    7.638095
    0.107843    0.661464   -0.358417   -1.824578    0.000000       -3.240308        1.000000    2.053208    0.329020    0.582506    7.638095
    0.117647    0.682969   -0.226372   -1.681672    0.000000       -3.108512        1.000000    2.374549    0.431036    0.582506    7.638095
    0.127451    0.695357   -0.109416   -1.425680    0.000000       -2.855190        1.000000    2.701718    0.541403    0.582506    7.638095
    0.137255    0.699844   -0.014656   -1.098010    0.000000       -2.526746        1.000000    3.030999    0.655834    0.582506    7.638095
    0.147059    0.698186    0.054677   -0.755767    0.000000       -2.185910        1.000000    3.359499    0.770875    0.582506    7.638095
    0.156863    0.692281    0.099337   -0.444947    0.000000       -1.882326        1.000000    3.685221    0.884312    0.582506    7.638095
    0.166667    0.683865    0.122717   -0.189670    0.000000       -1.640950        1.000000    4.006984    0.995032    0.582506    7.638095
    0.176471    0.674365    0.129289    0.004013    0.000000       -1.466487        1.000000    4.324276    1.102668    0.582506    7.638095
    0.186275    0.664860    0.123555    0.140167    0.000000       -1.352442        1.000000    4.637097    1.207288    0.582506    7.638095
    0.196078    0.656113    0.109530    0.226920    0.000000       -1.288075        1.000000    4.945801    1.309186    0.582506    7.638095
    0.205882    0.648612    0.090578    0.273247    0.000000       -1.262187        1.000000    5.250977    1.408763    0.582506    7.638095
    0.215686    0.642621    0.069402    0.287673    0.000000       -1.264707        1.000000    5.553334    1.506466    0.582506    7.638095
    0.225490    0.638229    0.048098    0.277889    0.000000       -1.287134        1.000000    5.853624    1.602746    0.582506    7.638095
    0.235294    0.635385    0.028217    0.250723    0.000000       -1.322499        1.000000    6.152576    1.698039    0.582506    7.638095
    0.245098    0.633942    0.010831    0.212177    0.000000       -1.365163        1.000000    6.450849    1.792747    0.582506    7.638095
    0.254902    0.633684   -0.003406    0.167452    0.000000       -1.410611        1.000000    6.749002    1.887225    0.582506    7.638095
    0.264706    0.634366   -0.014203    0.120937    0.000000       -1.455282        1.000000    7.047474    1.981769    0.582506    7.638095
    0.274510    0.635726   -0.021564    0.076191    0.000000       -1.496449        1.000000    7.346586    2.076613    0.582506    7.638095
    0.284314    0.637515   -0.025727    0.035922    0.000000       -1.532150        1.000000    7.646541    2.171922    0.582506    7.638095
    0.294118    0.639508   -0.027103    0.001999    0.000000       -1.561127        1.000000    7.947433    2.267798    0.582506    7.638095
    0.303922    0.641517   -0.026211   -0.024520    0.000000       -1.582790        1.000000    8.249270    2.364279    0.582506    7.638095
    0.313725    0.643391   -0.023624   -0.043312    0.000000       -1.597143        1.000000    8.551990    2.461353    0.582506    7.638095
    0.323529    0.645026   -0.019910   -0.054686    0.000000       -1.604702        1.000000    8.855478    2.558968    0.582506    7.638095
    0.333333    0.646358   -0.015599   -0.059436    0.000000       -1.606378        1.000000    9.159593    2.657042    0.582506    7.638095
    0.343137    0.647359   -0.011146   -0.058696    0.000000       -1.603337        1.000000    9.464179    2.755478    0.582506    7.638095
    0.352941    0.648033   -0.006913   -0.053769    0.000000       -1.596864        1.000000    9.769082    2.854173    0.582506    7.638095
    0.362745    0.648407   -0.003164   -0.045994    0.000000       -1.588228        1.000000   10.074161    2.953029    0.582506    7.638095
    0.372549    0.648523   -0.000065   -0.036622    0.000000       -1.578587        1.000000   10.379295    3.051960    0.582506    7.638095
    0.382353    0.648435    0.002308   -0.026734    0.000000       -1.568906        1.000000   10.684387    3.150894    0.582506    7.638095
    0.392157    0.648196    0.003948   -0.017197    0.000000       -1.559928        1.000000   10.989367    3.249777    0.582506    7.638095
    0.401961    0.647860    0.004908   -0.008640    0.000000       -1.552164        1.000000   11.294189    3.348570    0.582506    7.638095
    0.411765    0.647476    0.005277   -0.001469    0.000000       -1.545907        1.000000   11.598830    3.447251    0.582506    7.638095
    0.421569    0.647082    0.005168    0.004113    0.000000       -1.541266        1.000000   11.903285    3.545813    0.582506    7.638095
    0.431373    0.646710    0.004702    0.008070    0.000000       -1.538200        1.000000   12.207566    3.644259    0.582506    7.638095
    0.441176    0.646384    0.003997    0.010496    0.000000       -1.536560        1.000000   12.511693    3.742598    0.582506    7.638095
    0.450980    0.646115    0.003163    0.011575    0.000000       -1.536130        1.000000   12.815694    3.840846    0.582506    7.638095
    0.460784    0.645911    0.002292    0.011544    0.000000       -1.536653        1.000000   13.119599    3.939023    0.582506    7.638095
    0.470588    0.645771    0.001456    0.010668    0.000000       -1.537867        1.000000   13.423437    4.037147    0.582506    7.638095
    0.480392    0.645691    0.000709    0.009208    0.000000       -1.539521        1.000000   13.727238    4.135239    0.582506    7.638095
    0.490196    0.645662    0.000085    0.007409    0.000000       -1.541390        1.000000   14.031026    4.233314    0.582506    7.638095
    0.500000    0.645674   -0.000398    0.005480    0.000000       -1.543288        1.000000   14.334819    4.331387    0.582506    7.638095
    0.509804    0.645718   -0.000737    0.003594    0.000000       -1.545070        1.000000   14.638633    4.429468    0.582506    7.638095
    0.519608    0.645781   -0.000940    0.001876    0.000000       -1.546635        1.000000   14.942477    4.527567    0.582506    7.638095
    0.529412    0.645856   -0.001024    0.000413    0.000000       -1.547920        1.000000   15.246355    4.625686    0.582506    7.638095
    0.539216    0.645932   -0.001010   -0.000751    0.000000       -1.548900        1.000000   15.550270    4.723828    0.582506    7.638095
    0.549020    0.646005   -0.000920   -0.001603    0.000000       -1.549578        1.000000   15.854219    4.821994    0.582506    7.638095
    0.558824    0.646069   -0.000777   -0.002157    0.000000       -1.549980        1.000000   16.158198    4.920180    0.582506    7.638095
    0.568627    0.646120   -0.000603   -0.002450    0.000000       -1.550149        1.000000   16.462201    5.018384    0.582506    7.638095
    0.578431    0.646159   -0.000416   -0.002528    0.000000       -1.550135        1.000000   16.766222    5.116601    0.582506    7.638095
    0.588235    0.646183   -0.000228   -0.002447    0.000000       -1.549997        1.000000   17.070255    5.214828    0.582506    7.638095
    0.598039    0.646193   -0.000052   -0.002264    0.000000       -1.549789        1.000000   17.374292    5.313060    0.582506    7.638095
    0.607843    0.646191    0.000109   -0.002034    0.000000       -1.549564        1.000000   17.678329    5.411294    0.582506    7.638095
    0.617647    0.646177    0.000253   -0.001810    0.000000       -1.549373        1.000000   17.982359    5.509525    0.582506    7.638095
    0.627451    0.646153    0.000382   -0.001637    0.000000       -1.549258        1.000000   18.286377    5.607750    0.582506    7.638095
    0.637255    0.646120    0.000501   -0.001558    0.000000       -1.549257        1.000000   18.590381    5.705967    0.582506    7.638095
    0.647059    0.646078    0.000618   -0.001609    0.000000       -1.549408        1.000000   18.894364    5.804172    0.582506    7.638095
    0.656863    0.646027    0.000746   -0.001824    0.000000       -1.549746        1.000000   19.198324    5.902363    0.582506    7.638095
    0.666667    0.645966    0.000897   -0.002240    0.000000       -1.550308        1.000000   19.502254    6.000537    0.582506    7.638095
    0.676471    0.645892    0.001087   -0.002897    0.000000       -1.551142        1.000000   19.806150    6.098690    0.582506    7.638095
    0.686275    0.645802    0.001338   -0.003843    0.000000       -1.552305        1.000000   20.110003    6.196819    0.582506    7.638095
    0.696078    0.645690    0.001672   -0.005142    0.000000       -1.553871        1.000000   20.413804    6.294917    0.582506    7.638095
    0.705882    0.645549    0.002118   -0.006874    0.000000       -1.555941        1.000000   20.717538    6.392977    0.582506    7.638095
    0.715686    0.645369    0.002715   -0.009152    0.000000       -1.558648        1.000000   21.021188    6.490988    0.582506    7.638095
    0.725490    0.645137    0.003506   -0.012122    0.000000       -1.562170        1.000000   21.324728    6.588937    0.582506    7.638095
    0.735294    0.644837    0.004552   -0.015977    0.000000       -1.566740        1.000000   21.628128    6.686805    0.582506    7.638095
    0.745098    0.644447    0.005928   -0.020974    0.000000       -1.572664        1.000000   21.931344    6.784569    0.582506    7.638095
    0.754902    0.643939    0.007730   -0.027445    0.000000       -1.580341        1.000000   22.234321    6.882196    0.582506    7.638095
    0.764706    0.643276    0.010085   -0.035819    0.000000       -1.590283        1.000000   22.536986    6.979646    0.582506    7.638095
    0.774510    0.642411    0.013156   -0.046648    0.000000       -1.603150        1.000000   22.839243    7.076863    0.582506    7.638095
    0.784314    0.641283    0.017150   -0.060633    0.000000       -1.619779        1.000000   23.140970    7.173775    0.582506    7.638095
    0.794118    0.639813    0.022337   -0.078654    0.000000       -1.641222        1.000000   23.442006    7.270291    0.582506    7.638095
    0.803922    0.637899    0.029058   -0.101803    0.000000       -1.668787        1.000000   23.742141    7.366288    0.582506    7.638095
    0.813725    0.635412    0.037745   -0.131409    0.000000       -1.704070        1.000000   24.041106    7.461606    0.582506    7.638095
    0.823529    0.632185    0.048939   -0.169054    0.000000       -1.748975        1.000000   24.338553    7.556040    0.582506    7.638095
    0.833333    0.628007    0.063309   -0.216557    0.000000       -1.805706        1.000000   24.634033    7.649321    0.582506    7.638095
    0.843137    0.622611    0.081668   -0.275919    0.000000       -1.876704        1.000000   24.926975    7.741101    0.582506    7.638095
    0.852941    0.615667    0.104980   -0.349190    0.000000       -1.964502        1.000000   25.216650    7.830934    0.582506    7.638095
    0.862745    0.606769    0.134359   -0.438243    0.000000       -2.071463        1.000000   25.502138    7.918250    0.582506    7.638095
    0.872549    0.595428    0.171043   -0.544432    0.000000       -2.199389        1.000000   25.782291    8.002334    0.582506    7.638095
    0.882353    0.581073    0.216336   -0.668154    0.000000       -2.348994        1.000000   26.055689    8.082305    0.582506    7.638095
    0.892157    0.563053    0.271523   -0.808369    0.000000       -2.519333        1.000000   26.320608    8.157120    0.582506    7.638095
    0.901961    0.540665    0.337745   -0.962225    0.000000       -2.707306        1.000000   26.574994    8.225591    0.582506    7.638095
    0.911765    0.513190    0.415855   -1.124942    0.000000       -2.907464        1.000000   26.816453    8.286471    0.582506    7.638095
    0.921569    0.479954    0.506286   -1.290125    0.000000       -3.112283        1.000000   27.042274    8.338583    0.582506    7.638095
    0.931373    0.440409    0.608953   -1.450511    0.000000       -3.312978        1.000000   27.249489    8.381028    0.582506    7.638095
    0.941176    0.394217    0.723226   -1.599008    0.000000       -3.500686        1.000000   27.434970    8.413419    0.582506    7.638095
    0.950980    0.341334    0.847984   -1.729686    0.000000       -3.667662        1.000000   27.595569    8.436091    0.582506    7.638095
    0.960784    0.282066    0.981726   -1.838420    0.000000       -3.808133        1.000000   27.728283    8.450198    0.582506    7.638095
    0.970588    0.217101    1.122714   -1.923014    0.000000       -3.918572        1.000000   27.830430    8.457606    0.582506    7.638095
    0.980392    0.147491    1.269111   -1.982863    0.000000       -3.997428        1.000000   27.899825    8.460582    0.582506    7.638095
    0.990196    0.074596    1.419072   -2.018329    0.000000       -4.044487        1.000000   27.934923    8.461307    0.582506    7.638095
    1.000000    0.000000    1.570796   -2.030049    0.000000       -4.060098        1.000000   27.934923    8.461356    0.582506    7.638095
