           t           r         psi          cs          qs               p             sig           A           V          Q2           S
    0.000000    0.000000   -1.570796   -0.997050    0.000000       -1.994099        1.000000    0.000000    0.000000    0.010631    5.222491
    0.009804    0.051179   -1.519746   -0.997052    0.000000       -1.994102        1.000000    0.000000    0.000005    0.010631    5.222491
    0.019608    0.102224   -1.468696   -0.997058    0.000000       -1.994110        1.000000    0.032886    0.000086    0.010631    5.222491
    0.029412    0.153003   -1.417646   -0.997068    0.000000       -1.994124        1.000000    0.082108    0.000433    0.010631    5.222491
    0.039216    0.203383   -1.366595   -0.997084    0.000000       -1.994145        1.000000    0.147537    0.001359    0.010631    5.222491
    0.049020    0.253234   -1.315543   -0.997105    0.000000       -1.994173        1.000000    0.229003    0.003291    0.010631    5.222491
    0.058824    0.302424   -1.264489   -0.997133    0.000000       -1.994209        1.000000    0.326295    0.006760    0.010631    5.222491
    0.068627    0.350827   -1.213434   -0.997170    0.000000       -1.994256        1.000000    0.439157    0.012383    0.010631    5.222491
    0.078431    0.398315   -1.162377   -0.997216    0.000000       -1.994315        1.000000    0.567297    0.020851    0.010631    5.222491
    0.088235    0.444765   -1.111317   -0.997275    0.000000       -1.994388        1.000000    0.710380    0.032909    0.010631    5.222491
    0.098039    0.490056   -1.060254   -0.997349    0.000000       -1.994481        1.000000    0.868033    0.049337    0.010631    5.222491
    0.107843    0.534070   -1.009187   -0.997444    0.000000       -1.994597        1.000000    1.039846    0.070926    0.010631    5.222491
    0.117647    0.576691   -0.958114   -0.997564    0.000000       -1.994744        1.000000    1.225370    0.098461    0.010631    5.222491
    0.127451    0.617809   -0.907034   -0.997719    0.000000       -1.994929        1.000000    1.424122    0.132697    0.010631    5.222491
    0.137255    0.657316   -0.855945   -0.997920    0.000000       -1.995166        1.000000    1.635584    0.174334    0.010631    5.222491
    0.147059    0.695108   -0.804844   -0.998183    0.000000       -1.995472        1.000000    1.859203    0.224006    0.010631    5.222491
    0.156863    0.731087   -0.753727   -0.998531    0.000000       -1.995873        1.000000    2.094397    0.282252    0.010631    5.222491
    0.166667    0.765157   -0.702590   -0.999000    0.000000       -1.996404        1.000000    2.340552    0.349505    0.010631    5.222491
    0.176471    0.797229   -0.651425   -0.999643    0.000000       -1.997124        1.000000    2.597024    0.426075    0.010631    5.222491
    0.186275    0.827218   -0.600221   -1.000543    0.000000       -1.998117        1.000000    2.863144    0.512136    0.010631    5.222491
    0.196078    0.855042   -0.548961   -1.001836    0.000000       -1.999526        1.000000    3.138215    0.607721    0.010631    5.222491
    0.205882    0.880626   -0.497621   -1.003747    0.000000       -2.001584        1.000000    3.421517    0.712710    0.010631    5.222491
    0.215686    0.903899   -0.446158   -1.006681    0.000000       -2.004704        1.000000    3.712305    0.826831    0.010631    5.222491
    0.225490    0.924791   -0.394505   -1.011389    0.000000       -2.009655        1.000000    4.009815    0.949657    0.010631    5.222491
    0.235294    0.943234   -0.342535   -1.019377    0.000000       -2.017968        1.000000    4.313258    1.080615    0.010631    5.222491
    0.245098    0.959160   -0.290009   -1.033915    0.000000       -2.032957        1.000000    4.621824    1.218985    0.010631    5.222491
    0.254902    0.972487   -0.236422   -1.062802    0.000000       -2.062489        1.000000    4.934678    1.363914    0.010631    5.222491
    0.264706    0.983098   -0.180605   -1.126154    0.000000       -2.126803        1.000000    5.250945    1.514419    0.010631    5.222491
    0.274510    0.990787   -0.119739   -1.269040    0.000000       -2.271112        1.000000    5.569686    1.669379    0.010631    5.222491
    0.284314    0.995165   -0.050320   -1.387379    0.000000       -2.390966        1.000000    5.889835    1.827462    0.010631    5.222491
    0.294118    0.996143    0.005329   -0.627692    0.000000       -1.631550        1.000000    6.210299    1.986946    0.010631    5.222491
    0.303922    0.995423    0.017128    0.040666    0.000000       -0.963785        1.000000    6.530531    2.146443    0.010631    5.222491
    0.313725    0.994689    0.010512    0.167610    0.000000       -0.837674        1.000000    6.850527    2.305683    0.010631    5.222491
    0.323529    0.994361    0.002679    0.126340    0.000000       -0.879328        1.000000    7.170418    2.464764    0.010631    5.222491
    0.333333    0.994357   -0.001927    0.053518    0.000000       -0.952155        1.000000    7.490307    2.623800    0.010631    5.222491
    0.343137    0.994498   -0.003090   -0.003328    0.000000       -1.008856        1.000000    7.810242    2.782863    0.010631    5.222491
    0.352941    0.994638   -0.002153   -0.027701    0.000000       -1.033089        1.000000    8.130222    2.941973    0.010631    5.222491
    0.362745    0.994711   -0.000723   -0.024947    0.000000       -1.030264        1.000000    8.450225    3.101119    0.010631    5.222491
    0.372549    0.994721    0.000221   -0.011484    0.000000       -1.016791        1.000000    8.770231    3.260277    0.010631    5.222491
    0.382353    0.994700    0.000498   -0.000314    0.000000       -1.005642        1.000000    9.090231    3.419432    0.010631    5.222491
    0.392157    0.994677    0.000367    0.004382    0.000000       -1.000970        1.000000    9.410223    3.578580    0.010631    5.222491
    0.401961    0.994664    0.000134    0.004166    0.000000       -1.001198        1.000000    9.730211    3.737722    0.010631    5.222491
    0.411765    0.994662   -0.000028    0.002051    0.000000       -1.003316        1.000000   10.050198    3.896862    0.010631    5.222491
    0.421569    0.994665   -0.000081    0.000178    0.000000       -1.005186        1.000000   10.370187    4.056002    0.010631    5.222491
    0.431373    0.994669   -0.000064   -0.000685    0.000000       -1.006045        1.000000   10.690176    4.215143    0.010631    5.222491
    0.441176    0.994671   -0.000026   -0.000709    0.000000       -1.006067        1.000000   11.010167    4.374285    0.010631    5.222491
    0.450980    0.994671    0.000003   -0.000373    0.000000       -1.005730        1.000000   11.330157    4.533428    0.010631    5.222491
    0.460784    0.994671    0.000013   -0.000053    0.000000       -1.005410        1.000000   11.650147    4.692571    0.010631    5.222491
    0.470588    0.994670    0.000011    0.000106    0.000000       -1.005253        1.000000   11.970138    4.851713    0.010631    5.222491
    0.480392    0.994670    0.000005    0.000119    0.000000       -1.005239        1.000000   12.290128    5.010855    0.010631    5.222491
    0.490196    0.994670   -0.000000    0.000067    0.000000       -1.005292        1.000000   12.610118    5.169998    0.010631    5.222491
    0.500000    0.994670   -0.000002    0.000013    0.000000       -1.005346        1.000000   12.930108    5.329140    0.010631    5.222491
    0.509804    0.994670   -0.000002   -0.000016    0.000000       -1.005375        1.000000   13.250098    5.488282    0.010631    5.222491
    0.519608    0.994670   -0.000001   -0.000020    0.000000       -1.005379        1.000000   13.570088    5.647424    0.010631    5.222491
    0.529412    0.994670   -0.000000   -0.000012    0.000000       -1.005371        1.000000   13.890078    5.806567    0.010631    5.222491
    0.539216    0.994670    0.000000   -0.000003    0.000000       -1.005362        1.000000   14.210068    5.965709    0.010631    5.222491
    0.549020    0.994670    0.000000    0.000001    0.000000       -1.005357        1.000000   14.530058    6.124851    0.010631    5.222491
    0.558824    0.994670    0.000000    0.000000    0.000000       -1.005358        1.000000   14.850048    6.283993    0.010631    5.222491
    0.568627    0.994670    0.000000   -0.000005    0.000000       -1.005363        1.000000   15.170038    6.443136    0.010631    5.222491
    0.578431    0.994670    0.000001   -0.000016    0.000000       -1.005375        1.000000   15.490028    6.602278    0.010631    5.222491
    0.588235    0.994670    0.000002   -0.000041    0.000000       -1.005400        1.000000   15.810018    6.761420    0.010631    5.222491
    0.598039    0.994670    0.000006   -0.000100    0.000000       -1.005458        1.000000   16.130008    6.920562    0.010631    5.222491
    0.607843    0.994669    0.000014   -0.000240    0.000000       -1.005599        1.000000   16.449998    7.079705    0.010631    5.222491
    0.617647    0.994668    0.000034   -0.000579    0.000000       -1.005940        1.000000   16.769987    7.238846    0.010631    5.222491
    0.627451    0.994665    0.000081   -0.001400    0.000000       -1.006763        1.000000   17.089976    7.397988    0.010631    5.222491
    0.637255    0.994659    0.000196   -0.003378    0.000000       -1.008748        1.000000   17.409962    7.557127    0.010631    5.222491
    0.647059    0.994643    0.000473   -0.008130    0.000000       -1.013516        1.000000   17.729943    7.716264    0.010631    5.222491
    0.656863    0.994604    0.001138   -0.019422    0.000000       -1.024847        1.000000   18.049912    7.875392    0.010631    5.222491
    0.666667    0.994511    0.002712   -0.045620    0.000000       -1.051135        1.000000   18.369851    8.034500    0.010631    5.222491
    0.676471    0.994292    0.006338   -0.103140    0.000000       -1.108861        1.000000   18.689719    8.193560    0.010631    5.222491
    0.686275    0.993790    0.014215   -0.215510    0.000000       -1.221657        1.000000   19.009426    8.352503    0.010631    5.222491
    0.696078    0.992709    0.029543   -0.392588    0.000000       -1.399493        1.000000   19.328785    8.511175    0.010631    5.222491
    0.705882    0.990592    0.054894   -0.596495    0.000000       -1.604472        1.000000   19.647464    8.669248    0.010631    5.222491
    0.715686    0.986924    0.089979   -0.764265    0.000000       -1.773416        1.000000   19.964962    8.826139    0.010631    5.222491
    0.725490    0.981274    0.132101   -0.871568    0.000000       -1.881772        1.000000   20.280642    8.981011    0.010631    5.222491
    0.735294    0.973370    0.178430   -0.932089    0.000000       -1.943137        1.000000   20.593780    9.132858    0.010631    5.222491
    0.745098    0.963067    0.227085   -0.965205    0.000000       -1.976896        1.000000   20.903603    9.280615    0.010631    5.222491
    0.754902    0.950303    0.277022   -0.983671    0.000000       -1.995847        1.000000   21.209320    9.423239    0.010631    5.222491
    0.764706    0.935061    0.327684   -0.994365    0.000000       -2.006908        1.000000   21.510133    9.559752    0.010631    5.222491
    0.774510    0.917353    0.378775   -1.000823    0.000000       -2.013649        1.000000   21.805250    9.689278    0.010631    5.222491
    0.784314    0.897207    0.430130   -1.004882    0.000000       -2.017927        1.000000   22.093886    9.811058    0.010631    5.222491
    0.794118    0.874668    0.481653   -1.007527    0.000000       -2.020746        1.000000   22.375271    9.924471    0.010631    5.222491
    0.803922    0.849789    0.533288   -1.009306    0.000000       -2.022664        1.000000   22.648652   10.029042    0.010631    5.222491
    0.813725    0.822633    0.584999   -1.010537    0.000000       -2.024006        1.000000   22.913297   10.124446    0.010631    5.222491
    0.823529    0.793268    0.636762   -1.011408    0.000000       -2.024969        1.000000   23.168495   10.210515    0.010631    5.222491
    0.833333    0.761772    0.688564   -1.012038    0.000000       -2.025674        1.000000   23.413560   10.287233    0.010631    5.222491
    0.843137    0.728227    0.740394   -1.012502    0.000000       -2.026200        1.000000   23.647835   10.354733    0.010631    5.222491
    0.852941    0.692724    0.792245   -1.012849    0.000000       -2.026599        1.000000   23.870687   10.413288    0.010631    5.222491
    0.862745    0.655357    0.844110   -1.013112    0.000000       -2.026906        1.000000   24.081519   10.463297    0.010631    5.222491
    0.872549    0.616225    0.895988   -1.013314    0.000000       -2.027144        1.000000   24.279761   10.505276    0.010631    5.222491
    0.882353    0.575435    0.947875   -1.013470    0.000000       -2.027331        1.000000   24.464881   10.539835    0.010631    5.222491
    0.892157    0.533094    0.999769   -1.013592    0.000000       -2.027479        1.000000   24.636380   10.567664    0.010631    5.222491
    0.901961    0.489318    1.051668   -1.013688    0.000000       -2.027596        1.000000   24.793796   10.589506    0.010631    5.222491
    0.911765    0.444224    1.103572   -1.013763    0.000000       -2.027690        1.000000   24.936705   10.606142    0.010631    5.222491
    0.921569    0.397932    1.155479   -1.013823    0.000000       -2.027765        1.000000   25.064722   10.618363    0.010631    5.222491
    0.931373    0.350569    1.207389   -1.013870    0.000000       -2.027825        1.000000   25.177501   10.626953    0.010631    5.222491
    0.941176    0.302261    1.259301   -1.013907    0.000000       -2.027872        1.000000   25.274740   10.632660    0.010631    5.222491
    0.950980    0.253139    1.311214   -1.013935    0.000000       -2.027909        1.000000   25.356176   10.636182    0.010631    5.222491
    0.960784    0.203335    1.363129   -1.013957    0.000000       -2.027938        1.000000   25.421590   10.638146    0.010631    5.222491
    0.970588    0.152982    1.415045   -1.013973    0.000000       -2.027959        1.000000   25.470805   10.639087    0.010631    5.222491
    0.980392    0.102218    1.466962   -1.013984    0.000000       -2.027973        1.000000   25.503689   10.639440    0.010631    5.222491
    0.990196    0.051178    1.518879   -1.013990    0.000000       -2.027981        1.000000   25.520153   10.639522    0.010631    5.222491
    1.000000    0.000000    1.570796   -1.013992    0.000000       -2.027984        1.000000   25.520153   10.639527    0.010631    5.222491
