           t           r         psi          cs          qs               p             sig           A           V          Q2           S
    0.000000    0.000000   -1.570796   -1.513883    0.000000       -3.027765        1.000000    0.000000   -0.000000    0.781501   16.349813
    0.009804    0.158671   -1.321316   -1.641413    0.000000       -3.197473        1.000000    0.000000    0.000784    0.781501   16.349813
    0.019608    0.306448   -1.031731   -2.004394    0.000000       -3.679505        1.000000    0.308638    0.012339    0.781501   16.349813
    0.029412    0.427215   -0.676093   -2.399875    0.000000       -4.225707        1.000000    0.738906    0.058505    0.781501   16.349813
    0.039216    0.501073   -0.291926   -2.252050    0.000000       -4.163332        1.000000    1.243560    0.156638    0.781501   16.349813
    0.049020    0.522101    0.003309   -1.351193    0.000000       -3.266520        1.000000    1.769392    0.288865    0.781501   16.349813
    0.058824    0.508676    0.138358   -0.379295    0.000000       -2.326397        1.000000    2.281703    0.422994    0.781501   16.349813
    0.068627    0.484700    0.146207    0.209710    0.000000       -1.831411        1.000000    2.769866    0.545895    0.781501   16.349813
    0.078431    0.465235    0.091941    0.412385    0.000000       -1.727990        1.000000    3.238426    0.658307    0.781501   16.349813
    0.088235    0.455769    0.027787    0.357529    0.000000       -1.835719        1.000000    3.697452    0.764494    0.781501   16.349813
    0.098039    0.455245   -0.016739    0.190540    0.000000       -2.005770        1.000000    4.155950    0.868696    0.781501   16.349813
    0.107843    0.459634   -0.033664    0.028408    0.000000       -2.146004        1.000000    4.618869    0.973926    0.781501   16.349813
    0.117647    0.464899   -0.029471   -0.067786    0.000000       -2.217857        1.000000    5.087090    1.081505    0.781501   16.349813
    0.127451    0.468582   -0.015871   -0.091363    0.000000       -2.225192        1.000000    5.559020    1.191264    0.781501   16.349813
    0.137255    0.470019   -0.002708   -0.067821    0.000000       -2.195386        1.000000    6.032398    1.302251    0.781501   16.349813
    0.147059    0.469745    0.005090   -0.029269    0.000000       -2.158056        1.000000    6.505500    1.413483    0.781501   16.349813
    0.156863    0.468701    0.007097    0.001884    0.000000       -2.131617        1.000000    6.977551    1.524365    0.781501   16.349813
    0.166667    0.467671    0.005355    0.017116    0.000000       -2.121109        1.000000    7.448564    1.634734    0.781501   16.349813
    0.176471    0.467050    0.002370    0.018269    0.000000       -2.122825        1.000000    7.918951    1.744708    0.781501   16.349813
    0.186275    0.466881   -0.000092    0.011741    0.000000       -2.130132        1.000000    8.389169    1.854500    0.781501   16.349813
    0.196078    0.467012   -0.001324    0.003801    0.000000       -2.137471        1.000000    8.859518    1.964290    0.781501   16.349813
    0.205882    0.467245   -0.001442   -0.001771    0.000000       -2.141971        1.000000    9.330102    2.074174    0.781501   16.349813
    0.215686    0.467441   -0.000941   -0.003949    0.000000       -2.143255        1.000000    9.800884    2.184162    0.781501   16.349813
    0.225490    0.467541   -0.000316   -0.003530    0.000000       -2.142380        1.000000   10.271766    2.294221    0.781501   16.349813
    0.235294    0.467552    0.000129   -0.001937    0.000000       -2.140735        1.000000   10.742659    2.404305    0.781501   16.349813
    0.245098    0.467514    0.000307   -0.000363    0.000000       -2.139336        1.000000   11.213514    2.514380    0.781501   16.349813
    0.254902    0.467465    0.000279    0.000589    0.000000       -2.138609        1.000000   11.684320    2.624434    0.781501   16.349813
    0.264706    0.467430    0.000156    0.000849    0.000000       -2.138511        1.000000   12.155089    2.734468    0.781501   16.349813
    0.274510    0.467415    0.000032    0.000651    0.000000       -2.138775        1.000000   12.625845    2.844489    0.781501   16.349813
    0.284314    0.467417   -0.000045    0.000296    0.000000       -2.139122        1.000000   13.096602    2.954508    0.781501   16.349813
    0.294118    0.467426   -0.000066   -0.000002    0.000000       -2.139377        1.000000   13.567368    3.064530    0.781501   16.349813
    0.303922    0.467436   -0.000052   -0.000155    0.000000       -2.139485        1.000000   14.038145    3.174557    0.781501   16.349813
    0.313725    0.467442   -0.000024   -0.000173    0.000000       -2.139475        1.000000   14.508927    3.284588    0.781501   16.349813
    0.323529    0.467444   -0.000000   -0.000115    0.000000       -2.139408        1.000000   14.979712    3.394620    0.781501   16.349813
    0.333333    0.467443    0.000012   -0.000040    0.000000       -2.139338        1.000000   15.450495    3.504653    0.781501   16.349813
    0.343137    0.467441    0.000014    0.000014    0.000000       -2.139294        1.000000   15.921276    3.614684    0.781501   16.349813
    0.352941    0.467439    0.000009    0.000036    0.000000       -2.139280        1.000000   16.392056    3.724715    0.781501   16.349813
    0.362745    0.467438    0.000003    0.000034    0.000000       -2.139288        1.000000   16.862834    3.834745    0.781501   16.349813
    0.372549    0.467438   -0.000001    0.000019    0.000000       -2.139303        1.000000   17.333612    3.944775    0.781501   16.349813
    0.382353    0.467438   -0.000003    0.000004    0.000000       -2.139316        1.000000   17.804391    4.054805    0.781501   16.349813
    0.392157    0.467439   -0.000003   -0.000005    0.000000       -2.139324        1.000000   18.275170    4.164835    0.781501   16.349813
    0.401961    0.467439   -0.000002   -0.000008    0.000000       -2.139325        1.000000   18.745949    4.274865    0.781501   16.349813
    0.411765    0.467439   -0.000000   -0.000006    0.000000       -2.139322        1.000000   19.216728    4.384895    0.781501   16.349813
    0.421569    0.467439    0.000000   -0.000003    0.000000       -2.139319        1.000000   19.687508    4.494926    0.781501   16.349813
    0.431373    0.467439    0.000001   -0.000000    0.000000       -2.139317        1.000000   20.158287    4.604956    0.781501   16.349813
    0.441176    0.467439    0.000000    0.000001    0.000000       -2.139316        1.000000   20.629066    4.714986    0.781501   16.349813
    0.450980    0.467439    0.000000    0.000002    0.000000       -2.139316        1.000000   21.099846    4.825016    0.781501   16.349813
    0.460784    0.467439    0.000000    0.000001    0.000000       -2.139316        1.000000   21.570625    4.935047    0.781501   16.349813
    0.470588    0.467439   -0.000000    0.000000    0.000000       -2.139317        1.000000   22.041404    5.045077    0.781501   16.349813
    0.480392    0.467439   -0.000000   -0.000000    0.000000       -2.139317        1.000000   22.512183    5.155107    0.781501   16.349813
    0.490196    0.467439   -0.000000   -0.000000    0.000000       -2.139318        1.000000   22.982962    5.265137    0.781501   16.349813
    0.500000    0.467439   -0.000000   -0.000000    0.000000       -2.139317        1.000000   23.453742    5.375168    0.781501   16.349813
    0.509804    0.467439    0.000000   -0.000000    0.000000       -2.139317        1.000000   23.924521    5.485198    0.781501   16.349813
    0.519608    0.467439    0.000000   -0.000000    0.000000       -2.139317        1.000000   24.395300    5.595228    0.781501   16.349813
    0.529412    0.467439    0.000000    0.000000    0.000000       -2.139317        1.000000   24.866079    5.705258    0.781501   16.349813
    0.539216    0.467439    0.000000    0.000000    0.000000       -2.139317        1.000000   25.336859    5.815289    0.781501   16.349813
    0.549020    0.467439    0.000000    0.000000    0.000000       -2.139317        1.000000   25.807638    5.925319    0.781501   16.349813
    0.558824    0.467439   -0.000000    0.000000    0.000000       -2.139317        1.000000   26.278417    6.035349    0.781501   16.349813
    0.568627    0.467439   -0.000000    0.000000    0.000000       -2.139317        1.000000   26.749196    6.145379    0.781501   16.349813
    0.578431    0.467439   -0.000000   -0.000000    0.000000       -2.139317        1.000000   27.219975    6.255410    0.781501   16.349813
    0.588235    0.467439   -0.000000   -0.000000    0.000000       -2.139317        1.000000   27.690755    6.365440    0.781501   16.349813
    0.598039    0.467439   -0.000000   -0.000000    0.000000       -2.139317        1.000000   28.161534    6.475470    0.781501   16.349813
    0.607843    0.467439    0.000000   -0.000000    0.000000       -2.139317        1.000000   28.632313    6.585500    0.781501   16.349813
    0.617647    0.467439    0.000000    0.000000    0.000000       -2.139317        1.000000   29.103092    6.695531    0.781501   16.349813
    0.627451    0.467439    0.000000    0.000000    0.000000       -2.139317        1.000000   29.573872    6.805561    0.781501   16.349813
    0.637255    0.467439    0.000000    0.000000    0.000000       -2.139317        1.000000   30.044651    6.915591    0.781501   16.349813
    0.647059    0.467439    0.000000    0.000000    0.000000       -2.139317        1.000000   30.515430    7.025621    0.781501   16.349813
    0.656863    0.467439    0.000000   -0.000000    0.000000       -2.139317        1.000000   30.986209    7.135652    0.781501   16.349813
    0.666667    0.467439    0.000000   -0.000000    0.000000       -2.139317        1.000000   31.456989    7.245682    0.781501   16.349813
    0.676471    0.467439    0.000000   -0.000000    0.000000       -2.139317        1.000000   31.927768    7.355712    0.781501   16.349813
    0.686275    0.467439    0.000000   -0.000000    0.000000       -2.139317        1.000000   32.398547    7.465742    0.781501   16.349813
    0.696078    0.467439    0.000000   -0.000000    0.000000       -2.139317        1.000000   32.869326    7.575773    0.781501   16.349813
    0.705882    0.467439    0.000000   -0.000000    0.000000       -2.139317        1.000000   33.340105    7.685803    0.781501   16.349813
    0.715686    0.467439    0.000000   -0.000000    0.000000       -2.139317        1.000000   33.810885    7.795833    0.781501   16.349813
    0.725490    0.467439    0.000000   -0.000000    0.000000       -2.139317        1.000000   34.281664    7.905863    0.781501   16.349813
    0.735294    0.467439    0.000000   -0.000000    0.000000       -2.139318        1.000000   34.752443    8.015894    0.781501   16.349813
    0.745098    0.467439    0.000000   -0.000000    0.000000       -2.139318        1.000000   35.223222    8.125924    0.781501   16.349813
    0.754902    0.467439    0.000000   -0.000001    0.000000       -2.139318        1.000000   35.694002    8.235954    0.781501   16.349813
    0.764706    0.467439    0.000000   -0.000002    0.000000       -2.139319        1.000000   36.164781    8.345984    0.781501   16.349813
    0.774510    0.467439    0.000001   -0.000003    0.000000       -2.139321        1.000000   36.635560    8.456015    0.781501   16.349813
    0.784314    0.467438    0.000002   -0.000007    0.000000       -2.139326        1.000000   37.106339    8.566045    0.781501   16.349813
    0.794118    0.467438    0.000003   -0.000013    0.000000       -2.139333        1.000000   37.577117    8.676075    0.781501   16.349813
    0.803922    0.467437    0.000006   -0.000025    0.000000       -2.139349        1.000000   38.047895    8.786104    0.781501   16.349813
    0.813725    0.467436    0.000012   -0.000048    0.000000       -2.139378        1.000000   38.518671    8.896134    0.781501   16.349813
    0.823529    0.467433    0.000023   -0.000094    0.000000       -2.139436        1.000000   38.989445    9.006162    0.781501   16.349813
    0.833333    0.467428    0.000044   -0.000183    0.000000       -2.139549        1.000000   39.460213    9.116189    0.781501   16.349813
    0.843137    0.467418    0.000086   -0.000355    0.000000       -2.139767        1.000000   39.930972    9.226212    0.781501   16.349813
    0.852941    0.467399    0.000167   -0.000691    0.000000       -2.140192        1.000000   40.401711    9.336228    0.781501   16.349813
    0.862745    0.467361    0.000324   -0.001342    0.000000       -2.141017        1.000000   40.872411    9.446232    0.781501   16.349813
    0.872549    0.467287    0.000629   -0.002608    0.000000       -2.142620        1.000000   41.343037    9.556210    0.781501   16.349813
    0.882353    0.467144    0.001223   -0.005067    0.000000       -2.145733        1.000000   41.813520    9.666139    0.781501   16.349813
    0.892157    0.466866    0.002375   -0.009839    0.000000       -2.151777        1.000000   42.283722    9.775972    0.781501   16.349813
    0.901961    0.466325    0.004613   -0.019092    0.000000       -2.163495        1.000000   42.753379    9.885618    0.781501   16.349813
    0.911765    0.465276    0.008951   -0.036989    0.000000       -2.186164        1.000000   43.221980    9.994903    0.781501   16.349813
    0.921569    0.463242    0.017344   -0.071450    0.000000       -2.229825        1.000000   43.688533   10.103485    0.781501   16.349813
    0.931373    0.459307    0.033510   -0.137224    0.000000       -2.313197        1.000000   44.151121   10.210699    0.781501   16.349813
    0.941176    0.451726    0.064385   -0.260639    0.000000       -2.469782        1.000000   44.606076   10.315257    0.781501   16.349813
    0.950980    0.437255    0.122414   -0.484715    0.000000       -2.754598        1.000000   45.046455   10.414683    0.781501   16.349813
    0.960784    0.410112    0.228237   -0.866786    0.000000       -3.241911        1.000000   45.459498   10.504361    0.781501   16.349813
    0.970588    0.360996    0.411026   -1.446424    0.000000       -3.985820        1.000000   45.823073   10.576551    0.781501   16.349813
    0.980392    0.278096    0.699522   -2.161436    0.000000       -4.912822        1.000000   46.103157   10.621837    0.781501   16.349813
    0.990196    0.154279    1.098986   -2.781308    0.000000       -5.727259        1.000000   46.258539   10.638100    0.781501   16.349813
    1.000000    0.000000    1.570796   -3.026460    0.000000       -6.052920        1.000000   46.258539   10.639527    0.781501   16.349813
