           t           r         psi          cs          qs               p             sig           A           V          Q2           S
    0.000000    0.000000   -1.570796   -0.992089    0.000000       -1.984178        1.000000    0.000000    0.000000    0.055380    4.007105
    0.009804    0.039275   -1.531822   -0.992104    0.000000       -1.984199        1.000000    0.000000    0.000002    0.055380    4.007105
    0.019608    0.078491   -1.492846   -0.992150    0.000000       -1.984260        1.000000    0.019375    0.000030    0.055380    4.007105
    0.029412    0.117588   -1.453867   -0.992229    0.000000       -1.984364        1.000000    0.048400    0.000150    0.055380    4.007105
    0.039216    0.156506   -1.414885   -0.992342    0.000000       -1.984513        1.000000    0.087031    0.000471    0.055380    4.007105
    0.049020    0.195186   -1.375898   -0.992492    0.000000       -1.984711        1.000000    0.135210    0.001145    0.055380    4.007105
    0.058824    0.233569   -1.336904   -0.992684    0.000000       -1.984963        1.000000    0.192863    0.002362    0.055380    4.007105
    0.068627    0.271598   -1.297901   -0.992923    0.000000       -1.985275        1.000000    0.259904    0.004348    0.055380    4.007105
    0.078431    0.309213   -1.258888   -0.993216    0.000000       -1.985655        1.000000    0.336229    0.007361    0.055380    4.007105
    0.088235    0.346358   -1.219863   -0.993572    0.000000       -1.986112        1.000000    0.421723    0.011690    0.055380    4.007105
    0.098039    0.382976   -1.180822   -0.993999    0.000000       -1.986658        1.000000    0.516256    0.017649    0.055380    4.007105
    0.107843    0.419011   -1.141762   -0.994513    0.000000       -1.987308        1.000000    0.619683    0.025567    0.055380    4.007105
    0.117647    0.454408   -1.102681   -0.995127    0.000000       -1.988080        1.000000    0.731848    0.035794    0.055380    4.007105
    0.127451    0.489111   -1.063573   -0.995863    0.000000       -1.988995        1.000000    0.852579    0.048684    0.055380    4.007105
    0.137255    0.523068   -1.024433   -0.996745    0.000000       -1.990082        1.000000    0.981692    0.064598    0.055380    4.007105
    0.147059    0.556226   -0.985256   -0.997803    0.000000       -1.991374        1.000000    1.118989    0.083893    0.055380    4.007105
    0.156863    0.588533   -0.946032   -0.999078    0.000000       -1.992914        1.000000    1.264261    0.106918    0.055380    4.007105
    0.166667    0.619938   -0.906754   -1.000618    0.000000       -1.994758        1.000000    1.417284    0.134010    0.055380    4.007105
    0.176471    0.650392   -0.867409   -1.002489    0.000000       -1.996975        1.000000    1.577825    0.165486    0.055380    4.007105
    0.186275    0.679844   -0.827982   -1.004774    0.000000       -1.999654        1.000000    1.745636    0.201638    0.055380    4.007105
    0.196078    0.708248   -0.788456   -1.007580    0.000000       -2.002911        1.000000    1.920458    0.242731    0.055380    4.007105
    0.205882    0.735556   -0.748807   -1.011052    0.000000       -2.006899        1.000000    2.102020    0.288992    0.055380    4.007105
    0.215686    0.761721   -0.709006   -1.015381    0.000000       -2.011821        1.000000    2.290041    0.340613    0.055380    4.007105
    0.225490    0.786696   -0.669014   -1.020823    0.000000       -2.017947        1.000000    2.484227    0.397739    0.055380    4.007105
    0.235294    0.810436   -0.628780   -1.027730    0.000000       -2.025644        1.000000    2.684273    0.460473    0.055380    4.007105
    0.245098    0.832893   -0.588239   -1.036584    0.000000       -2.035416        1.000000    2.889862    0.528865    0.055380    4.007105
    0.254902    0.854018   -0.547301   -1.048055    0.000000       -2.047954        1.000000    3.100665    0.602916    0.055380    4.007105
    0.264706    0.873762   -0.505846   -1.063076    0.000000       -2.064223        1.000000    3.316342    0.682571    0.055380    4.007105
    0.274510    0.892071   -0.463711   -1.082948    0.000000       -2.085558        1.000000    3.536538    0.767719    0.055380    4.007105
    0.284314    0.908884   -0.420671   -1.109458    0.000000       -2.113783        1.000000    3.760885    0.858192    0.055380    4.007105
    0.294118    0.924132   -0.376423   -1.144936    0.000000       -2.151269        1.000000    3.988995    0.953759    0.055380    4.007105
    0.303922    0.937736   -0.330560   -1.192046    0.000000       -2.200710        1.000000    4.220463    1.054127    0.055380    4.007105
    0.313725    0.949599   -0.282585   -1.252600    0.000000       -2.263909        1.000000    4.454859    1.158929    0.055380    4.007105
    0.323529    0.959603   -0.231999   -1.323677    0.000000       -2.337855        1.000000    4.691725    1.267716    0.055380    4.007105
    0.333333    0.967620   -0.178657   -1.388106    0.000000       -2.405120        1.000000    4.930569    1.379932    0.055380    4.007105
    0.343137    0.973536   -0.123607   -1.400114    0.000000       -2.419460        1.000000    5.170874    1.494898    0.055380    4.007105
    0.352941    0.977324   -0.070273   -1.289275    0.000000       -2.309952        1.000000    5.412114    1.611808    0.055380    4.007105
    0.362745    0.979148   -0.024393   -1.023315    0.000000       -2.044308        1.000000    5.653804    1.729811    0.055380    4.007105
    0.372549    0.979405    0.009003   -0.672858    0.000000       -1.693845        1.000000    5.895557    1.848186    0.055380    4.007105
    0.382353    0.978619    0.028874   -0.350608    0.000000       -1.372029        1.000000    6.137117    1.966468    0.055380    4.007105
    0.392157    0.977281    0.037712   -0.114943    0.000000       -1.137462        1.000000    6.378346    2.084442    0.055380    4.007105
    0.401961    0.975755    0.039048    0.034077    0.000000       -0.989989        1.000000    6.619199    2.202045    0.055380    4.007105
    0.411765    0.974273    0.035888    0.117829    0.000000       -0.907916        1.000000    6.859685    2.319287    0.055380    4.007105
    0.421569    0.972967    0.030364    0.157541    0.000000       -0.869770        1.000000    7.099850    2.436210    0.055380    4.007105
    0.431373    0.971900    0.023880    0.168797    0.000000       -0.859823        1.000000    7.339751    2.552870    0.055380    4.007105
    0.441176    0.971091    0.017336    0.162040    0.000000       -0.867575        1.000000    7.579452    2.669322    0.055380    4.007105
    0.450980    0.970531    0.011294    0.144143    0.000000       -0.886155        1.000000    7.819015    2.785625    0.055380    4.007105
    0.460784    0.970193    0.006095    0.119699    0.000000       -0.911005        1.000000    8.058495    2.901827    0.055380    4.007105
    0.470588    0.970039    0.001933    0.091865    0.000000       -0.939020        1.000000    8.297936    3.017975    0.055380    4.007105
    0.480392    0.970026   -0.001108    0.062864    0.000000       -0.968036        1.000000    8.537374    3.134105    0.055380    4.007105
    0.490196    0.970111   -0.003012    0.034251    0.000000       -0.996554        1.000000    8.776834    3.250244    0.055380    4.007105
    0.500000    0.970248   -0.003817    0.007042    0.000000       -1.023615        1.000000    9.016327    3.366410    0.055380    4.007105
    0.509804    0.970397   -0.003590   -0.018261    0.000000       -1.048761        1.000000    9.255857    3.482611    0.055380    4.007105
    0.519608    0.970518   -0.002407   -0.041676    0.000000       -1.072051        1.000000    9.495417    3.598846    0.055380    4.007105
    0.529412    0.970575   -0.000333   -0.063761    0.000000       -1.094078        1.000000    9.734991    3.715103    0.055380    4.007105
    0.539216    0.970533    0.002599   -0.085603    0.000000       -1.115962        1.000000    9.974554    3.831362    0.055380    4.007105
    0.549020    0.970359    0.006410   -0.108766    0.000000       -1.139291        1.000000   10.214075    3.947595    0.055380    4.007105
    0.558824    0.970017    0.011187   -0.135151    0.000000       -1.165997        1.000000   10.453511    4.063764    0.055380    4.007105
    0.568627    0.969465    0.017097   -0.166802    0.000000       -1.198147        1.000000   10.692811    4.179819    0.055380    4.007105
    0.578431    0.968655    0.024386   -0.205608    0.000000       -1.237660        1.000000   10.931911    4.295700    0.055380    4.007105
    0.588235    0.967527    0.033365   -0.252962    0.000000       -1.285950        1.000000   11.170732    4.411327    0.055380    4.007105
    0.598039    0.966008    0.044381   -0.309389    0.000000       -1.343558        1.000000   11.409179    4.526600    0.055380    4.007105
    0.607843    0.964010    0.057785   -0.374253    0.000000       -1.409855        1.000000   11.647132    4.641394    0.055380    4.007105
    0.617647    0.961435    0.073873   -0.445668    0.000000       -1.482943        1.000000   11.884450    4.755548    0.055380    4.007105
    0.627451    0.958174    0.092849   -0.520700    0.000000       -1.559857        1.000000   12.120963    4.868864    0.055380    4.007105
    0.637255    0.954112    0.114786   -0.595875    0.000000       -1.637072        1.000000   12.356473    4.981105    0.055380    4.007105
    0.647059    0.949138    0.139624   -0.667827    0.000000       -1.711161        1.000000   12.590756    5.091988    0.055380    4.007105
    0.656863    0.943143    0.167180   -0.733877    0.000000       -1.779378        1.000000   12.823559    5.201195    0.055380    4.007105
    0.666667    0.936033    0.197186   -0.792346    0.000000       -1.839981        1.000000   13.054606    5.308372    0.055380    4.007105
    0.676471    0.927726    0.229327   -0.842574    0.000000       -1.892258        1.000000   13.283604    5.413145    0.055380    4.007105
    0.686275    0.918153    0.263281   -0.884713    0.000000       -1.936326        1.000000   13.510238    5.515127    0.055380    4.007105
    0.696078    0.907263    0.298743   -0.919450    0.000000       -1.972846        1.000000   13.734184    5.613931    0.055380    4.007105
    0.705882    0.895018    0.335439   -0.947734    0.000000       -2.002759        1.000000   13.955107    5.709183    0.055380    4.007105
    0.715686    0.881392    0.373136   -0.970582    0.000000       -2.027080        1.000000   14.172668    5.800528    0.055380    4.007105
    0.725490    0.866373    0.411639   -0.988958    0.000000       -2.046778        1.000000   14.386521    5.887642    0.055380    4.007105
    0.735294    0.849955    0.450791   -1.003714    0.000000       -2.062714        1.000000   14.596321    5.970239    0.055380    4.007105
    0.745098    0.832144    0.490464   -1.015566    0.000000       -2.075616        1.000000   14.801725    6.048076    0.055380    4.007105
    0.754902    0.812951    0.530555   -1.025103    0.000000       -2.086086        1.000000   15.002391    6.120958    0.055380    4.007105
    0.764706    0.792393    0.570983   -1.032800    0.000000       -2.094609        1.000000   15.197983    6.188742    0.055380    4.007105
    0.774510    0.770495    0.611683   -1.039034    0.000000       -2.101575        1.000000   15.388170    6.251338    0.055380    4.007105
    0.784314    0.747284    0.652605   -1.044102    0.000000       -2.107291        1.000000   15.572628    6.308707    0.055380    4.007105
    0.794118    0.722794    0.693707   -1.048239    0.000000       -2.112002        1.000000   15.751040    6.360868    0.055380    4.007105
    0.803922    0.697060    0.734956   -1.051631    0.000000       -2.115901        1.000000   15.923100    6.407890    0.055380    4.007105
    0.813725    0.670122    0.776327   -1.054423    0.000000       -2.119143        1.000000   16.088511    6.449892    0.055380    4.007105
    0.823529    0.642023    0.817797   -1.056729    0.000000       -2.121848        1.000000   16.246986    6.487040    0.055380    4.007105
    0.833333    0.612809    0.859349   -1.058642    0.000000       -2.124113        1.000000   16.398250    6.519545    0.055380    4.007105
    0.843137    0.582529    0.900971   -1.060233    0.000000       -2.126016        1.000000   16.542040    6.547653    0.055380    4.007105
    0.852941    0.551232    0.942649   -1.061561    0.000000       -2.127620        1.000000   16.678105    6.571647    0.055380    4.007105
    0.862745    0.518974    0.984375   -1.062671    0.000000       -2.128974        1.000000   16.806207    6.591836    0.055380    4.007105
    0.872549    0.485808    1.026142   -1.063600    0.000000       -2.130119        1.000000   16.926122    6.608550    0.055380    4.007105
    0.882353    0.451791    1.067941   -1.064380    0.000000       -2.131088        1.000000   17.037641    6.622137    0.055380    4.007105
    0.892157    0.416983    1.109769   -1.065033    0.000000       -2.131907        1.000000   17.140568    6.632950    0.055380    4.007105
    0.901961    0.381444    1.151620   -1.065581    0.000000       -2.132600        1.000000   17.234722    6.641349    0.055380    4.007105
    0.911765    0.345235    1.193491   -1.066038    0.000000       -2.133184        1.000000   17.319939    6.647684    0.055380    4.007105
    0.921569    0.308421    1.235379   -1.066419    0.000000       -2.133673        1.000000   17.396069    6.652299    0.055380    4.007105
    0.931373    0.271065    1.277280   -1.066733    0.000000       -2.134080        1.000000   17.462978    6.655518    0.055380    4.007105
    0.941176    0.233233    1.319192   -1.066990    0.000000       -2.134415        1.000000   17.520548    6.657642    0.055380    4.007105
    0.950980    0.194990    1.361113   -1.067196    0.000000       -2.134685        1.000000   17.568679    6.658946    0.055380    4.007105
    0.960784    0.156405    1.403042   -1.067358    0.000000       -2.134898        1.000000   17.607286    6.659670    0.055380    4.007105
    0.970588    0.117545    1.444976   -1.067479    0.000000       -2.135059        1.000000   17.636300    6.660016    0.055380    4.007105
    0.980392    0.078479    1.486914   -1.067563    0.000000       -2.135171        1.000000   17.655671    6.660145    0.055380    4.007105
    0.990196    0.039274    1.528854   -1.067613    0.000000       -2.135237        1.000000   17.665366    6.660174    0.055380    4.007105
    1.000000    0.000000    1.570796   -1.067629    0.000000       -2.135259        1.000000   17.665366    6.660176    0.055380    4.007105
