           t           r         psi          cs          qs               p             sig           A           V          Q2           S
    0.000000    0.000000   -1.570796   -0.994689    0.000000       -1.989379        1.000000    0.000000   -0.000000    0.023817    5.872701
    0.009804    0.057544   -1.513526   -0.994698    0.000000       -1.989391        1.000000    0.000000    0.000009    0.023817    5.872701
    0.019608    0.114899   -1.456255   -0.994725    0.000000       -1.989426        1.000000    0.041566    0.000137    0.023817    5.872701
    0.029412    0.171878   -1.398982   -0.994772    0.000000       -1.989489        1.000000    0.103744    0.000689    0.023817    5.872701
    0.039216    0.228293   -1.341706   -0.994842    0.000000       -1.989580        1.000000    0.186331    0.002160    0.023817    5.872701
    0.049020    0.283959   -1.284425   -0.994939    0.000000       -1.989706        1.000000    0.289055    0.005221    0.023817    5.872701
    0.058824    0.338694   -1.227137   -0.995068    0.000000       -1.989873        1.000000    0.411580    0.010697    0.023817    5.872701
    0.068627    0.392318   -1.169841   -0.995239    0.000000       -1.990091        1.000000    0.553504    0.019538    0.023817    5.872701
    0.078431    0.444654   -1.112533   -0.995463    0.000000       -1.990373        1.000000    0.714361    0.032789    0.023817    5.872701
    0.088235    0.495531   -1.055211   -0.995754    0.000000       -1.990735        1.000000    0.893623    0.051555    0.023817    5.872701
    0.098039    0.544781   -0.997870   -0.996135    0.000000       -1.991203        1.000000    1.090702    0.076962    0.023817    5.872701
    0.107843    0.592241   -0.940503   -0.996637    0.000000       -1.991809        1.000000    1.304949    0.110120    0.023817    5.872701
    0.117647    0.637755   -0.883103   -0.997303    0.000000       -1.992602        1.000000    1.535662    0.152085    0.023817    5.872701
    0.127451    0.681170   -0.825658   -0.998198    0.000000       -1.993651        1.000000    1.782080    0.203818    0.023817    5.872701
    0.137255    0.722343   -0.768153   -0.999417    0.000000       -1.995059        1.000000    2.043393    0.266155    0.023817    5.872701
    0.147059    0.761133   -0.710565   -1.001107    0.000000       -1.996982        1.000000    2.318739    0.339767    0.023817    5.872701
    0.156863    0.797408   -0.652861   -1.003502    0.000000       -1.999666        1.000000    2.607207    0.425138    0.023817    5.872701
    0.166667    0.831041   -0.594990   -1.006982    0.000000       -2.003507        1.000000    2.907843    0.522542    0.023817    5.872701
    0.176471    0.861910   -0.536873   -1.012192    0.000000       -2.009178        1.000000    3.219645    0.632019    0.023817    5.872701
    0.186275    0.889896   -0.478381   -1.020283    0.000000       -2.017862        1.000000    3.541572    0.753371    0.023817    5.872701
    0.196078    0.914879   -0.419291   -1.033404    0.000000       -2.031763        1.000000    3.872536    0.886150    0.023817    5.872701
    0.205882    0.936731   -0.359208   -1.055796    0.000000       -2.055204        1.000000    4.211406    1.029661    0.023817    5.872701
    0.215686    0.955302   -0.297375   -1.096202    0.000000       -2.097046        1.000000    4.556993    1.182965    0.023817    5.872701
    0.225490    0.970390   -0.232303   -1.172228    0.000000       -2.175061        1.000000    4.908039    1.344874    0.023817    5.872701
    0.235294    0.981680   -0.161246   -1.305884    0.000000       -2.311331        1.000000    5.263169    1.513927    0.023817    5.872701
    0.245098    0.988702   -0.082322   -1.399073    0.000000       -2.407075        1.000000    5.620840    1.688268    0.023817    5.872701
    0.254902    0.991263   -0.010999   -0.955872    0.000000       -1.964625        1.000000    5.979437    1.865450    0.023817    5.872701
    0.264706    0.990740    0.022161   -0.238576    0.000000       -1.247675        1.000000    6.337844    2.043130    0.023817    5.872701
    0.274510    0.989305    0.024540    0.093596    0.000000       -0.916910        1.000000    6.695733    2.220365    0.023817    5.872701
    0.284314    0.988111    0.016246    0.168746    0.000000       -0.843152        1.000000    7.053189    2.397129    0.023817    5.872701
    0.294118    0.987450    0.006927    0.146049    0.000000       -0.866636        1.000000    7.410407    2.573586    0.023817    5.872701
    0.303922    0.987266   -0.000004    0.092648    0.000000       -0.920250        1.000000    7.767558    2.749907    0.023817    5.872701
    0.313725    0.987388   -0.003724    0.037881    0.000000       -0.974884        1.000000    8.124753    2.926224    0.023817    5.872701
    0.323529    0.987640   -0.004630   -0.003414    0.000000       -1.015918        1.000000    8.482039    3.102611    0.023817    5.872701
    0.333333    0.987886   -0.003710   -0.025198    0.000000       -1.037453        1.000000    8.839415    3.279090    0.023817    5.872701
    0.343137    0.988054   -0.002075   -0.029083    0.000000       -1.041171        1.000000    9.196851    3.455645    0.023817    5.872701
    0.352941    0.988128   -0.000576   -0.021821    0.000000       -1.033836        1.000000    9.554314    3.632244    0.023817    5.872701
    0.362745    0.988131    0.000372   -0.011057    0.000000       -1.023068        1.000000    9.911778    3.808856    0.023817    5.872701
    0.372549    0.988097    0.000733   -0.002040    0.000000       -1.014086        1.000000   10.269229    3.985461    0.023817    5.872701
    0.382353    0.988055    0.000682    0.003167    0.000000       -1.008923        1.000000   10.626665    4.162051    0.023817    5.872701
    0.392157    0.988022    0.000438    0.004793    0.000000       -1.007330        1.000000   10.984090    4.338628    0.023817    5.872701
    0.401961    0.988005    0.000174    0.004099    0.000000       -1.008042        1.000000   11.341508    4.515196    0.023817    5.872701
    0.411765    0.988001   -0.000016    0.002446    0.000000       -1.009699        1.000000   11.698925    4.691761    0.023817    5.872701
    0.421569    0.988005   -0.000108    0.000825    0.000000       -1.011316        1.000000   12.056343    4.868325    0.023817    5.872701
    0.431373    0.988011   -0.000121   -0.000268    0.000000       -1.012402        1.000000   12.413763    5.044892    0.023817    5.872701
    0.441176    0.988018   -0.000090   -0.000743    0.000000       -1.012871        1.000000   12.771186    5.221461    0.023817    5.872701
    0.450980    0.988022   -0.000045   -0.000751    0.000000       -1.012875        1.000000   13.128611    5.398032    0.023817    5.872701
    0.460784    0.988023   -0.000008   -0.000516    0.000000       -1.012639        1.000000   13.486035    5.574603    0.023817    5.872701
    0.470588    0.988023    0.000014   -0.000232    0.000000       -1.012355        1.000000   13.843460    5.751175    0.023817    5.872701
    0.480392    0.988022    0.000020   -0.000013    0.000000       -1.012137        1.000000   14.200884    5.927747    0.023817    5.872701
    0.490196    0.988021    0.000017    0.000103    0.000000       -1.012022        1.000000   14.558308    6.104318    0.023817    5.872701
    0.500000    0.988020    0.000010    0.000130    0.000000       -1.011996        1.000000   14.915732    6.280889    0.023817    5.872701
    0.509804    0.988019    0.000003    0.000102    0.000000       -1.012024        1.000000   15.273155    6.457460    0.023817    5.872701
    0.519608    0.988019   -0.000001    0.000055    0.000000       -1.012071        1.000000   15.630579    6.634031    0.023817    5.872701
    0.529412    0.988019   -0.000003    0.000014    0.000000       -1.012112        1.000000   15.988002    6.810601    0.023817    5.872701
    0.539216    0.988020   -0.000003   -0.000013    0.000000       -1.012139        1.000000   16.345426    6.987172    0.023817    5.872701
    0.549020    0.988020   -0.000002   -0.000024    0.000000       -1.012149        1.000000   16.702850    7.163743    0.023817    5.872701
    0.558824    0.988020   -0.000001   -0.000025    0.000000       -1.012150        1.000000   17.060273    7.340314    0.023817    5.872701
    0.568627    0.988020    0.000001   -0.000023    0.000000       -1.012148        1.000000   17.417697    7.516885    0.023817    5.872701
    0.578431    0.988020    0.000002   -0.000025    0.000000       -1.012150        1.000000   17.775120    7.693455    0.023817    5.872701
    0.588235    0.988020    0.000004   -0.000039    0.000000       -1.012164        1.000000   18.132544    7.870026    0.023817    5.872701
    0.598039    0.988019    0.000007   -0.000074    0.000000       -1.012200        1.000000   18.489967    8.046597    0.023817    5.872701
    0.607843    0.988019    0.000013   -0.000147    0.000000       -1.012273        1.000000   18.847391    8.223167    0.023817    5.872701
    0.617647    0.988018    0.000025   -0.000291    0.000000       -1.012419        1.000000   19.204814    8.399738    0.023817    5.872701
    0.627451    0.988016    0.000049   -0.000573    0.000000       -1.012702        1.000000   19.562236    8.576307    0.023817    5.872701
    0.637255    0.988012    0.000096   -0.001120    0.000000       -1.013254        1.000000   19.919656    8.752876    0.023817    5.872701
    0.647059    0.988004    0.000188   -0.002188    0.000000       -1.014330        1.000000   20.277074    8.929443    0.023817    5.872701
    0.656863    0.987988    0.000367   -0.004266    0.000000       -1.016424        1.000000   20.634486    9.106005    0.023817    5.872701
    0.666667    0.987958    0.000716   -0.008300    0.000000       -1.020489        1.000000   20.991888    9.282560    0.023817    5.872701
    0.676471    0.987900    0.001394   -0.016085    0.000000       -1.028333        1.000000   21.349268    9.459099    0.023817    5.872701
    0.686275    0.987786    0.002703   -0.030932    0.000000       -1.043293        1.000000   21.706607    9.635609    0.023817    5.872701
    0.696078    0.987566    0.005200   -0.058620    0.000000       -1.071197        1.000000   22.063866    9.812059    0.023817    5.872701
    0.705882    0.987146    0.009870   -0.108169    0.000000       -1.121141        1.000000   22.420974    9.988396    0.023817    5.872701
    0.715686    0.986358    0.018290   -0.190645    0.000000       -1.204307        1.000000   22.777796   10.164511    0.023817    5.872701
    0.725490    0.984927    0.032595   -0.312755    0.000000       -1.327519        1.000000   23.134101   10.340202    0.023817    5.872701
    0.735294    0.982451    0.054911   -0.465754    0.000000       -1.482082        1.000000   23.489510   10.515101    0.023817    5.872701
    0.745098    0.978433    0.086303   -0.622688    0.000000       -1.640927        1.000000   23.843465   10.688596    0.023817    5.872701
    0.754902    0.972365    0.126131   -0.755141    0.000000       -1.775391        1.000000   24.195226   10.859783    0.023817    5.872701
    0.764706    0.963826    0.172549   -0.851209    0.000000       -1.873333        1.000000   24.543897   11.027493    0.023817    5.872701
    0.774510    0.952517    0.223521   -0.914712    0.000000       -1.938445        1.000000   24.888477   11.190390    0.023817    5.872701
    0.784314    0.938258    0.277434   -0.954964    0.000000       -1.980014        1.000000   25.227899   11.347087    0.023817    5.872701
    0.794118    0.920960    0.333201   -0.980273    0.000000       -2.006376        1.000000   25.561063   11.496249    0.023817    5.872701
    0.803922    0.900595    0.390138   -0.996356    0.000000       -2.023296        1.000000   25.886860   11.636665    0.023817    5.872701
    0.813725    0.877177    0.447825   -1.006780    0.000000       -2.034384        1.000000   26.204186   11.767300    0.023817    5.872701
    0.823529    0.850753    0.506003   -1.013691    0.000000       -2.041826        1.000000   26.511952   11.887331    0.023817    5.872701
    0.833333    0.821391    0.564510   -1.018381    0.000000       -2.046942        1.000000   26.809096   11.996167    0.023817    5.872701
    0.843137    0.789179    0.623243   -1.021633    0.000000       -2.050538        1.000000   27.094588   12.093462    0.023817    5.872701
    0.852941    0.754217    0.682134   -1.023934    0.000000       -2.053119        1.000000   27.367432   12.179120    0.023817    5.872701
    0.862745    0.716622    0.741138   -1.025592    0.000000       -2.055006        1.000000   27.626675   12.253285    0.023817    5.872701
    0.872549    0.676520    0.800223   -1.026805    0.000000       -2.056408        1.000000   27.871411   12.316330    0.023817    5.872701
    0.882353    0.634047    0.859369   -1.027705    0.000000       -2.057463        1.000000   28.100783   12.368837    0.023817    5.872701
    0.892157    0.589351    0.918560   -1.028381    0.000000       -2.058268        1.000000   28.313985   12.411566    0.023817    5.872701
    0.901961    0.542586    0.977785   -1.028893    0.000000       -2.058886        1.000000   28.510269   12.445427    0.023817    5.872701
    0.911765    0.493916    1.037036   -1.029284    0.000000       -2.059365        1.000000   28.688947   12.471440    0.023817    5.872701
    0.921569    0.443511    1.096307   -1.029584    0.000000       -2.059738        1.000000   28.849391   12.490699    0.023817    5.872701
    0.931373    0.391546    1.155592   -1.029814    0.000000       -2.060028        1.000000   28.991036   12.504327    0.023817    5.872701
    0.941176    0.338205    1.214890   -1.029990    0.000000       -2.060253        1.000000   29.113384   12.513435    0.023817    5.872701
    0.950980    0.283675    1.274196   -1.030125    0.000000       -2.060426        1.000000   29.216005   12.519086    0.023817    5.872701
    0.960784    0.228147    1.333509   -1.030225    0.000000       -2.060557        1.000000   29.298539   12.522249    0.023817    5.872701
    0.970588    0.171816    1.392827   -1.030297    0.000000       -2.060651        1.000000   29.360695   12.523770    0.023817    5.872701
    0.980392    0.114881    1.452148   -1.030345    0.000000       -2.060716        1.000000   29.402254   12.524341    0.023817    5.872701
    0.990196    0.057542    1.511472   -1.030373    0.000000       -2.060753        1.000000   29.423070   12.524474    0.023817    5.872701
    1.000000    0.000000    1.570796   -1.030383    0.000000       -2.060765        1.000000   29.423070   12.524483    0.023817    5.872701
