           t           r         psi          cs          qs               p             sig           A           V          Q2           S
    0.000000   -0.000000   -1.570796   -2.532874    0.000000       -5.065747        1.000000    0.000000    0.000000    0.930613   44.667383
    0.009804    0.301135   -0.071265   -2.805905    0.000000       -6.118242        1.000000    0.000000    0.048538    0.930613   44.667383
    0.019608    0.254858    0.027184    0.657880    0.000000       -3.264425        1.000000    0.701243    0.154967    0.930613   44.667383
    0.029412    0.265093   -0.009647   -0.160190    0.000000       -3.932272        1.000000    1.430648    0.247400    0.930613   44.667383
    0.039216    0.263097    0.002933    0.037408    0.000000       -3.763462        1.000000    2.154559    0.343599    0.930613   44.667383
    0.049020    0.263468   -0.000838   -0.008577    0.000000       -3.804101        1.000000    2.879493    0.438879    0.930613   44.667383
    0.058824    0.263407    0.000228    0.001913    0.000000       -3.794492        1.000000    3.604259    0.534381    0.930613   44.667383
    0.068627    0.263415   -0.000060   -0.000415    0.000000       -3.796709        1.000000    4.329045    0.629831    0.930613   44.667383
    0.078431    0.263415    0.000015    0.000087    0.000000       -3.796210        1.000000    5.053832    0.725292    0.930613   44.667383
    0.088235    0.263414   -0.000004   -0.000017    0.000000       -3.796319        1.000000    5.778617    0.820751    0.930613   44.667383
    0.098039    0.263414    0.000001    0.000003    0.000000       -3.796296        1.000000    6.503403    0.916211    0.930613   44.667383
    0.107843    0.263414   -0.000000   -0.000001    0.000000       -3.796301        1.000000    7.228189    1.011670    0.930613   44.667383
    0.117647    0.263414    0.000000    0.000000    0.000000       -3.796300        1.000000    7.952975    1.107130    0.930613   44.667383
    0.127451    0.263414   -0.000000   -0.000000    0.000000       -3.796300        1.000000    8.677761    1.202589    0.930613   44.667383
    0.137255    0.263414    0.000000   -0.000000    0.000000       -3.796300        1.000000    9.402547    1.298049    0.930613   44.667383
    0.147059    0.263414   -0.000000    0.000000    0.000000       -3.796300        1.000000   10.127332    1.393508    0.930613   44.667383
    0.156863    0.263414    0.000000   -0.000000    0.000000       -3.796300        1.000000   10.852118    1.488968    0.930613   44.667383
    0.166667    0.263414   -0.000000    0.000000    0.000000       -3.796300        1.000000   11.576904    1.584427    0.930613   44.667383
    0.176471    0.263414    0.000000   -0.000000    0.000000       -3.796300        1.000000   12.301690    1.679887    0.930613   44.667383
    0.186275    0.263414   -0.000000    0.000000    0.000000       -3.796300        1.000000   13.026476    1.775346    0.930613   44.667383
    0.196078    0.263414    0.000000   -0.000000    0.000000       -3.796300        1.000000   13.751262    1.870806    0.930613   44.667383
    0.205882    0.263414    0.000000    0.000000    0.000000       -3.796300        1.000000   14.476047    1.966265    0.930613   44.667383
    0.215686    0.263414   -0.000000   -0.000000    0.000000       -3.796300        1.000000   15.200833    2.061725    0.930613   44.667383
    0.225490    0.263414    0.000000    0.000000    0.000000       -3.796300        1.000000   15.925619    2.157184    0.930613   44.667383
    0.235294    0.263414   -0.000000   -0.000000    0.000000       -3.796300        1.000000   16.650405    2.252644    0.930613   44.667383
    0.245098    0.263414    0.000000    0.000000    0.000000       -3.796300        1.000000   17.375191    2.348103    0.930613   44.667383
    0.254902    0.263414   -0.000000   -0.000000    0.000000       -3.796300        1.000000   18.099976    2.443563    0.930613   44.667383
    0.264706    0.263414   -0.000000    0.000000    0.000000       -3.796300        1.000000   18.824762    2.539022    0.930613   44.667383
    0.274510    0.263414    0.000000    0.000000    0.000000       -3.796300        1.000000   19.549548    2.634482    0.930613   44.667383
    0.284314    0.263414    0.000000   -0.000000    0.000000       -3.796300        1.000000   20.274334    2.729941    0.930613   44.667383
    0.294118    0.263414   -0.000000    0.000000    0.000000       -3.796300        1.000000   20.999120    2.825401    0.930613   44.667383
    0.303922    0.263414   -0.000000   -0.000000    0.000000       -3.796300        1.000000   21.723906    2.920860    0.930613   44.667383
    0.313725    0.263414    0.000000    0.000000    0.000000       -3.796300        1.000000   22.448691    3.016320    0.930613   44.667383
    0.323529    0.263414    0.000000   -0.000000    0.000000       -3.796300        1.000000   23.173477    3.111779    0.930613   44.667383
    0.333333    0.263414   -0.000000    0.000000    0.000000       -3.796300        1.000000   23.898263    3.207239    0.930613   44.667383
    0.343137    0.263414   -0.000000   -0.000000    0.000000       -3.796300        1.000000   24.623049    3.302698    0.930613   44.667383
    0.352941    0.263414   -0.000000    0.000000    0.000000       -3.796300        1.000000   25.347835    3.398158    0.930613   44.667383
    0.362745    0.263414   -0.000000    0.000000    0.000000       -3.796300        1.000000   26.072620    3.493617    0.930613   44.667383
    0.372549    0.263414   -0.000000   -0.000000    0.000000       -3.796300        1.000000   26.797406    3.589077    0.930613   44.667383
    0.382353    0.263414    0.000000   -0.000000    0.000000       -3.796300        1.000000   27.522192    3.684536    0.930613   44.667383
    0.392157    0.263414    0.000000   -0.000000    0.000000       -3.796300        1.000000   28.246978    3.779996    0.930613   44.667383
    0.401961    0.263414    0.000000   -0.000000    0.000000       -3.796300        1.000000   28.971764    3.875455    0.930613   44.667383
    0.411765    0.263414   -0.000000    0.000000    0.000000       -3.796300        1.000000   29.696550    3.970915    0.930613   44.667383
    0.421569    0.263414    0.000000   -0.000000    0.000000       -3.796300        1.000000   30.421335    4.066374    0.930613   44.667383
    0.431373    0.263414   -0.000000    0.000000    0.000000       -3.796300        1.000000   31.146121    4.161834    0.930613   44.667383
    0.441176    0.263414   -0.000000   -0.000000    0.000000       -3.796300        1.000000   31.870907    4.257293    0.930613   44.667383
    0.450980    0.263414    0.000000   -0.000000    0.000000       -3.796300        1.000000   32.595693    4.352753    0.930613   44.667383
    0.460784    0.263414   -0.000000    0.000000    0.000000       -3.796300        1.000000   33.320479    4.448213    0.930613   44.667383
    0.470588    0.263414   -0.000000    0.000000    0.000000       -3.796300        1.000000   34.045264    4.543672    0.930613   44.667383
    0.480392    0.263414   -0.000000    0.000000    0.000000       -3.796300        1.000000   34.770050    4.639132    0.930613   44.667383
    0.490196    0.263414    0.000000   -0.000000    0.000000       -3.796300        1.000000   35.494836    4.734591    0.930613   44.667383
    0.500000    0.263414   -0.000000    0.000000    0.000000       -3.796300        1.000000   36.219622    4.830051    0.930613   44.667383
    0.509804    0.263414    0.000000   -0.000000    0.000000       -3.796300        1.000000   36.944408    4.925510    0.930613   44.667383
    0.519608    0.263414    0.000000    0.000000    0.000000       -3.796300        1.000000   37.669194    5.020970    0.930613   44.667383
    0.529412    0.263414   -0.000000   -0.000000    0.000000       -3.796300        1.000000   38.393979    5.116429    0.930613   44.667383
    0.539216    0.263414   -0.000000    0.000000    0.000000       -3.796300        1.000000   39.118765    5.211889    0.930613   44.667383
    0.549020    0.263414   -0.000000   -0.000000    0.000000       -3.796300        1.000000   39.843551    5.307348    0.930613   44.667383
    0.558824    0.263414   -0.000000   -0.000000    0.000000       -3.796300        1.000000   40.568337    5.402808    0.930613   44.667383
    0.568627    0.263414   -0.000000    0.000000    0.000000       -3.796300        1.000000   41.293123    5.498267    0.930613   44.667383
    0.578431    0.263414   -0.000000    0.000000    0.000000       -3.796300        1.000000   42.017908    5.593727    0.930613   44.667383
    0.588235    0.263414   -0.000000   -0.000000    0.000000       -3.796300        1.000000   42.742694    5.689186    0.930613   44.667383
    0.598039    0.263414   -0.000000   -0.000000    0.000000       -3.796300        1.000000   43.467480    5.784646    0.930613   44.667383
    0.607843    0.263414   -0.000000   -0.000000    0.000000       -3.796300        1.000000   44.192266    5.880105    0.930613   44.667383
    0.617647    0.263414   -0.000000   -0.000000    0.000000       -3.796300        1.000000   44.917052    5.975565    0.930613   44.667383
    0.627451    0.263414   -0.000000   -0.000000    0.000000       -3.796300        1.000000   45.641838    6.071024    0.930613   44.667383
    0.637255    0.263414   -0.000000   -0.000000    0.000000       -3.796300        1.000000   46.366623    6.166484    0.930613   44.667383
    0.647059    0.263414   -0.000000   -0.000000    0.000000       -3.796300        1.000000   47.091409    6.261943    0.930613   44.667383
    0.656863    0.263414   -0.000000   -0.000000    0.000000       -3.796300        1.000000   47.816195    6.357403    0.930613   44.667383
    0.666667    0.263414   -0.000000   -0.000000    0.000000       -3.796300        1.000000   48.540981    6.452862    0.930613   44.667383
    0.676471    0.263414   -0.000000   -0.000000    0.000000       -3.796300        1.000000   49.265767    6.548322    0.930613   44.667383
    0.686275    0.263414   -0.000000   -0.000000    0.000000       -3.796300        1.000000   49.990553    6.643781    0.930613   44.667383
    0.696078    0.263414   -0.000000   -0.000000    0.000000       -3.796300        1.000000   50.715338    6.739241    0.930613   44.667383
    0.705882    0.263414   -0.000000   -0.000000    0.000000       -3.796300        1.000000   51.440124    6.834700    0.930613   44.667383
    0.715686    0.263414   -0.000000   -0.000000    0.000000       -3.796300        1.000000   52.164910    6.930160    0.930613   44.667383
    0.725490    0.263414   -0.000000   -0.000000    0.000000       -3.796300        1.000000   52.889696    7.025619    0.930613   44.667383
    0.735294    0.263414   -0.000000   -0.000000    0.000000       -3.796300        1.000000   53.614482    7.121079    0.930613   44.667383
    0.745098    0.263414   -0.000000   -0.000000    0.000000       -3.796300        1.000000   54.339267    7.216538    0.930613   44.667383
    0.754902    0.263414   -0.000000   -0.000000    0.000000       -3.796300        1.000000   55.064053    7.311998    0.930613   44.667383
    0.764706    0.263414   -0.000000   -0.000000    0.000000       -3.796300        1.000000   55.788839    7.407457    0.930613   44.667383
    0.774510    0.263414   -0.000000   -0.000000    0.000000       -3.796300        1.000000   56.513625    7.502917    0.930613   44.667383
    0.784314    0.263414   -0.000000   -0.000000    0.000000       -3.796300        1.000000   57.238411    7.598376    0.930613   44.667383
    0.794118    0.263414   -0.000000   -0.000000    0.000000       -3.796300        1.000000   57.963197    7.693836    0.930613   44.667383
    0.803922    0.263414   -0.000000   -0.000000    0.000000       -3.796300        1.000000   58.687982    7.789295    0.930613   44.667383
    0.813725    0.263414   -0.000000   -0.000000    0.000000       -3.796300        1.000000   59.412768    7.884755    0.930613   44.667383
    0.823529    0.263414   -0.000000   -0.000000    0.000000       -3.796300        1.000000   60.137554    7.980214    0.930613   44.667383
    0.833333    0.263414   -0.000000   -0.000000    0.000000       -3.796300        1.000000   60.862340    8.075674    0.930613   44.667383
    0.843137    0.263414   -0.000000   -0.000000    0.000000       -3.796300        1.000000   61.587126    8.171133    0.930613   44.667383
    0.852941    0.263414   -0.000000   -0.000000    0.000000       -3.796300        1.000000   62.311911    8.266593    0.930613   44.667383
    0.862745    0.263414   -0.000000   -0.000000    0.000000       -3.796300        1.000000   63.036697    8.362052    0.930613   44.667383
    0.872549    0.263414   -0.000000   -0.000000    0.000000       -3.796300        1.000000   63.761483    8.457512    0.930613   44.667383
    0.882353    0.263414    0.000000   -0.000000    0.000000       -3.796300        1.000000   64.486269    8.552971    0.930613   44.667383
    0.892157    0.263414    0.000000   -0.000000    0.000000       -3.796300        1.000000   65.211055    8.648431    0.930613   44.667383
    0.901961    0.263414    0.000000   -0.000000    0.000000       -3.796300        1.000000   65.935841    8.743890    0.930613   44.667383
    0.911765    0.263414    0.000000   -0.000000    0.000000       -3.796300        1.000000   66.660626    8.839350    0.930613   44.667383
    0.921569    0.263414    0.000000   -0.000000    0.000000       -3.796300        1.000000   67.385412    8.934809    0.930613   44.667383
    0.931373    0.263414    0.000000   -0.000000    0.000000       -3.796300        1.000000   68.110198    9.030269    0.930613   44.667383
    0.941176    0.263414    0.000000   -0.000001    0.000000       -3.796301        1.000000   68.834984    9.125728    0.930613   44.667383
    0.950980    0.263414    0.000002   -0.000010    0.000000       -3.796313        1.000000   69.559769    9.221188    0.930613   44.667383
    0.960784    0.263410    0.000027   -0.000174    0.000000       -3.796532        1.000000   70.284544    9.316646    0.930613   44.667383
    0.970588    0.263343    0.000467   -0.003062    0.000000       -3.800390        1.000000   71.009133    9.412089    0.930613   44.667383
    0.980392    0.262158    0.008229   -0.053849    0.000000       -3.868217        1.000000   71.730461    9.507249    0.930613   44.667383
    0.990196    0.241543    0.141655   -0.904080    0.000000       -5.002655        1.000000   72.395069    9.597427    0.930613   44.667383
    1.000000    0.000000    1.570796   -5.684639    0.000000      -11.369277        1.000000   72.395069    9.634217    0.930613   44.667383
