           t           r         psi          cs          qs               p             sig           A           V          Q2           S
    0.000000    0.000000   -1.570796   -0.993067    0.000000       -1.986134        1.000000    0.000000   -0.000000    0.134275    5.376762
    0.009804    0.052689   -1.518446   -0.993189    0.000000       -1.986297        1.000000    0.000000    0.000006    0.134275    5.376762
    0.019608    0.105234   -1.466083   -0.993562    0.000000       -1.986793        1.000000    0.034854    0.000096    0.134275    5.376762
    0.029412    0.157491   -1.413694   -0.994205    0.000000       -1.987645        1.000000    0.087016    0.000484    0.134275    5.376762
    0.039216    0.209315   -1.361262   -0.995148    0.000000       -1.988887        1.000000    0.156343    0.001520    0.134275    5.376762
    0.049020    0.260564   -1.308772   -0.996438    0.000000       -1.990575        1.000000    0.242644    0.003681    0.134275    5.376762
    0.058824    0.311096   -1.256204   -0.998136    0.000000       -1.992778        1.000000    0.345681    0.007560    0.134275    5.376762
    0.068627    0.360770   -1.203533   -1.000326    0.000000       -1.995593        1.000000    0.465171    0.013845    0.134275    5.376762
    0.078431    0.409446   -1.150732   -1.003117    0.000000       -1.999144        1.000000    0.600783    0.023306    0.134275    5.376762
    0.088235    0.456985   -1.097765   -1.006653    0.000000       -2.003594        1.000000    0.752140    0.036773    0.134275    5.376762
    0.098039    0.503250   -1.044588   -1.011125    0.000000       -2.009155        1.000000    0.918820    0.055110    0.134275    5.376762
    0.107843    0.548104   -0.991145   -1.016782    0.000000       -2.016105        1.000000    1.100356    0.079195    0.134275    5.376762
    0.117647    0.591410   -0.937365   -1.023957    0.000000       -2.024809        1.000000    1.296236    0.109894    0.134275    5.376762
    0.127451    0.633032   -0.883158   -1.033097    0.000000       -2.035754        1.000000    1.505901    0.148033    0.134275    5.376762
    0.137255    0.672832   -0.828404   -1.044796    0.000000       -2.049583        1.000000    1.728748    0.194378    0.134275    5.376762
    0.147059    0.710668   -0.772949   -1.059857    0.000000       -2.067154        1.000000    1.964127    0.249609    0.134275    5.376762
    0.156863    0.746396   -0.716589   -1.079349    0.000000       -2.089604        1.000000    2.211339    0.314293    0.134275    5.376762
    0.166667    0.779862   -0.659055   -1.104682    0.000000       -2.118415        1.000000    2.469635    0.388865    0.134275    5.376762
    0.176471    0.810899   -0.599993   -1.137633    0.000000       -2.155441        1.000000    2.738211    0.473606    0.134275    5.376762
    0.186275    0.839325   -0.538948   -1.180240    0.000000       -2.202787        1.000000    3.016202    0.568615    0.134275    5.376762
    0.196078    0.864934   -0.475362   -1.234265    0.000000       -2.262236        1.000000    3.302675    0.673783    0.134275    5.376762
    0.205882    0.887491   -0.408622   -1.299577    0.000000       -2.333581        1.000000    3.596619    0.788762    0.134275    5.376762
    0.215686    0.906733   -0.338250   -1.370264    0.000000       -2.410632        1.000000    3.896936    0.912912    0.134275    5.376762
    0.225490    0.922387   -0.264384   -1.427444    0.000000       -2.473917        1.000000    4.202438    1.045247    0.134275    5.376762
    0.235294    0.934224   -0.188672   -1.432123    0.000000       -2.483534        1.000000    4.511860    1.184380    0.134275    5.376762
    0.245098    0.942179   -0.115231   -1.333523    0.000000       -2.387854        1.000000    4.823918    1.328547    0.134275    5.376762
    0.254902    0.946485   -0.050342   -1.108919    0.000000       -2.164121        1.000000    5.137401    1.475796    0.134275    5.376762
    0.264706    0.947735    0.000189   -0.800974    0.000000       -1.856121        1.000000    5.451298    1.624358    0.134275    5.376762
    0.274510    0.946760    0.034071   -0.490249    0.000000       -1.545869        1.000000    5.764873    1.772965    0.134275    5.376762
    0.284314    0.944410    0.052878   -0.235072    0.000000       -1.292453        1.000000    6.077669    1.920913    0.134275    5.376762
    0.294118    0.941391    0.060139   -0.052228    0.000000       -1.112566        1.000000    6.389465    2.067913    0.134275    5.376762
    0.303922    0.938212    0.059514    0.066494    0.000000       -0.997477        1.000000    6.700208    2.213912    0.134275    5.376762
    0.313725    0.935206    0.053985    0.136427    0.000000       -0.931299        1.000000    7.009955    2.358973    0.134275    5.376762
    0.323529    0.932570    0.045738    0.171690    0.000000       -0.899494        1.000000    7.318830    2.503211    0.134275    5.376762
    0.333333    0.930406    0.036301    0.183098    0.000000       -0.890993        1.000000    7.626987    2.646766    0.134275    5.376762
    0.343137    0.928747    0.026716    0.178436    0.000000       -0.897899        1.000000    7.934595    2.789782    0.134275    5.376762
    0.352941    0.927580    0.017674    0.163242    0.000000       -0.914664        1.000000    8.241817    2.932400    0.134275    5.376762
    0.362745    0.926866    0.009620    0.141512    0.000000       -0.937343        1.000000    8.548802    3.074753    0.134275    5.376762
    0.372549    0.926544    0.002817    0.116210    0.000000       -0.963065        1.000000    8.855681    3.216958    0.134275    5.376762
    0.382353    0.926545   -0.002609    0.089596    0.000000       -0.989679        1.000000    9.162560    3.359119    0.134275    5.376762
    0.392157    0.926794   -0.006637    0.063427    0.000000       -1.015537        1.000000    9.469521    3.501319    0.134275    5.376762
    0.401961    0.927221   -0.009328    0.039070    0.000000       -1.039375        1.000000    9.776624    3.643621    0.134275    5.376762
    0.411765    0.927757   -0.010806    0.017550    0.000000       -1.060256        1.000000   10.083904    3.786070    0.134275    5.376762
    0.421569    0.928342   -0.011241   -0.000425    0.000000       -1.077546        1.000000   10.391378    3.928691    0.134275    5.376762
    0.431373    0.928927   -0.010831   -0.014458    0.000000       -1.090906        1.000000   10.699046    4.071494    0.134275    5.376762
    0.441176    0.929472   -0.009787   -0.024457    0.000000       -1.100284        1.000000   11.006895    4.214472    0.134275    5.376762
    0.450980    0.929951   -0.008320   -0.030601    0.000000       -1.105889        1.000000   11.314902    4.357610    0.134275    5.376762
    0.460784    0.930346   -0.006622   -0.033305    0.000000       -1.108151        1.000000   11.623040    4.500885    0.134275    5.376762
    0.470588    0.930648   -0.004859   -0.033150    0.000000       -1.107657        1.000000   11.931277    4.644269    0.134275    5.376762
    0.480392    0.930859   -0.003165   -0.030813    0.000000       -1.105084        1.000000   12.239585    4.787733    0.134275    5.376762
    0.490196    0.930985   -0.001637   -0.026998    0.000000       -1.101128        1.000000   12.547935    4.931249    0.134275    5.376762
    0.500000    0.931036   -0.000333   -0.022370    0.000000       -1.096443        1.000000   12.856301    5.074793    0.134275    5.376762
    0.509804    0.931024    0.000718   -0.017516    0.000000       -1.091601        1.000000   13.164663    5.218343    0.134275    5.376762
    0.519608    0.930964    0.001518   -0.012914    0.000000       -1.087068        1.000000   13.473006    5.361881    0.134275    5.376762
    0.529412    0.930868    0.002090   -0.008929    0.000000       -1.083193        1.000000   13.781317    5.505395    0.134275    5.376762
    0.539216    0.930747    0.002475   -0.005820    0.000000       -1.080222        1.000000   14.089588    5.648875    0.134275    5.376762
    0.549020    0.930610    0.002722   -0.003755    0.000000       -1.078316        1.000000   14.397813    5.792314    0.134275    5.376762
    0.558824    0.930462    0.002891   -0.002837    0.000000       -1.077568        1.000000   14.705989    5.935710    0.134275    5.376762
    0.568627    0.930305    0.003043   -0.003126    0.000000       -1.078037        1.000000   15.014113    6.079058    0.134275    5.376762
    0.578431    0.930140    0.003242   -0.004672    0.000000       -1.079773        1.000000   15.322183    6.222357    0.134275    5.376762
    0.588235    0.929961    0.003558   -0.007536    0.000000       -1.082843        1.000000   15.630193    6.365603    0.134275    5.376762
    0.598039    0.929762    0.004062   -0.011819    0.000000       -1.087355        1.000000   15.938138    6.508791    0.134275    5.376762
    0.607843    0.929529    0.004832   -0.017685    0.000000       -1.093487        1.000000   16.246005    6.651912    0.134275    5.376762
    0.617647    0.929246    0.005959   -0.025388    0.000000       -1.101510        1.000000   16.553778    6.794954    0.134275    5.376762
    0.627451    0.928892    0.007547   -0.035287    0.000000       -1.111808        1.000000   16.861435    6.937897    0.134275    5.376762
    0.637255    0.928440    0.009726   -0.047876    0.000000       -1.124900        1.000000   17.168941    7.080715    0.134275    5.376762
    0.647059    0.927854    0.012653   -0.063785    0.000000       -1.141455        1.000000   17.476254    7.223371    0.134275    5.376762
    0.656863    0.927089    0.016523   -0.083792    0.000000       -1.162289        1.000000   17.783313    7.365814    0.134275    5.376762
    0.666667    0.926091    0.021574   -0.108795    0.000000       -1.188351        1.000000   18.090041    7.507977    0.134275    5.376762
    0.676471    0.924789    0.028097   -0.139766    0.000000       -1.220667        1.000000   18.396339    7.649772    0.134275    5.376762
    0.686275    0.923098    0.036431   -0.177660    0.000000       -1.260250        1.000000   18.702076    7.791082    0.134275    5.376762
    0.696078    0.920911    0.046963   -0.223264    0.000000       -1.307948        1.000000   19.007089    7.931753    0.134275    5.376762
    0.705882    0.918102    0.060113   -0.277011    0.000000       -1.364247        1.000000   19.311172    8.071587    0.134275    5.376762
    0.715686    0.914524    0.076309   -0.338769    0.000000       -1.429052        1.000000   19.614069    8.210333    0.134275    5.376762
    0.725490    0.910005    0.095954   -0.407663    0.000000       -1.501503        1.000000   19.915470    8.347670    0.134275    5.376762
    0.735294    0.904358    0.119384   -0.482016    0.000000       -1.579902        1.000000   20.215000    8.483202    0.134275    5.376762
    0.745098    0.897380    0.146825   -0.559445    0.000000       -1.661810        1.000000   20.512220    8.616450    0.134275    5.376762
    0.754902    0.888865    0.178369   -0.637155    0.000000       -1.744336        1.000000   20.806619    8.746848    0.134275    5.376762
    0.764706    0.878608    0.213954   -0.712345    0.000000       -1.824557        1.000000   21.097621    8.873752    0.134275    5.376762
    0.774510    0.866419    0.253382   -0.782605    0.000000       -1.899928        1.000000   21.384585    8.996450    0.134275    5.376762
    0.784314    0.852128    0.296344   -0.846207    0.000000       -1.968587        1.000000   21.666817    9.114190    0.134275    5.376762
    0.794118    0.835589    0.342461   -0.902203    0.000000       -2.029469        1.000000   21.943570    9.226212    0.134275    5.376762
    0.803922    0.816693    0.391322   -0.950363    0.000000       -2.082252        1.000000   22.214065    9.331777    0.134275    5.376762
    0.813725    0.795357    0.442522   -0.991005    0.000000       -2.127192        1.000000   22.477494    9.430212    0.134275    5.376762
    0.823529    0.771536    0.495680   -1.024801    0.000000       -2.164923        1.000000   22.733033    9.520942    0.134275    5.376762
    0.833333    0.745213    0.550458   -1.052595    0.000000       -2.196276        1.000000   22.979853    9.603515    0.134275    5.376762
    0.843137    0.716398    0.606562   -1.075272    0.000000       -2.222138        1.000000   23.217129    9.677632    0.134275    5.376762
    0.852941    0.685131    0.663746   -1.093675    0.000000       -2.243368        1.000000   23.444050    9.743160    0.134275    5.376762
    0.862745    0.651472    0.721803   -1.108555    0.000000       -2.260740        1.000000   23.659823    9.800137    0.134275    5.376762
    0.872549    0.615502    0.780566   -1.120562    0.000000       -2.274929        1.000000   23.863682    9.848772    0.134275    5.376762
    0.882353    0.577321    0.839899   -1.130237    0.000000       -2.286505        1.000000   24.054895    9.889439    0.134275    5.376762
    0.892157    0.537045    0.899690   -1.138026    0.000000       -2.295941        1.000000   24.232768    9.922658    0.134275    5.376762
    0.901961    0.494803    0.959851   -1.144289    0.000000       -2.303624        1.000000   24.396651    9.949076    0.134275    5.376762
    0.911765    0.450738    1.020307   -1.149318    0.000000       -2.309867        1.000000   24.545939    9.969437    0.134275    5.376762
    0.921569    0.405004    1.081002   -1.153343    0.000000       -2.314923        1.000000   24.680079    9.984555    0.134275    5.376762
    0.931373    0.357762    1.141886   -1.156550    0.000000       -2.318997        1.000000   24.798573    9.995281    0.134275    5.376762
    0.941176    0.309185    1.202921   -1.159083    0.000000       -2.322248        1.000000   24.900978   10.002466    0.134275    5.376762
    0.950980    0.259450    1.264075   -1.161057    0.000000       -2.324807        1.000000   24.986909   10.006933    0.134275    5.376762
    0.960784    0.208741    1.325320   -1.162561    0.000000       -2.326774        1.000000   25.056046   10.009437    0.134275    5.376762
    0.970588    0.157247    1.386633   -1.163664    0.000000       -2.328226        1.000000   25.108128   10.010643    0.134275    5.376762
    0.980392    0.105162    1.447995   -1.164417    0.000000       -2.329223        1.000000   25.142958   10.011096    0.134275    5.376762
    0.990196    0.052680    1.509388   -1.164855    0.000000       -2.329805        1.000000   25.160406   10.011202    0.134275    5.376762
    1.000000    0.000000    1.570796   -1.164998    0.000000       -2.329997        1.000000   25.160406   10.011209    0.134275    5.376762
