           t           r         psi          cs          qs               p             sig           A           V          Q2           S
    0.000000    0.000000   -1.570796   -1.741134    0.000000       -3.482267        1.000000    0.000000    0.000000    0.842454   10.873543
    0.009804    0.105978   -1.381545   -1.843280    0.000000       -3.618404        1.000000    0.000000    0.000177    0.842454   10.873543
    0.019608    0.207883   -1.170972   -2.135511    0.000000       -4.007990        1.000000    0.139242    0.002826    0.842454   10.873543
    0.029412    0.300124   -0.922161   -2.537231    0.000000       -4.550064        1.000000    0.340267    0.014040    0.842454   10.873543
    0.039216    0.374887   -0.634039   -2.820787    0.000000       -4.969811        1.000000    0.591370    0.041738    0.842454   10.873543
    0.049020    0.424309   -0.336773   -2.662387    0.000000       -4.886768        1.000000    0.875576    0.089666    0.842454   10.873543
    0.058824    0.445955   -0.085444   -1.984192    0.000000       -4.218388        1.000000    1.174281    0.152250    0.842454   10.873543
    0.068627    0.445462    0.078795   -1.094989    0.000000       -3.332883        1.000000    1.472655    0.219141    0.842454   10.873543
    0.078431    0.432435    0.152573   -0.326137    0.000000       -2.611758        1.000000    1.762304    0.283367    0.842454   10.873543
    0.088235    0.415492    0.157513    0.188492    0.000000       -2.188496        1.000000    2.040605    0.342818    0.842454   10.873543
    0.098039    0.400425    0.121557    0.446449    0.000000       -2.032467        1.000000    2.308813    0.397912    0.842454   10.873543
    0.107843    0.390199    0.069748    0.496225    0.000000       -2.060336        1.000000    2.570172    0.449881    0.842454   10.873543
    0.117647    0.385466    0.020711    0.406805    0.000000       -2.186904        1.000000    2.828360    0.500088    0.842454   10.873543
    0.127451    0.385292   -0.014678    0.252040    0.000000       -2.343117        1.000000    3.086432    0.549743    0.842454   10.873543
    0.137255    0.387980   -0.032955    0.094509    0.000000       -2.481544        1.000000    3.346304    0.599748    0.842454   10.873543
    0.147059    0.391779   -0.036182   -0.025768    0.000000       -2.576559        1.000000    3.608721    0.650616    0.842454   10.873543
    0.156863    0.395335   -0.029360   -0.093266    0.000000       -2.621675        1.000000    3.873520    0.702476    0.842454   10.873543
    0.166667    0.397879   -0.018054   -0.111675    0.000000       -2.624590        1.000000    4.140023    0.755168    0.842454   10.873543
    0.176471    0.399187   -0.006780   -0.095566    0.000000       -2.600597        1.000000    4.407402    0.808383    0.842454   10.873543
    0.186275    0.399426    0.001720   -0.062427    0.000000       -2.566019        1.000000    4.674941    0.861802    0.842454   10.873543
    0.196078    0.398956    0.006458   -0.027070    0.000000       -2.533560        1.000000    4.942165    0.915181    0.842454   10.873543
    0.205882    0.398172    0.007757    0.001003    0.000000       -2.510400        1.000000    5.208864    0.968383    0.842454   10.873543
    0.215686    0.397388    0.006649    0.017818    0.000000       -2.498559        1.000000    5.475038    1.021370    0.842454   10.873543
    0.225490    0.396796    0.004349    0.023697    0.000000       -2.496465        1.000000    5.740816    1.074172    0.842454   10.873543
    0.235294    0.396466    0.001885    0.021489    0.000000       -2.500792        1.000000    6.006372    1.126852    0.842454   10.873543
    0.245098    0.396376   -0.000077    0.014893    0.000000       -2.507965        1.000000    6.271868    1.179477    0.842454   10.873543
    0.254902    0.396454   -0.001253    0.007235    0.000000       -2.515123        1.000000    6.537416    1.232103    0.842454   10.873543
    0.264706    0.396616   -0.001664    0.000801    0.000000       -2.520528        1.000000    6.803073    1.284762    0.842454   10.873543
    0.274510    0.396789   -0.001508   -0.003314    0.000000       -2.523545        1.000000    7.068845    1.337468    0.842454   10.873543
    0.284314    0.396926   -0.001044   -0.005011    0.000000       -2.524369        1.000000    7.334710    1.390215    0.842454   10.873543
    0.294118    0.397009   -0.000507   -0.004819    0.000000       -2.523655        1.000000    7.600630    1.442991    0.842454   10.873543
    0.303922    0.397038   -0.000056   -0.003525    0.000000       -2.522179        1.000000    7.866569    1.495782    0.842454   10.873543
    0.313725    0.397027    0.000232   -0.001876    0.000000       -2.520599        1.000000    8.132501    1.548576    0.842454   10.873543
    0.323529    0.396994    0.000351   -0.000414    0.000000       -2.519343        1.000000    8.398411    1.601362    0.842454   10.873543
    0.333333    0.396956    0.000338    0.000578    0.000000       -2.518590        1.000000    8.664296    1.654140    0.842454   10.873543
    0.343137    0.396925    0.000247    0.001040    0.000000       -2.518328        1.000000    8.930160    1.706908    0.842454   10.873543
    0.352941    0.396905    0.000131    0.001068    0.000000       -2.518429        1.000000    9.196010    1.759669    0.842454   10.873543
    0.362745    0.396896    0.000029    0.000824    0.000000       -2.518726        1.000000    9.461855    1.812426    0.842454   10.873543
    0.372549    0.396897   -0.000041    0.000474    0.000000       -2.519070        1.000000    9.727700    1.865182    0.842454   10.873543
    0.382353    0.396904   -0.000073    0.000145    0.000000       -2.519358        1.000000    9.993549    1.917940    0.842454   10.873543
    0.392157    0.396912   -0.000075   -0.000091    0.000000       -2.519542        1.000000   10.259404    1.970699    0.842454   10.873543
    0.401961    0.396919   -0.000058   -0.000212    0.000000       -2.519618        1.000000   10.525264    2.023461    0.842454   10.873543
    0.411765    0.396924   -0.000033   -0.000234    0.000000       -2.519609        1.000000   10.791127    2.076224    0.842454   10.873543
    0.421569    0.396926   -0.000010   -0.000190    0.000000       -2.519551        1.000000   11.056992    2.128988    0.842454   10.873543
    0.431373    0.396926    0.000006   -0.000117    0.000000       -2.519477        1.000000   11.322856    2.181752    0.842454   10.873543
    0.441176    0.396925    0.000015   -0.000044    0.000000       -2.519412        1.000000   11.588720    2.234516    0.842454   10.873543
    0.450980    0.396923    0.000016    0.000011    0.000000       -2.519367        1.000000   11.854583    2.287280    0.842454   10.873543
    0.460784    0.396922    0.000013    0.000042    0.000000       -2.519347        1.000000   12.120444    2.340043    0.842454   10.873543
    0.470588    0.396921    0.000008    0.000051    0.000000       -2.519345        1.000000   12.386305    2.392806    0.842454   10.873543
    0.480392    0.396920    0.000003    0.000044    0.000000       -2.519356        1.000000   12.652166    2.445569    0.842454   10.873543
    0.490196    0.396920   -0.000001    0.000028    0.000000       -2.519372        1.000000   12.918026    2.498332    0.842454   10.873543
    0.500000    0.396920   -0.000003    0.000012    0.000000       -2.519387        1.000000   13.183886    2.551094    0.842454   10.873543
    0.509804    0.396920   -0.000004   -0.000000    0.000000       -2.519397        1.000000   13.449747    2.603857    0.842454   10.873543
    0.519608    0.396921   -0.000003   -0.000008    0.000000       -2.519403        1.000000   13.715608    2.656620    0.842454   10.873543
    0.529412    0.396921   -0.000002   -0.000011    0.000000       -2.519404        1.000000   13.981469    2.709383    0.842454   10.873543
    0.539216    0.396921   -0.000001   -0.000010    0.000000       -2.519402        1.000000   14.247330    2.762146    0.842454   10.873543
    0.549020    0.396921    0.000000   -0.000007    0.000000       -2.519399        1.000000   14.513192    2.814909    0.842454   10.873543
    0.558824    0.396921    0.000001   -0.000003    0.000000       -2.519395        1.000000   14.779053    2.867672    0.842454   10.873543
    0.568627    0.396921    0.000001   -0.000000    0.000000       -2.519393        1.000000   15.044914    2.920435    0.842454   10.873543
    0.578431    0.396921    0.000001    0.000002    0.000000       -2.519391        1.000000   15.310775    2.973198    0.842454   10.873543
    0.588235    0.396921    0.000000    0.000002    0.000000       -2.519391        1.000000   15.576636    3.025960    0.842454   10.873543
    0.598039    0.396921    0.000000    0.000002    0.000000       -2.519391        1.000000   15.842498    3.078723    0.842454   10.873543
    0.607843    0.396921    0.000000    0.000002    0.000000       -2.519392        1.000000   16.108359    3.131486    0.842454   10.873543
    0.617647    0.396921   -0.000000    0.000001    0.000000       -2.519393        1.000000   16.374220    3.184249    0.842454   10.873543
    0.627451    0.396921   -0.000000    0.000000    0.000000       -2.519393        1.000000   16.640081    3.237012    0.842454   10.873543
    0.637255    0.396921   -0.000000   -0.000000    0.000000       -2.519394        1.000000   16.905942    3.289775    0.842454   10.873543
    0.647059    0.396921   -0.000000   -0.000001    0.000000       -2.519394        1.000000   17.171803    3.342538    0.842454   10.873543
    0.656863    0.396921    0.000000   -0.000001    0.000000       -2.519394        1.000000   17.437664    3.395301    0.842454   10.873543
    0.666667    0.396921    0.000000   -0.000001    0.000000       -2.519394        1.000000   17.703525    3.448064    0.842454   10.873543
    0.676471    0.396921    0.000000   -0.000001    0.000000       -2.519395        1.000000   17.969386    3.500827    0.842454   10.873543
    0.686275    0.396921    0.000000   -0.000002    0.000000       -2.519396        1.000000   18.235247    3.553590    0.842454   10.873543
    0.696078    0.396921    0.000001   -0.000003    0.000000       -2.519397        1.000000   18.501108    3.606353    0.842454   10.873543
    0.705882    0.396921    0.000001   -0.000005    0.000000       -2.519400        1.000000   18.766969    3.659115    0.842454   10.873543
    0.715686    0.396921    0.000002   -0.000008    0.000000       -2.519404        1.000000   19.032830    3.711878    0.842454   10.873543
    0.725490    0.396920    0.000003   -0.000013    0.000000       -2.519410        1.000000   19.298691    3.764641    0.842454   10.873543
    0.735294    0.396920    0.000005   -0.000022    0.000000       -2.519422        1.000000   19.564551    3.817404    0.842454   10.873543
    0.745098    0.396919    0.000008   -0.000036    0.000000       -2.519440        1.000000   19.830411    3.870166    0.842454   10.873543
    0.754902    0.396918    0.000013   -0.000059    0.000000       -2.519470        1.000000   20.096271    3.922929    0.842454   10.873543
    0.764706    0.396916    0.000021   -0.000097    0.000000       -2.519519        1.000000   20.362129    3.975691    0.842454   10.873543
    0.774510    0.396914    0.000034   -0.000159    0.000000       -2.519599        1.000000   20.627985    4.028452    0.842454   10.873543
    0.784314    0.396909    0.000056   -0.000262    0.000000       -2.519732        1.000000   20.893838    4.081212    0.842454   10.873543
    0.794118    0.396901    0.000092   -0.000430    0.000000       -2.519949        1.000000   21.159686    4.133971    0.842454   10.873543
    0.803922    0.396888    0.000152   -0.000706    0.000000       -2.520306        1.000000   21.425525    4.186727    0.842454   10.873543
    0.813725    0.396867    0.000249   -0.001159    0.000000       -2.520893        1.000000   21.691350    4.239479    0.842454   10.873543
    0.823529    0.396833    0.000409   -0.001904    0.000000       -2.521855        1.000000   21.957152    4.292224    0.842454   10.873543
    0.833333    0.396777    0.000672   -0.003127    0.000000       -2.523436        1.000000   22.222917    4.344956    0.842454   10.873543
    0.843137    0.396684    0.001103   -0.005134    0.000000       -2.526032        1.000000   22.488619    4.397669    0.842454   10.873543
    0.852941    0.396532    0.001812   -0.008428    0.000000       -2.530291        1.000000   22.754219    4.450351    0.842454   10.873543
    0.862745    0.396281    0.002975   -0.013832    0.000000       -2.537279        1.000000   23.019652    4.502979    0.842454   10.873543
    0.872549    0.395871    0.004883   -0.022691    0.000000       -2.548737        1.000000   23.284810    4.555522    0.842454   10.873543
    0.882353    0.395197    0.008012   -0.037200    0.000000       -2.567500        1.000000   23.549517    4.607923    0.842454   10.873543
    0.892157    0.394092    0.013139   -0.060916    0.000000       -2.598173        1.000000   23.813483    4.660092    0.842454   10.873543
    0.901961    0.392281    0.021526   -0.099564    0.000000       -2.648164        1.000000   24.076237    4.711879    0.842454   10.873543
    0.911765    0.389317    0.035214   -0.162228    0.000000       -2.729240        1.000000   24.337004    4.763039    0.842454   10.873543
    0.921569    0.384474    0.057460   -0.262994    0.000000       -2.859659        1.000000   24.594528    4.813169    0.842454   10.873543
    0.931373    0.376592    0.093374   -0.422802    0.000000       -3.066625        1.000000   24.846773    4.861612    0.842454   10.873543
    0.941176    0.363848    0.150719   -0.670480    0.000000       -3.387721        1.000000   25.090482    4.907310    0.842454   10.873543
    0.950980    0.343470    0.240656   -1.039852    0.000000       -3.867413        1.000000   25.320541    4.948611    0.842454   10.873543
    0.960784    0.311525    0.377700   -1.556493    0.000000       -4.540254        1.000000   25.529203    4.983145    0.842454   10.873543
    0.970588    0.263161    0.577354   -2.206586    0.000000       -5.390605        1.000000   25.705470    5.008135    0.842454   10.873543
    0.980392    0.194102    0.849643   -2.895088    0.000000       -6.296648        1.000000   25.835482    5.021872    0.842454   10.873543
    0.990196    0.103999    1.189487   -3.439043    0.000000       -7.017319        1.000000   25.905141    5.026201    0.842454   10.873543
    1.000000    0.000000    1.570796   -3.647267    0.000000       -7.294535        1.000000   25.905141    5.026548    0.842454   10.873543
