           t           r         psi          cs          qs               p             sig           A           V          Q2           S
    0.000000    0.000000   -1.570796   -0.996526    0.000000       -1.993052        1.000000    0.000000   -0.000000    0.013134    4.472537
    0.009804    0.043834   -1.527100   -0.996528    0.000000       -1.993054        1.000000    0.000000    0.000003    0.013134    4.472537
    0.019608    0.087585   -1.483404   -0.996534    0.000000       -1.993063        1.000000    0.024130    0.000046    0.013134    4.472537
    0.029412    0.131169   -1.439707   -0.996545    0.000000       -1.993077        1.000000    0.060268    0.000233    0.013134    4.472537
    0.039216    0.174502   -1.396010   -0.996560    0.000000       -1.993097        1.000000    0.108345    0.000733    0.013134    4.472537
    0.049020    0.217502   -1.352312   -0.996581    0.000000       -1.993124        1.000000    0.168268    0.001780    0.013134    4.472537
    0.058824    0.260087   -1.308613   -0.996608    0.000000       -1.993159        1.000000    0.239924    0.003665    0.013134    4.472537
    0.068627    0.302175   -1.264913   -0.996641    0.000000       -1.993203        1.000000    0.323176    0.006734    0.013134    4.472537
    0.078431    0.343686   -1.221211   -0.996683    0.000000       -1.993257        1.000000    0.417864    0.011378    0.013134    4.472537
    0.088235    0.384541   -1.177507   -0.996735    0.000000       -1.993323        1.000000    0.523808    0.018029    0.013134    4.472537
    0.098039    0.424662   -1.133800   -0.996799    0.000000       -1.993404        1.000000    0.640805    0.027149    0.013134    4.472537
    0.107843    0.463971   -1.090090   -0.996877    0.000000       -1.993501        1.000000    0.768633    0.039220    0.013134    4.472537
    0.117647    0.502395   -1.046377   -0.996972    0.000000       -1.993619        1.000000    0.907047    0.054740    0.013134    4.472537
    0.127451    0.539859   -1.002659   -0.997089    0.000000       -1.993763        1.000000    1.055782    0.074204    0.013134    4.472537
    0.137255    0.576291   -0.958935   -0.997234    0.000000       -1.993938        1.000000    1.214555    0.098105    0.013134    4.472537
    0.147059    0.611623   -0.915204   -0.997413    0.000000       -1.994153        1.000000    1.383061    0.126915    0.013134    4.472537
    0.156863    0.645785   -0.871464   -0.997636    0.000000       -1.994417        1.000000    1.560980    0.161078    0.013134    4.472537
    0.166667    0.678713   -0.827714   -0.997916    0.000000       -1.994745        1.000000    1.747971    0.201004    0.013134    4.472537
    0.176471    0.710343   -0.783949   -0.998271    0.000000       -1.995156        1.000000    1.943676    0.247055    0.013134    4.472537
    0.186275    0.740614   -0.740167   -0.998724    0.000000       -1.995675        1.000000    2.147721    0.299540    0.013134    4.472537
    0.196078    0.769468   -0.696362   -0.999312    0.000000       -1.996339        1.000000    2.359715    0.358706    0.013134    4.472537
    0.205882    0.796847   -0.652528   -1.000082    0.000000       -1.997201        1.000000    2.579253    0.424732    0.013134    4.472537
    0.215686    0.822700   -0.608655   -1.001109    0.000000       -1.998336        1.000000    2.805913    0.497726    0.013134    4.472537
    0.225490    0.846973   -0.564729   -1.002502    0.000000       -1.999859        1.000000    3.039260    0.577714    0.013134    4.472537
    0.235294    0.869618   -0.520731   -1.004431    0.000000       -2.001945        1.000000    3.278846    0.664647    0.013134    4.472537
    0.245098    0.890588   -0.476631   -1.007170    0.000000       -2.004876        1.000000    3.524210    0.758389    0.013134    4.472537
    0.254902    0.909837   -0.432387   -1.011170    0.000000       -2.009116        1.000000    3.774877    0.858724    0.013134    4.472537
    0.264706    0.927321   -0.387925   -1.017218    0.000000       -2.015465        1.000000    4.030361    0.965353    0.013134    4.472537
    0.274510    0.942995   -0.343130   -1.026742    0.000000       -2.025376        1.000000    4.290163    1.077896    0.013134    4.472537
    0.284314    0.956808   -0.297794   -1.042495    0.000000       -2.041636        1.000000    4.553771    1.195899    0.013134    4.472537
    0.294118    0.968704   -0.251536   -1.070071    0.000000       -2.069893        1.000000    4.820657    1.318828    0.013134    4.472537
    0.303922    0.978604   -0.203613   -1.121255    0.000000       -2.122009        1.000000    5.090269    1.446083    0.013134    4.472537
    0.313725    0.986385   -0.152534   -1.218576    0.000000       -2.220608        1.000000    5.362026    1.576982    0.013134    4.472537
    0.323529    0.991841   -0.095887   -1.367681    0.000000       -2.371275        1.000000    5.635286    1.710744    0.013134    4.472537
    0.333333    0.994710   -0.035489   -1.294319    0.000000       -2.299004        1.000000    5.909336    1.846400    0.013134    4.472537
    0.343137    0.995213    0.007206   -0.590115    0.000000       -1.594899        1.000000    6.183525    1.982793    0.013134    4.472537
    0.352941    0.994547    0.019106   -0.030263    0.000000       -1.035563        1.000000    6.457530    2.119134    0.013134    4.472537
    0.362745    0.993759    0.015533    0.149733    0.000000       -0.856426        1.000000    6.731318    2.255256    0.013134    4.472537
    0.372549    0.993234    0.008351    0.162216    0.000000       -0.844561        1.000000    7.004962    2.391207    0.013134    4.472537
    0.382353    0.993012    0.002109    0.117833    0.000000       -0.889202        1.000000    7.278544    2.527064    0.013134    4.472537
    0.392157    0.993014   -0.001809    0.060905    0.000000       -0.946129        1.000000    7.552127    2.662896    0.013134    4.472537
    0.401961    0.993135   -0.003357    0.012200    0.000000       -0.994707        1.000000    7.825743    2.798746    0.013134    4.472537
    0.411765    0.993283   -0.003149   -0.018274    0.000000       -1.025031        1.000000    8.099400    2.934635    0.013134    4.472537
    0.421569    0.993398   -0.002047   -0.028972    0.000000       -1.035615        1.000000    8.373089    3.070560    0.013134    4.472537
    0.431373    0.993461   -0.000822   -0.025160    0.000000       -1.031742        1.000000    8.646795    3.206511    0.013134    4.472537
    0.441176    0.993476    0.000066   -0.014904    0.000000       -1.021471        1.000000    8.920505    3.342472    0.013134    4.472537
    0.450980    0.993462    0.000489   -0.004820    0.000000       -1.011402        1.000000    9.194212    3.478433    0.013134    4.472537
    0.460784    0.993438    0.000541    0.001798    0.000000       -1.004807        1.000000    9.467911    3.614388    0.013134    4.472537
    0.470588    0.993417    0.000389    0.004513    0.000000       -1.002113        1.000000    9.741606    3.750337    0.013134    4.472537
    0.480392    0.993405    0.000186    0.004401    0.000000       -1.002238        1.000000   10.015296    3.886281    0.013134    4.472537
    0.490196    0.993400    0.000024    0.002907    0.000000       -1.003737        1.000000   10.288986    4.022223    0.013134    4.472537
    0.500000    0.993402   -0.000066    0.001192    0.000000       -1.005450        1.000000   10.562675    4.158165    0.013134    4.472537
    0.509804    0.993405   -0.000088   -0.000093    0.000000       -1.006731        1.000000   10.836366    4.294107    0.013134    4.472537
    0.519608    0.993409   -0.000066   -0.000772    0.000000       -1.007407        1.000000   11.110058    4.430051    0.013134    4.472537
    0.529412    0.993411   -0.000027   -0.000978    0.000000       -1.007611        1.000000   11.383750    4.565995    0.013134    4.472537
    0.539216    0.993411    0.000016   -0.000990    0.000000       -1.007623        1.000000   11.657442    4.701939    0.013134    4.472537
    0.549020    0.993409    0.000062   -0.001120    0.000000       -1.007755        1.000000   11.931134    4.837883    0.013134    4.472537
    0.558824    0.993405    0.000121   -0.001703    0.000000       -1.008341        1.000000   12.204825    4.973827    0.013134    4.472537
    0.568627    0.993398    0.000224   -0.003183    0.000000       -1.009828        1.000000   12.478513    5.109769    0.013134    4.472537
    0.578431    0.993384    0.000424   -0.006317    0.000000       -1.012977        1.000000   12.752198    5.245708    0.013134    4.472537
    0.588235    0.993358    0.000823   -0.012551    0.000000       -1.019237        1.000000   13.025876    5.381642    0.013134    4.472537
    0.598039    0.993307    0.001609   -0.024636    0.000000       -1.031373        1.000000   13.299540    5.517566    0.013134    4.472537
    0.607843    0.993206    0.003140   -0.047580    0.000000       -1.054416        1.000000   13.573176    5.653469    0.013134    4.472537
    0.617647    0.993011    0.006060   -0.089650    0.000000       -1.096670        1.000000   13.846758    5.789332    0.013134    4.472537
    0.627451    0.992639    0.011446   -0.162046    0.000000       -1.169396        1.000000   14.120237    5.925117    0.013134    4.472537
    0.637255    0.991949    0.020855   -0.273971    0.000000       -1.281868        1.000000   14.393527    6.060748    0.013134    4.472537
    0.647059    0.990726    0.036003   -0.421449    0.000000       -1.430156        1.000000   14.666479    6.196086    0.013134    4.472537
    0.656863    0.988692    0.057985   -0.580331    0.000000       -1.590069        1.000000   14.938871    6.330893    0.013134    4.472537
    0.666667    0.985547    0.086602   -0.719616    0.000000       -1.730478        1.000000   15.210397    6.464800    0.013134    4.472537
    0.676471    0.981030    0.120558   -0.822892    0.000000       -1.834831        1.000000   15.480678    6.597307    0.013134    4.472537
    0.686275    0.974948    0.158260   -0.891732    0.000000       -1.904610        1.000000   15.749284    6.727819    0.013134    4.472537
    0.696078    0.967177    0.198392   -0.935364    0.000000       -1.949020        1.000000   16.015749    6.855691    0.013134    4.472537
    0.705882    0.957647    0.240051   -0.962695    0.000000       -1.976979        1.000000   16.279588    6.980265    0.013134    4.472537
    0.715686    0.946320    0.282671   -0.979988    0.000000       -1.994776        1.000000   16.540306    7.100903    0.013134    4.472537
    0.725490    0.933185    0.325904   -0.991155    0.000000       -2.006347        1.000000   16.797406    7.217005    0.013134    4.472537
    0.735294    0.918246    0.369538   -0.998545    0.000000       -2.014062        1.000000   17.050389    7.328023    0.013134    4.472537
    0.745098    0.901517    0.413439   -1.003557    0.000000       -2.019339        1.000000   17.298764    7.433474    0.013134    4.472537
    0.754902    0.883022    0.457524   -1.007039    0.000000       -2.023037        1.000000   17.542043    7.532946    0.013134    4.472537
    0.764706    0.862790    0.501739   -1.009510    0.000000       -2.025688        1.000000   17.779748    7.626102    0.013134    4.472537
    0.774510    0.840856    0.546045   -1.011300    0.000000       -2.027627        1.000000   18.011411    7.712686    0.013134    4.472537
    0.784314    0.817262    0.590420   -1.012620    0.000000       -2.029072        1.000000   18.236573    7.792527    0.013134    4.472537
    0.794118    0.792050    0.634844   -1.013609    0.000000       -2.030166        1.000000   18.454788    7.865534    0.013134    4.472537
    0.803922    0.765270    0.679306   -1.014361    0.000000       -2.031007        1.000000   18.665626    7.931701    0.013134    4.472537
    0.813725    0.736972    0.723798   -1.014939    0.000000       -2.031662        1.000000   18.868668    7.991101    0.013134    4.472537
    0.823529    0.707213    0.768311   -1.015390    0.000000       -2.032177        1.000000   19.063510    8.043885    0.013134    4.472537
    0.833333    0.676050    0.812843   -1.015744    0.000000       -2.032587        1.000000   19.249767    8.090273    0.013134    4.472537
    0.843137    0.643544    0.857388   -1.016025    0.000000       -2.032917        1.000000   19.427068    8.130552    0.013134    4.472537
    0.852941    0.609761    0.901944   -1.016250    0.000000       -2.033183        1.000000   19.595062    8.165066    0.013134    4.472537
    0.862745    0.574766    0.946509   -1.016431    0.000000       -2.033400        1.000000   19.753414    8.194210    0.013134    4.472537
    0.872549    0.538629    0.991081   -1.016577    0.000000       -2.033577        1.000000   19.901811    8.218417    0.013134    4.472537
    0.882353    0.501421    1.035659   -1.016696    0.000000       -2.033723        1.000000   20.039956    8.238154    0.013134    4.472537
    0.892157    0.463217    1.080242   -1.016793    0.000000       -2.033843        1.000000   20.167576    8.253906    0.013134    4.472537
    0.901961    0.424092    1.124828   -1.016872    0.000000       -2.033942        1.000000   20.284417    8.266170    0.013134    4.472537
    0.911765    0.384124    1.169418   -1.016937    0.000000       -2.034024        1.000000   20.390246    8.275443    0.013134    4.472537
    0.921569    0.343392    1.214010   -1.016990    0.000000       -2.034091        1.000000   20.484853    8.282212    0.013134    4.472537
    0.931373    0.301977    1.258605   -1.017033    0.000000       -2.034146        1.000000   20.568050    8.286941    0.013134    4.472537
    0.941176    0.259962    1.303201   -1.017067    0.000000       -2.034191        1.000000   20.639671    8.290068    0.013134    4.472537
    0.950980    0.217429    1.347798   -1.017094    0.000000       -2.034227        1.000000   20.699574    8.291989    0.013134    4.472537
    0.960784    0.174465    1.392397   -1.017116    0.000000       -2.034255        1.000000   20.747641    8.293057    0.013134    4.472537
    0.970588    0.131153    1.436996   -1.017131    0.000000       -2.034275        1.000000   20.783774    8.293567    0.013134    4.472537
    0.980392    0.087581    1.481596   -1.017142    0.000000       -2.034290        1.000000   20.807904    8.293757    0.013134    4.472537
    0.990196    0.043834    1.526196   -1.017148    0.000000       -2.034298        1.000000   20.819980    8.293802    0.013134    4.472537
    1.000000    0.000000    1.570796   -1.017150    0.000000       -2.034301        1.000000   20.819980    8.293805    0.013134    4.472537
