           t           r         psi          cs          qs               p             sig           A           V          Q2           S
    0.000000    0.000000   -1.570796   -0.990896    0.000000       -1.981793        1.000000    0.000000    0.000000    0.094722    4.646461
    0.009804    0.045538   -1.525657   -0.990947    0.000000       -1.981860        1.000000    0.000000    0.000003    0.094722    4.646461
    0.019608    0.090983   -1.480513   -0.991100    0.000000       -1.982064        1.000000    0.026041    0.000053    0.094722    4.646461
    0.029412    0.136243   -1.435359   -0.991362    0.000000       -1.982411        1.000000    0.065037    0.000270    0.094722    4.646461
    0.039216    0.181225   -1.390191   -0.991742    0.000000       -1.982913        1.000000    0.116908    0.000849    0.094722    4.646461
    0.049020    0.225838   -1.345002   -0.992254    0.000000       -1.983587        1.000000    0.181547    0.002060    0.094722    4.646461
    0.058824    0.269990   -1.299787   -0.992918    0.000000       -1.984453        1.000000    0.258824    0.004240    0.094722    4.646461
    0.068627    0.313590   -1.254538   -0.993757    0.000000       -1.985541        1.000000    0.348580    0.007787    0.094722    4.646461
    0.078431    0.356548   -1.209245   -0.994804    0.000000       -1.986886        1.000000    0.450632    0.013152    0.094722    4.646461
    0.088235    0.398777   -1.163900   -0.996098    0.000000       -1.988534        1.000000    0.564770    0.020829    0.094722    4.646461
    0.098039    0.440188   -1.118489   -0.997691    0.000000       -1.990544        1.000000    0.690762    0.031346    0.094722    4.646461
    0.107843    0.480694   -1.072998   -0.999649    0.000000       -1.992988        1.000000    0.828346    0.045254    0.094722    4.646461
    0.117647    0.520209   -1.027408   -1.002054    0.000000       -1.995961        1.000000    0.977241    0.063114    0.094722    4.646461
    0.127451    0.558650   -0.981695   -1.005017    0.000000       -1.999582        1.000000    1.137139    0.085488    0.094722    4.646461
    0.137255    0.595932   -0.935833   -1.008678    0.000000       -2.004007        1.000000    1.307707    0.112924    0.094722    4.646461
    0.147059    0.631972   -0.889784   -1.013220    0.000000       -2.009434        1.000000    1.488591    0.145949    0.094722    4.646461
    0.156863    0.666689   -0.843504   -1.018888    0.000000       -2.016129        1.000000    1.679412    0.185050    0.094722    4.646461
    0.166667    0.700000   -0.796934   -1.026003    0.000000       -2.024436        1.000000    1.879767    0.230668    0.094722    4.646461
    0.176471    0.731823   -0.750000   -1.034998    0.000000       -2.034816        1.000000    2.089230    0.283187    0.094722    4.646461
    0.186275    0.762074   -0.702601   -1.046455    0.000000       -2.047885        1.000000    2.307352    0.342921    0.094722    4.646461
    0.196078    0.790667   -0.654611   -1.061158    0.000000       -2.064469        1.000000    2.533658    0.410109    0.094722    4.646461
    0.205882    0.817514   -0.605857   -1.080163    0.000000       -2.085668        1.000000    2.767647    0.484901    0.094722    4.646461
    0.215686    0.842516   -0.556114   -1.104868    0.000000       -2.112935        1.000000    3.008793    0.567354    0.094722    4.646461
    0.225490    0.865571   -0.505083   -1.137056    0.000000       -2.148105        1.000000    3.256538    0.657422    0.094722    4.646461
    0.235294    0.886559   -0.452375   -1.178787    0.000000       -2.193283        1.000000    3.510291    0.754946    0.094722    4.646461
    0.245098    0.905346   -0.397514   -1.231852    0.000000       -2.250276        1.000000    3.769420    0.859643    0.094722    4.646461
    0.254902    0.921773   -0.339973   -1.296056    0.000000       -2.318828        1.000000    4.033251    0.971087    0.094722    4.646461
    0.264706    0.935665   -0.279355   -1.364999    0.000000       -2.392326        1.000000    4.301058    1.088687    0.094722    4.646461
    0.274510    0.946836   -0.215839   -1.418173    0.000000       -2.449816        1.000000    4.572063    1.211649    0.094722    4.646461
    0.284314    0.955143   -0.151021   -1.413436    0.000000       -2.448484        1.000000    4.845445    1.338950    0.094722    4.646461
    0.294118    0.960571   -0.088763   -1.298083    0.000000       -2.335033        1.000000    5.120381    1.469361    0.094722    4.646461
    0.303922    0.963339   -0.034741   -1.054816    0.000000       -2.092246        1.000000    5.396109    1.601585    0.094722    4.646461
    0.313725    0.963934    0.006195   -0.737379    0.000000       -1.774774        1.000000    5.672008    1.734500    0.094722    4.646461
    0.323529    0.962997    0.032626   -0.430875    0.000000       -1.468747        1.000000    5.947638    1.867340    0.094722    4.646461
    0.333333    0.961154    0.046451   -0.188725    0.000000       -1.228018        1.000000    6.222741    1.999707    0.094722    4.646461
    0.343137    0.958908    0.050962   -0.021018    0.000000       -1.062517        1.000000    6.497201    2.131450    0.094722    4.646461
    0.352941    0.956606    0.049315    0.084313    0.000000       -0.959778        1.000000    6.771002    2.262556    0.094722    4.646461
    0.362745    0.954472    0.043974    0.143839    0.000000       -0.902848        1.000000    7.044192    2.393075    0.094722    4.646461
    0.372549    0.952631    0.036690    0.171627    0.000000       -0.877392        1.000000    7.316855    2.523085    0.094722    4.646461
    0.382353    0.951141    0.028661    0.178016    0.000000       -0.872921        1.000000    7.589092    2.652678    0.094722    4.646461
    0.392157    0.950019    0.020685    0.170261    0.000000       -0.882125        1.000000    7.861008    2.781945    0.094722    4.646461
    0.401961    0.949248    0.013286    0.153433    0.000000       -0.899939        1.000000    8.132703    2.910977    0.094722    4.646461
    0.411765    0.948795    0.006789    0.131150    0.000000       -0.922795        1.000000    8.404268    3.039855    0.094722    4.646461
    0.421569    0.948613    0.001379    0.106069    0.000000       -0.948100        1.000000    8.675781    3.168653    0.094722    4.646461
    0.431373    0.948651   -0.002863    0.080204    0.000000       -0.973920        1.000000    8.947306    3.297434    0.094722    4.646461
    0.441176    0.948856   -0.005940    0.055107    0.000000       -0.998775        1.000000    9.218888    3.426249    0.094722    4.646461
    0.450980    0.949176   -0.007914    0.031971    0.000000       -1.021542        1.000000    9.490563    3.555133    0.094722    4.646461
    0.460784    0.949562   -0.008895    0.011670    0.000000       -1.041406        1.000000    9.762348    3.684113    0.094722    4.646461
    0.470588    0.949973   -0.009029   -0.005224    0.000000       -1.057842        1.000000   10.034250    3.813202    0.094722    4.646461
    0.480392    0.950374   -0.008476   -0.018439    0.000000       -1.070618        1.000000   10.306268    3.942402    0.094722    4.646461
    0.490196    0.950737   -0.007404   -0.027997    0.000000       -1.079784        1.000000   10.578389    4.071708    0.094722    4.646461
    0.500000    0.951043   -0.005976   -0.034191    0.000000       -1.085649        1.000000   10.850598    4.201106    0.094722    4.646461
    0.509804    0.951279   -0.004333   -0.037542    0.000000       -1.088748        1.000000   11.122874    4.330579    0.094722    4.646461
    0.519608    0.951437   -0.002588   -0.038743    0.000000       -1.089781        1.000000   11.395195    4.460107    0.094722    4.646461
    0.529412    0.951514   -0.000823   -0.038598    0.000000       -1.089554        1.000000   11.667539    4.589668    0.094722    4.646461
    0.539216    0.951512    0.000921   -0.037963    0.000000       -1.088921        1.000000   11.939882    4.719238    0.094722    4.646461
    0.549020    0.951431    0.002641   -0.037695    0.000000       -1.088740        1.000000   12.212202    4.848798    0.094722    4.646461
    0.558824    0.951271    0.004373   -0.038630    0.000000       -1.089845        1.000000   12.484476    4.978324    0.094722    4.646461
    0.568627    0.951031    0.006191   -0.041570    0.000000       -1.093040        1.000000   12.756681    5.107794    0.094722    4.646461
    0.578431    0.950704    0.008203   -0.047295    0.000000       -1.099112        1.000000   13.028793    5.237186    0.094722    4.646461
    0.588235    0.950279    0.010554   -0.056582    0.000000       -1.108847        1.000000   13.300783    5.366474    0.094722    4.646461
    0.598039    0.949735    0.013424   -0.070224    0.000000       -1.123055        1.000000   13.572617    5.495627    0.094722    4.646461
    0.607843    0.949044    0.017030   -0.089046    0.000000       -1.142585        1.000000   13.844254    5.624607    0.094722    4.646461
    0.617647    0.948168    0.021628   -0.113893    0.000000       -1.168311        1.000000   14.115640    5.753367    0.094722    4.646461
    0.627451    0.947055    0.027511   -0.145586    0.000000       -1.201091        1.000000   14.386707    5.881843    0.094722    4.646461
    0.637255    0.945638    0.035007   -0.184831    0.000000       -1.241670        1.000000   14.657369    6.009954    0.094722    4.646461
    0.647059    0.943836    0.044472   -0.232077    0.000000       -1.290536        1.000000   14.927515    6.137594    0.094722    4.646461
    0.656863    0.941552    0.056273   -0.287338    0.000000       -1.347733        1.000000   15.197007    6.264623    0.094722    4.646461
    0.666667    0.938671    0.070763   -0.350012    0.000000       -1.412681        1.000000   15.465675    6.390867    0.094722    4.646461
    0.676471    0.935065    0.088254   -0.418774    0.000000       -1.484057        1.000000   15.733310    6.516100    0.094722    4.646461
    0.686275    0.930593    0.108979   -0.491597    0.000000       -1.559806        1.000000   15.999666    6.640048    0.094722    4.646461
    0.696078    0.925106    0.133065   -0.565941    0.000000       -1.637343        1.000000   16.264451    6.762377    0.094722    4.646461
    0.705882    0.918456    0.160522   -0.639097    0.000000       -1.713884        1.000000   16.527332    6.882697    0.094722    4.646461
    0.715686    0.910497    0.191235   -0.708575    0.000000       -1.786854        1.000000   16.787936    7.000562    0.094722    4.646461
    0.725490    0.901096    0.224992   -0.772425    0.000000       -1.854214        1.000000   17.045849    7.115481    0.094722    4.646461
    0.735294    0.890135    0.261504   -0.829417    0.000000       -1.914648        1.000000   17.300625    7.226931    0.094722    4.646461
    0.745098    0.877512    0.300446   -0.879036    0.000000       -1.967574        1.000000   17.551787    7.334375    0.094722    4.646461
    0.754902    0.863149    0.341480   -0.921367    0.000000       -2.013021        1.000000   17.798839    7.437282    0.094722    4.646461
    0.764706    0.846986    0.384285   -0.956906    0.000000       -2.051455        1.000000   18.041264    7.535142    0.094722    4.646461
    0.774510    0.828983    0.428569   -0.986390    0.000000       -2.083591        1.000000   18.278537    7.627491    0.094722    4.646461
    0.784314    0.809120    0.474073   -1.010641    0.000000       -2.110250        1.000000   18.510124    7.713924    0.094722    4.646461
    0.794118    0.787393    0.520578   -1.030476    0.000000       -2.132254        1.000000   18.735493    7.794111    0.094722    4.646461
    0.803922    0.763811    0.567901   -1.046645    0.000000       -2.150363        1.000000   18.954112    7.867804    0.094722    4.646461
    0.813725    0.738400    0.615889   -1.059805    0.000000       -2.165250        1.000000   19.165458    7.934848    0.094722    4.646461
    0.823529    0.711194    0.664420   -1.070513    0.000000       -2.177490        1.000000   19.369017    7.995184    0.094722    4.646461
    0.833333    0.682240    0.713391   -1.079232    0.000000       -2.187563        1.000000   19.564288    8.048850    0.094722    4.646461
    0.843137    0.651593    0.762721   -1.086341    0.000000       -2.195867        1.000000   19.750788    8.095979    0.094722    4.646461
    0.852941    0.619317    0.812344   -1.092147    0.000000       -2.202723        1.000000   19.928050    8.136794    0.094722    4.646461
    0.862745    0.585483    0.862207   -1.096896    0.000000       -2.208394        1.000000   20.095627    8.171601    0.094722    4.646461
    0.872549    0.550168    0.912266   -1.100788    0.000000       -2.213093        1.000000   20.253097    8.200781    0.094722    4.646461
    0.882353    0.513456    0.962486   -1.103980    0.000000       -2.216990        1.000000   20.400059    8.224775    0.094722    4.646461
    0.892157    0.475435    1.012838   -1.106600    0.000000       -2.220224        1.000000   20.536139    8.244075    0.094722    4.646461
    0.901961    0.436198    1.063298   -1.108750    0.000000       -2.222905        1.000000   20.660988    8.259209    0.094722    4.646461
    0.911765    0.395844    1.113847   -1.110512    0.000000       -2.225125        1.000000   20.774287    8.270726    0.094722    4.646461
    0.921569    0.354473    1.164469   -1.111950    0.000000       -2.226955        1.000000   20.875744    8.279181    0.094722    4.646461
    0.931373    0.312190    1.215149   -1.113118    0.000000       -2.228454        1.000000   20.965100    8.285120    0.094722    4.646461
    0.941176    0.269103    1.265878   -1.114058    0.000000       -2.229671        1.000000   21.042123    8.289063    0.094722    4.646461
    0.950980    0.225323    1.316645   -1.114802    0.000000       -2.230642        1.000000   21.106615    8.291496    0.094722    4.646461
    0.960784    0.180961    1.367442   -1.115378    0.000000       -2.231398        1.000000   21.158410    8.292851    0.094722    4.646461
    0.970588    0.136131    1.418262   -1.115806    0.000000       -2.231963        1.000000   21.197374    8.293501    0.094722    4.646461
    0.980392    0.090950    1.469098   -1.116100    0.000000       -2.232354        1.000000   21.223405    8.293744    0.094722    4.646461
    0.990196    0.045534    1.519944   -1.116273    0.000000       -2.232584        1.000000   21.236438    8.293801    0.094722    4.646461
    1.000000    0.000000    1.570796   -1.116330    0.000000       -2.232659        1.000000   21.236438    8.293805    0.094722    4.646461
