           t           r         psi          cs          qs               p             sig           A           V          Q2           S
    0.000000    0.000000   -1.570796   -0.998175    0.000000       -1.996351        1.000000    0.000000   -0.000000    0.181942    6.199778
    0.009804    0.060745   -1.510119   -0.998458    0.000000       -1.996727        1.000000    0.000000    0.000011    0.181942    6.199778
    0.019608    0.121266   -1.449408   -0.999322    0.000000       -1.997876        1.000000    0.046312    0.000170    0.181942    6.199778
    0.029412    0.181340   -1.388625   -1.000825    0.000000       -1.999864        1.000000    0.115567    0.000858    0.181942    6.199778
    0.039216    0.240745   -1.327728   -1.003061    0.000000       -2.002799        1.000000    0.207509    0.002689    0.181942    6.199778
    0.049020    0.299257   -1.266671   -1.006168    0.000000       -2.006843        1.000000    0.321797    0.006496    0.181942    6.199778
    0.058824    0.356657   -1.205393   -1.010342    0.000000       -2.012220        1.000000    0.458006    0.013298    0.181942    6.199778
    0.068627    0.412722   -1.143822   -1.015848    0.000000       -2.019231        1.000000    0.615626    0.024266    0.181942    6.199778
    0.078431    0.467234   -1.081868   -1.023045    0.000000       -2.028281        1.000000    0.794065    0.040678    0.181942    6.199778
    0.088235    0.519970   -1.019413   -1.032418    0.000000       -2.039912        1.000000    0.992645    0.063877    0.181942    6.199778
    0.098039    0.570707   -0.956305   -1.044621    0.000000       -2.054846        1.000000    1.210601    0.095219    0.181942    6.199778
    0.107843    0.619219   -0.892349   -1.060538    0.000000       -2.074048        1.000000    1.447084    0.136020    0.181942    6.199778
    0.117647    0.665271   -0.827283   -1.081348    0.000000       -2.098795        1.000000    1.701155    0.187507    0.181942    6.199778
    0.127451    0.708618   -0.760765   -1.108602    0.000000       -2.130745        1.000000    1.971779    0.250761    0.181942    6.199778
    0.137255    0.748995   -0.692347   -1.144244    0.000000       -2.171953        1.000000    2.257825    0.326663    0.181942    6.199778
    0.147059    0.786116   -0.621452   -1.190466    0.000000       -2.224707        1.000000    2.558047    0.415837    0.181942    6.199778
    0.156863    0.819658   -0.547377   -1.249054    0.000000       -2.290822        1.000000    2.871079    0.518587    0.181942    6.199778
    0.166667    0.849256   -0.469367   -1.319486    0.000000       -2.369646        1.000000    3.195414    0.634822    0.181942    6.199778
    0.176471    0.874504   -0.386872   -1.394490    0.000000       -2.453483        1.000000    3.529392    0.763954    0.181942    6.199778
    0.186275    0.894986   -0.300180   -1.452281    0.000000       -2.519653        1.000000    3.871192    0.904790    0.181942    6.199778
    0.196078    0.910363   -0.211532   -1.450127    0.000000       -2.524106        1.000000    4.218865    1.055426    0.181942    6.199778
    0.205882    0.920540   -0.126176   -1.336664    0.000000       -2.414346        1.000000    4.570424    1.213299    0.181942    6.199778
    0.215686    0.925863   -0.051680   -1.095593    0.000000       -2.174224        1.000000    4.924016    1.375519    0.181942    6.199778
    0.225490    0.927170    0.005431   -0.777769    0.000000       -1.856304        1.000000    5.278107    1.539481    0.181942    6.199778
    0.235294    0.925602    0.042998   -0.465138    0.000000       -1.544517        1.000000    5.631600    1.703358    0.181942    6.199778
    0.245098    0.922298    0.063217   -0.212295    0.000000       -1.294378        1.000000    5.983830    1.866164    0.181942    6.199778
    0.254902    0.918188    0.070307   -0.032839    0.000000       -1.119250        1.000000    6.334491    2.027514    0.181942    6.199778
    0.264706    0.913937    0.068509    0.082617    0.000000       -1.008983        1.000000    6.683529    2.187360    0.181942    6.199778
    0.274510    0.909976    0.061247    0.149507    0.000000       -0.947362        1.000000    7.031053    2.345818    0.181942    6.199778
    0.284314    0.906556    0.051033    0.181788    0.000000       -0.919852        1.000000    7.377272    2.503076    0.181942    6.199778
    0.294118    0.903799    0.039630    0.190167    0.000000       -0.915406        1.000000    7.722437    2.659350    0.181942    6.199778
    0.303922    0.901739    0.028241    0.182427    0.000000       -0.926099        1.000000    8.066816    2.814865    0.181942    6.199778
    0.313725    0.900349    0.017665    0.164196    0.000000       -0.946311        1.000000    8.410665    2.969836    0.181942    6.199778
    0.323529    0.899565    0.008408    0.139607    0.000000       -0.972003        1.000000    8.754213    3.124464    0.181942    6.199778
    0.333333    0.899295    0.000759    0.111783    0.000000       -1.000199        1.000000    9.097659    3.278924    0.181942    6.199778
    0.343137    0.899437   -0.005164    0.083135    0.000000       -1.028656        1.000000    9.441159    3.433367    0.181942    6.199778
    0.352941    0.899888   -0.009369    0.055543    0.000000       -1.055658        1.000000    9.784831    3.587911    0.181942    6.199778
    0.362745    0.900544   -0.011967    0.030449    0.000000       -1.079911        1.000000   10.128753    3.742643    0.181942    6.199778
    0.372549    0.901313   -0.013143    0.008897    0.000000       -1.100499        1.000000   10.472969    3.897620    0.181942    6.199778
    0.382353    0.902117   -0.013134   -0.008452    0.000000       -1.116860        1.000000   10.817493    4.052868    0.181942    6.199778
    0.392157    0.902891   -0.012207   -0.021308    0.000000       -1.128778        1.000000   11.162312    4.208391    0.181942    6.199778
    0.401961    0.903588   -0.010634   -0.029727    0.000000       -1.136363        1.000000   11.507397    4.364171    0.181942    6.199778
    0.411765    0.904176   -0.008676   -0.034066    0.000000       -1.140003        1.000000   11.852707    4.520176    0.181942    6.199778
    0.421569    0.904640   -0.006563   -0.034913    0.000000       -1.140302        1.000000   12.198194    4.676365    0.181942    6.199778
    0.431373    0.904975   -0.004487   -0.033002    0.000000       -1.137994        1.000000   12.543809    4.832695    0.181942    6.199778
    0.441176    0.905189   -0.002591   -0.029122    0.000000       -1.133861        1.000000   12.889505    4.989121    0.181942    6.199778
    0.450980    0.905296   -0.000971   -0.024043    0.000000       -1.128654        1.000000   13.235242    5.145602    0.181942    6.199778
    0.460784    0.905314    0.000321   -0.018444    0.000000       -1.123034        1.000000   13.580987    5.302104    0.181942    6.199778
    0.470588    0.905264    0.001272   -0.012885    0.000000       -1.117535        1.000000   13.926712    5.458601    0.181942    6.199778
    0.480392    0.905166    0.001896   -0.007781    0.000000       -1.112549        1.000000   14.272399    5.615071    0.181942    6.199778
    0.490196    0.905039    0.002232   -0.003411    0.000000       -1.108333        1.000000   14.618038    5.771502    0.181942    6.199778
    0.500000    0.904899    0.002329    0.000074    0.000000       -1.105019        1.000000   14.963624    5.927886    0.181942    6.199778
    0.509804    0.904759    0.002242    0.002624    0.000000       -1.102639        1.000000   15.309157    6.084221    0.181942    6.199778
    0.519608    0.904629    0.002028    0.004269    0.000000       -1.101154        1.000000   15.654640    6.240510    0.181942    6.199778
    0.529412    0.904514    0.001740    0.005091    0.000000       -1.100473        1.000000   16.000078    6.396756    0.181942    6.199778
    0.539216    0.904418    0.001424    0.005204    0.000000       -1.100478        1.000000   16.345481    6.552966    0.181942    6.199778
    0.549020    0.904341    0.001119    0.004735    0.000000       -1.101042        1.000000   16.690853    6.709146    0.181942    6.199778
    0.558824    0.904281    0.000858    0.003806    0.000000       -1.102044        1.000000   17.036203    6.865302    0.181942    6.199778
    0.568627    0.904235    0.000664    0.002524    0.000000       -1.103383        1.000000   17.381536    7.021441    0.181942    6.199778
    0.578431    0.904199    0.000556    0.000970    0.000000       -1.104982        1.000000   17.726854    7.177565    0.181942    6.199778
    0.588235    0.904166    0.000550   -0.000807    0.000000       -1.106799        1.000000   18.072160    7.333678    0.181942    6.199778
    0.598039    0.904130    0.000659   -0.002797    0.000000       -1.108833        1.000000   18.417452    7.489778    0.181942    6.199778
    0.607843    0.904083    0.000895   -0.005031    0.000000       -1.111124        1.000000   18.762726    7.645865    0.181942    6.199778
    0.617647    0.904018    0.001277   -0.007592    0.000000       -1.113764        1.000000   19.107975    7.801932    0.181942    6.199778
    0.627451    0.903924    0.001827   -0.010613    0.000000       -1.116898        1.000000   19.453189    7.957973    0.181942    6.199778
    0.637255    0.903792    0.002580   -0.014287    0.000000       -1.120734        1.000000   19.798351    8.113974    0.181942    6.199778
    0.647059    0.903606    0.003583   -0.018879    0.000000       -1.125550        1.000000   20.143443    8.269921    0.181942    6.199778
    0.656863    0.903350    0.004901   -0.024733    0.000000       -1.131711        1.000000   20.488437    8.425791    0.181942    6.199778
    0.666667    0.903002    0.006624   -0.032288    0.000000       -1.139682        1.000000   20.833299    8.581557    0.181942    6.199778
    0.676471    0.902534    0.008872   -0.042096    0.000000       -1.150045        1.000000   21.177981    8.737180    0.181942    6.199778
    0.686275    0.901909    0.011801   -0.054836    0.000000       -1.163517        1.000000   21.522425    8.892613    0.181942    6.199778
    0.696078    0.901081    0.015613   -0.071325    0.000000       -1.180967        1.000000   21.866553    9.047792    0.181942    6.199778
    0.705882    0.899988    0.020566   -0.092520    0.000000       -1.203410        1.000000   22.210264    9.202631    0.181942    6.199778
    0.715686    0.898552    0.026978   -0.119495    0.000000       -1.231992        1.000000   22.553425    9.357020    0.181942    6.199778
    0.725490    0.896672    0.035233   -0.153381    0.000000       -1.267924        1.000000   22.895869    9.510812    0.181942    6.199778
    0.735294    0.894223    0.045785   -0.195258    0.000000       -1.312375        1.000000   23.237378    9.663816    0.181942    6.199778
    0.745098    0.891051    0.059149   -0.245978    0.000000       -1.366285        1.000000   23.577675    9.815782    0.181942    6.199778
    0.754902    0.886969    0.075875   -0.305945    0.000000       -1.430136        1.000000   23.916414    9.966386    0.181942    6.199778
    0.764706    0.881758    0.096523   -0.374864    0.000000       -1.503684        1.000000   24.253162   10.115213    0.181942    6.199778
    0.774510    0.875166    0.121603   -0.451552    0.000000       -1.585755        1.000000   24.587392   10.261741    0.181942    6.199778
    0.784314    0.866916    0.151530   -0.533887    0.000000       -1.674184        1.000000   24.918472   10.405324    0.181942    6.199778
    0.794118    0.856716    0.186561   -0.618980    0.000000       -1.765974        1.000000   25.245657   10.545192    0.181942    6.199778
    0.803922    0.844270    0.226765   -0.703555    0.000000       -1.857686        1.000000   25.568088   10.680447    0.181942    6.199778
    0.813725    0.829294    0.272013   -0.784446    0.000000       -1.945954        1.000000   25.884800   10.810096    0.181942    6.199778
    0.823529    0.811529    0.321998   -0.859063    0.000000       -2.027973        1.000000   26.194727   10.933080    0.181942    6.199778
    0.833333    0.790758    0.376282   -0.925679    0.000000       -2.101813        1.000000   26.496722   11.048336    0.181942    6.199778
    0.843137    0.766811    0.434349   -0.983487    0.000000       -2.166495        1.000000   26.789572   11.154860    0.181942    6.199778
    0.852941    0.739573    0.495660   -1.032474    0.000000       -2.221885        1.000000   27.072018   11.251782    0.181942    6.199778
    0.862745    0.708983    0.559693   -1.073200    0.000000       -2.268459        1.000000   27.342783   11.338425    0.181942    6.199778
    0.872549    0.675038    0.625973   -1.106554    0.000000       -2.307069        1.000000   27.600583   11.414363    0.181942    6.199778
    0.882353    0.637784    0.694082   -1.133558    0.000000       -2.338733        1.000000   27.844157   11.479458    0.181942    6.199778
    0.892157    0.597314    0.763665   -1.155230    0.000000       -2.364487        1.000000   28.072274   11.533875    0.181942    6.199778
    0.901961    0.553765    0.834428   -1.172507    0.000000       -2.385299        1.000000   28.283760   11.578081    0.181942    6.199778
    0.911765    0.507309    0.906128   -1.186201    0.000000       -2.402024        1.000000   28.477504   11.612819    0.181942    6.199778
    0.921569    0.458153    0.978569   -1.196996    0.000000       -2.415390        1.000000   28.652475   11.639065    0.181942    6.199778
    0.931373    0.406530    1.051592   -1.205452    0.000000       -2.426000        1.000000   28.807731   11.657975    0.181942    6.199778
    0.941176    0.352699    1.125070   -1.212018    0.000000       -2.434344        1.000000   28.942429   11.670816    0.181942    6.199778
    0.950980    0.296939    1.198899   -1.217050    0.000000       -2.440815        1.000000   29.055832   11.678889    0.181942    6.199778
    0.960784    0.239546    1.272995   -1.220825    0.000000       -2.445722        1.000000   29.147316   11.683460    0.181942    6.199778
    0.970588    0.180831    1.347287   -1.223555    0.000000       -2.449303        1.000000   29.216376   11.685678    0.181942    6.199778
    0.980392    0.121114    1.421717   -1.225397    0.000000       -2.451737        1.000000   29.262630   11.686516    0.181942    6.199778
    0.990196    0.060726    1.496236   -1.226458    0.000000       -2.453148        1.000000   29.285822   11.686712    0.181942    6.199778
    1.000000    0.000000    1.570796   -1.226805    0.000000       -2.453610        1.000000   29.285822   11.686725    0.181942    6.199778
