           t           r         psi          cs          qs               p             sig           A           V          Q2           S
    0.000000   -0.000000   -1.570796   -1.086511    0.000000       -2.173022        1.000000    0.000000    0.000000    0.452441    8.154930
    0.009804    0.079850   -1.483835   -1.090075    0.000000       -2.177769        1.000000    0.000000    0.000035    0.452441    8.154930
    0.019608    0.159093   -1.396295   -1.101092    0.000000       -2.192386        1.000000    0.079919    0.000554    0.452441    8.154930
    0.029412    0.237113   -1.307546   -1.120505    0.000000       -2.217957        1.000000    0.199031    0.002779    0.452441    8.154930
    0.039216    0.313265   -1.216861   -1.149841    0.000000       -2.256226        1.000000    0.356397    0.008671    0.452441    8.154930
    0.049020    0.386865   -1.123367   -1.191155    0.000000       -2.309503        1.000000    0.550736    0.020818    0.452441    8.154930
    0.058824    0.457163   -1.026012   -1.246826    0.000000       -2.380413        1.000000    0.780388    0.042274    0.452441    8.154930
    0.068627    0.523321   -0.923559   -1.318956    0.000000       -2.471184        1.000000    1.043274    0.076341    0.452441    8.154930
    0.078431    0.584383   -0.814660   -1.407824    0.000000       -2.581909        1.000000    1.336835    0.126268    0.452441    8.154930
    0.088235    0.639261   -0.698121   -1.508579    0.000000       -2.706917        1.000000    1.657963    0.194853    0.452441    8.154930
    0.098039    0.686750   -0.573523   -1.605514    0.000000       -2.828659        1.000000    2.002947    0.283901    0.452441    8.154930
    0.107843    0.725637   -0.442358   -1.665815    0.000000       -2.911266        1.000000    2.367465    0.393582    0.452441    8.154930
    0.117647    0.754953   -0.309420   -1.641437    0.000000       -2.903118        1.000000    2.746710    0.521882    0.452441    8.154930
    0.127451    0.774360   -0.183269   -1.491902    0.000000       -2.761665        1.000000    3.135704    0.664580    0.452441    8.154930
    0.137255    0.784473   -0.074165   -1.220454    0.000000       -2.491691        1.000000    3.529778    0.816149    0.452441    8.154930
    0.147059    0.786853    0.010095   -0.882448    0.000000       -2.153269        1.000000    3.925048    0.971296    0.452441    8.154930
    0.156863    0.783591    0.067083   -0.548917    0.000000       -1.822224        1.000000    4.318678    1.126161    0.452441    8.154930
    0.166667    0.776798    0.099294   -0.267809    0.000000       -1.548803        1.000000    4.708897    1.278575    0.452441    8.154930
    0.176471    0.768265    0.111766   -0.055840    0.000000       -1.349354        1.000000    5.094829    1.427652    0.452441    8.154930
    0.186275    0.759341    0.109988    0.090119    0.000000       -1.218855        1.000000    5.476279    1.573265    0.452441    8.154930
    0.196078    0.750961    0.098825    0.180981    0.000000       -1.144148        1.000000    5.853518    1.715679    0.452441    8.154930
    0.205882    0.743709    0.082194    0.228804    0.000000       -1.111267        1.000000    6.227115    1.855341    0.452441    8.154930
    0.215686    0.737898    0.063098    0.244316    0.000000       -1.108188        1.000000    6.597793    1.992768    0.452441    8.154930
    0.225490    0.733633    0.043750    0.236432    0.000000       -1.125342        1.000000    6.966328    2.128496    0.452441    8.154930
    0.235294    0.730870    0.025720    0.212448    0.000000       -1.155332        1.000000    7.333475    2.263046    0.452441    8.154930
    0.245098    0.729458    0.010048    0.178349    0.000000       -1.192462        1.000000    7.699913    2.396895    0.452441    8.154930
    0.254902    0.729184   -0.002660    0.139051    0.000000       -1.232341        1.000000    8.066213    2.530462    0.452441    8.154930
    0.264706    0.729798   -0.012155    0.098555    0.000000       -1.271586        1.000000    8.432821    2.664097    0.452441    8.154930
    0.274510    0.731042   -0.018472    0.060029    0.000000       -1.307647        1.000000    8.800055    2.798069    0.452441    8.154930
    0.284314    0.732673   -0.021870    0.025838    0.000000       -1.338701        1.000000    9.168108    2.932564    0.452441    8.154930
    0.294118    0.734472   -0.022762   -0.002428    0.000000       -1.363597        1.000000    9.537065    3.067690    0.452441    8.154930
    0.303922    0.736259   -0.021663   -0.023921    0.000000       -1.381819        1.000000    9.906919    3.203483    0.452441    8.154930
    0.313725    0.737898   -0.019123   -0.038476    0.000000       -1.393430        1.000000   10.277596    3.339918    0.452441    8.154930
    0.323529    0.739293   -0.015685   -0.046507    0.000000       -1.398984        1.000000   10.648975    3.476925    0.452441    8.154930
    0.333333    0.740395   -0.011838   -0.048871    0.000000       -1.399408        1.000000   11.020906    3.614405    0.452441    8.154930
    0.343137    0.741186   -0.007991   -0.046710    0.000000       -1.395856        1.000000   11.393236    3.752243    0.452441    8.154930
    0.352941    0.741681   -0.004455   -0.041287    0.000000       -1.389563        1.000000   11.765813    3.890324    0.452441    8.154930
    0.362745    0.741912   -0.001442   -0.033849    0.000000       -1.381716        1.000000   12.138508    4.028541    0.452441    8.154930
    0.372549    0.741928    0.000933   -0.025510    0.000000       -1.373348        1.000000   12.511210    4.166803    0.452441    8.154930
    0.382353    0.741781    0.002637   -0.017184    0.000000       -1.365286        1.000000   12.883838    4.305039    0.452441    8.154930
    0.392157    0.741524    0.003700   -0.009554    0.000000       -1.358119        1.000000   13.256337    4.443197    0.452441    8.154930
    0.401961    0.741205    0.004196   -0.003069    0.000000       -1.352212        1.000000   13.628676    4.581246    0.452441    8.154930
    0.411765    0.740865    0.004227    0.002033    0.000000       -1.347728        1.000000   14.000844    4.719171    0.452441    8.154930
    0.421569    0.740538    0.003909    0.005688    0.000000       -1.344672        1.000000   14.372847    4.856972    0.452441    8.154930
    0.431373    0.740246    0.003355    0.007966    0.000000       -1.342928        1.000000   14.744705    4.994657    0.452441    8.154930
    0.441176    0.740005    0.002668    0.009031    0.000000       -1.342306        1.000000   15.116441    5.132242    0.452441    8.154930
    0.450980    0.739821    0.001937    0.009102    0.000000       -1.342573        1.000000   15.488084    5.269749    0.452441    8.154930
    0.460784    0.739695    0.001232    0.008423    0.000000       -1.343485        1.000000   15.859664    5.407199    0.452441    8.154930
    0.470588    0.739622    0.000604    0.007235    0.000000       -1.344807        1.000000   16.231208    5.544611    0.452441    8.154930
    0.480392    0.739595    0.000083    0.005759    0.000000       -1.346332        1.000000   16.602738    5.682006    0.452441    8.154930
    0.490196    0.739605   -0.000314    0.004184    0.000000       -1.347889        1.000000   16.974273    5.819398    0.452441    8.154930
    0.500000    0.739642   -0.000587    0.002661    0.000000       -1.349344        1.000000   17.345827    5.956799    0.452441    8.154930
    0.509804    0.739696   -0.000744    0.001298    0.000000       -1.350609        1.000000   17.717408    6.094217    0.452441    8.154930
    0.519608    0.739758   -0.000801    0.000163    0.000000       -1.351629        1.000000   18.089020    6.231657    0.452441    8.154930
    0.529412    0.739822   -0.000777   -0.000710    0.000000       -1.352387        1.000000   18.460664    6.369120    0.452441    8.154930
    0.539216    0.739881   -0.000694   -0.001319    0.000000       -1.352887        1.000000   18.832338    6.506606    0.452441    8.154930
    0.549020    0.739932   -0.000573   -0.001683    0.000000       -1.353158        1.000000   19.204037    6.644113    0.452441    8.154930
    0.558824    0.739972   -0.000431   -0.001837    0.000000       -1.353239        1.000000   19.575756    6.781637    0.452441    8.154930
    0.568627    0.740001   -0.000283   -0.001826    0.000000       -1.353176        1.000000   19.947490    6.919174    0.452441    8.154930
    0.578431    0.740018   -0.000142   -0.001700    0.000000       -1.353019        1.000000   20.319233    7.056719    0.452441    8.154930
    0.588235    0.740024   -0.000013   -0.001506    0.000000       -1.352814        1.000000   20.690978    7.194268    0.452441    8.154930
    0.598039    0.740020    0.000098   -0.001290    0.000000       -1.352604        1.000000   21.062721    7.331818    0.452441    8.154930
    0.607843    0.740008    0.000193   -0.001091    0.000000       -1.352427        1.000000   21.434459    7.469365    0.452441    8.154930
    0.617647    0.739990    0.000274   -0.000943    0.000000       -1.352314        1.000000   21.806187    7.606906    0.452441    8.154930
    0.627451    0.739965    0.000346   -0.000876    0.000000       -1.352291        1.000000   22.177903    7.744439    0.452441    8.154930
    0.637255    0.739934    0.000417   -0.000913    0.000000       -1.352385        1.000000   22.549604    7.881962    0.452441    8.154930
    0.647059    0.739898    0.000496   -0.001079    0.000000       -1.352617        1.000000   22.921286    8.019472    0.452441    8.154930
    0.656863    0.739854    0.000594   -0.001398    0.000000       -1.353015        1.000000   23.292946    8.156968    0.452441    8.154930
    0.666667    0.739802    0.000724   -0.001899    0.000000       -1.353611        1.000000   23.664580    8.294446    0.452441    8.154930
    0.676471    0.739737    0.000903   -0.002619    0.000000       -1.354449        1.000000   24.036182    8.431902    0.452441    8.154930
    0.686275    0.739656    0.001150   -0.003609    0.000000       -1.355589        1.000000   24.407742    8.569331    0.452441    8.154930
    0.696078    0.739551    0.001489   -0.004941    0.000000       -1.357111        1.000000   24.779250    8.706726    0.452441    8.154930
    0.705882    0.739414    0.001952   -0.006710    0.000000       -1.359129        1.000000   25.150690    8.844076    0.452441    8.154930
    0.715686    0.739235    0.002578   -0.009048    0.000000       -1.361794        1.000000   25.522038    8.981368    0.452441    8.154930
    0.725490    0.738997    0.003418   -0.012131    0.000000       -1.365310        1.000000   25.893268    9.118582    0.452441    8.154930
    0.735294    0.738680    0.004543   -0.016197    0.000000       -1.369948        1.000000   26.264338    9.255694    0.452441    8.154930
    0.745098    0.738260    0.006043   -0.021556    0.000000       -1.376068        1.000000   26.635198    9.392669    0.452441    8.154930
    0.754902    0.737701    0.008036   -0.028620    0.000000       -1.384139        1.000000   27.005776    9.529462    0.452441    8.154930
    0.764706    0.736958    0.010679   -0.037920    0.000000       -1.394772        1.000000   27.375982    9.666013    0.452441    8.154930
    0.774510    0.735971    0.014177   -0.050141    0.000000       -1.408754        1.000000   27.745691    9.802241    0.452441    8.154930
    0.784314    0.734661    0.018797   -0.066152    0.000000       -1.427083        1.000000   28.114743    9.938040    0.452441    8.154930
    0.794118    0.732926    0.024884   -0.087037    0.000000       -1.451008        1.000000   28.482923   10.073267    0.452441    8.154930
    0.803922    0.730632    0.032879   -0.114118    0.000000       -1.482057        1.000000   28.849950   10.207733    0.452441    8.154930
    0.813725    0.727605    0.043338   -0.148956    0.000000       -1.522039        1.000000   29.215457   10.341189    0.452441    8.154930
    0.823529    0.723621    0.056951   -0.193312    0.000000       -1.573011        1.000000   29.578963   10.473302    0.452441    8.154930
    0.833333    0.718397    0.074552   -0.249044    0.000000       -1.637164        1.000000   29.939844   10.603637    0.452441    8.154930
    0.843137    0.711580    0.097123   -0.317905    0.000000       -1.716606        1.000000   30.297301   10.731622    0.452441    8.154930
    0.852941    0.702732    0.125772   -0.401238    0.000000       -1.813015        1.000000   30.650313   10.856519    0.452441    8.154930
    0.862745    0.691333    0.161682   -0.499553    0.000000       -1.927168        1.000000   30.997599   10.977385    0.452441    8.154930
    0.872549    0.676777    0.206031   -0.612086    0.000000       -2.058428        1.000000   31.337573   11.093047    0.452441    8.154930
    0.882353    0.658387    0.259872   -0.736448    0.000000       -2.204313        1.000000   31.668309   11.202097    0.452441    8.154930
    0.892157    0.635448    0.323997   -0.868567    0.000000       -2.360381        1.000000   31.987521   11.302924    0.452441    8.154930
    0.901961    0.607252    0.398819   -1.003040    0.000000       -2.520566        1.000000   32.292570   11.393812    0.452441    8.154930
    0.911765    0.573159    0.484288   -1.133903    0.000000       -2.677988        1.000000   32.580492   11.473113    0.452441    8.154930
    0.921569    0.532669    0.579886   -1.255595    0.000000       -2.826036        1.000000   32.848075   11.539497    0.452441    8.154930
    0.931373    0.485487    0.684697   -1.363808    0.000000       -2.959341        1.000000   33.091955   11.592226    0.452441    8.154930
    0.941176    0.431577    0.797529   -1.455937    0.000000       -3.074368        1.000000   33.308755   11.631404    0.452441    8.154930
    0.950980    0.371191    0.917048   -1.531066    0.000000       -3.169485        1.000000   33.495220   11.658098    0.452441    8.154930
    0.960784    0.304876    1.041905   -1.589609    0.000000       -3.244631        1.000000   33.648372   11.674289    0.452441    8.154930
    0.970588    0.233454    1.170818   -1.632786    0.000000       -3.300772        1.000000   33.765646   11.682603    0.452441    8.154930
    0.980392    0.157984    1.302619   -1.662124    0.000000       -3.339343        1.000000   33.845008   11.685883    0.452441    8.154930
    0.990196    0.079709    1.436262   -1.679044    0.000000       -3.361775        1.000000   33.885049   11.686671    0.452441    8.154930
    1.000000    0.000000    1.570796   -1.684561    0.000000       -3.369121        1.000000   33.885049   11.686725    0.452441    8.154930
