           t           r         psi          cs          qs               p             sig           A           V          Q2           S
    0.000000    0.000000   -1.570796   -0.998282    0.000000       -1.996563        1.000000    0.000000    0.000000    0.005497    5.048135
    0.009804    0.049471   -1.521390   -0.998282    0.000000       -1.996564        1.000000    0.000000    0.000005    0.005497    5.048135
    0.019608    0.098822   -1.471983   -0.998284    0.000000       -1.996567        1.000000    0.030730    0.000075    0.005497    5.048135
    0.029412    0.147932   -1.422577   -0.998288    0.000000       -1.996572        1.000000    0.076732    0.000378    0.005497    5.048135
    0.039216    0.196680   -1.373170   -0.998293    0.000000       -1.996579        1.000000    0.137892    0.001189    0.005497    5.048135
    0.049020    0.244948   -1.323762   -0.998301    0.000000       -1.996588        1.000000    0.214062    0.002881    0.005497    5.048135
    0.058824    0.292619   -1.274355   -0.998310    0.000000       -1.996601        1.000000    0.305056    0.005920    0.005497    5.048135
    0.068627    0.339576   -1.224947   -0.998322    0.000000       -1.996616        1.000000    0.410652    0.010853    0.005497    5.048135
    0.078431    0.385703   -1.175538   -0.998338    0.000000       -1.996636        1.000000    0.530592    0.018289    0.005497    5.048135
    0.088235    0.430889   -1.126128   -0.998357    0.000000       -1.996661        1.000000    0.664584    0.028893    0.005497    5.048135
    0.098039    0.475024   -1.076717   -0.998382    0.000000       -1.996692        1.000000    0.812299    0.043361    0.005497    5.048135
    0.107843    0.517999   -1.027305   -0.998413    0.000000       -1.996730        1.000000    0.973378    0.062408    0.005497    5.048135
    0.117647    0.559710   -0.977891   -0.998452    0.000000       -1.996777        1.000000    1.147428    0.086745    0.005497    5.048135
    0.127451    0.600055   -0.928475   -0.998502    0.000000       -1.996837        1.000000    1.334024    0.117068    0.005497    5.048135
    0.137255    0.638934   -0.879056   -0.998565    0.000000       -1.996913        1.000000    1.532710    0.154031    0.005497    5.048135
    0.147059    0.676254   -0.829634   -0.998647    0.000000       -1.997009        1.000000    1.743001    0.198234    0.005497    5.048135
    0.156863    0.711923   -0.780207   -0.998755    0.000000       -1.997133        1.000000    1.964383    0.250206    0.005497    5.048135
    0.166667    0.745853   -0.730773   -0.998896    0.000000       -1.997295        1.000000    2.196317    0.310387    0.005497    5.048135
    0.176471    0.777961   -0.681332   -0.999087    0.000000       -1.997510        1.000000    2.438235    0.379118    0.005497    5.048135
    0.186275    0.808170   -0.631880   -0.999348    0.000000       -1.997800        1.000000    2.689547    0.456627    0.005497    5.048135
    0.196078    0.836403   -0.582412   -0.999712    0.000000       -1.998201        1.000000    2.949639    0.543020    0.005497    5.048135
    0.205882    0.862592   -0.532922   -1.000235    0.000000       -1.998768        1.000000    3.217874    0.638275    0.005497    5.048135
    0.215686    0.886671   -0.483401   -1.001007    0.000000       -1.999596        1.000000    3.493597    0.742238    0.005497    5.048135
    0.225490    0.908579   -0.433833   -1.002192    0.000000       -2.000852        1.000000    3.776133    0.854620    0.005497    5.048135
    0.235294    0.928260   -0.384190   -1.004094    0.000000       -2.002847        1.000000    4.064789    0.975001    0.005497    5.048135
    0.245098    0.945661   -0.334423   -1.007328    0.000000       -2.006206        1.000000    4.358856    1.102831    0.005497    5.048135
    0.254902    0.960732   -0.284438   -1.013258    0.000000       -2.012308        1.000000    4.657609    1.237439    0.005497    5.048135
    0.264706    0.973420   -0.234030   -1.025265    0.000000       -2.024566        1.000000    4.960308    1.378041    0.005497    5.048135
    0.274510    0.983662   -0.182703   -1.053106    0.000000       -2.052795        1.000000    5.266192    1.523748    0.005497    5.048135
    0.284314    0.991359   -0.129023   -1.129841    0.000000       -2.130173        1.000000    5.574469    1.673576    0.005497    5.048135
    0.294118    0.996282   -0.068516   -1.343046    0.000000       -2.344423        1.000000    5.884278    1.826434    0.005497    5.048135
    0.303922    0.998012   -0.004513   -0.931124    0.000000       -1.933105        1.000000    6.194624    1.980992    0.005497    5.048135
    0.313725    0.997616    0.012240    0.055766    0.000000       -0.946549        1.000000    6.504847    2.135809    0.005497    5.048135
    0.323529    0.997166    0.005194    0.159941    0.000000       -0.842888        1.000000    6.814930    2.290465    0.005497    5.048135
    0.333333    0.997074   -0.000747    0.072799    0.000000       -0.930135        1.000000    7.124985    2.445044    0.005497    5.048135
    0.343137    0.997164   -0.002210   -0.005849    0.000000       -1.008691        1.000000    7.435067    2.599630    0.005497    5.048135
    0.352941    0.997251   -0.001125   -0.028848    0.000000       -1.031604        1.000000    7.745176    2.754246    0.005497    5.048135
    0.362745    0.997275    0.000030   -0.015068    0.000000       -1.017801        1.000000    8.055293    2.908880    0.005497    5.048135
    0.372549    0.997262    0.000357    0.000268    0.000000       -1.002477        1.000000    8.365406    3.063514    0.005497    5.048135
    0.382353    0.997248    0.000193    0.004678    0.000000       -0.998082        1.000000    8.675515    3.218143    0.005497    5.048135
    0.392157    0.997243    0.000001    0.002594    0.000000       -1.000170        1.000000    8.985622    3.372770    0.005497    5.048135
    0.401961    0.997245   -0.000059    0.000059    0.000000       -1.002703        1.000000    9.295730    3.527396    0.005497    5.048135
    0.411765    0.997248   -0.000034   -0.000764    0.000000       -1.003524        1.000000    9.605838    3.682023    0.005497    5.048135
    0.421569    0.997248   -0.000002   -0.000457    0.000000       -1.003216        1.000000    9.915947    3.836651    0.005497    5.048135
    0.431373    0.997248    0.000009   -0.000028    0.000000       -1.002788        1.000000   10.226056    3.991279    0.005497    5.048135
    0.441176    0.997248    0.000006    0.000124    0.000000       -1.002636        1.000000   10.536164    4.145906    0.005497    5.048135
    0.450980    0.997248    0.000001    0.000080    0.000000       -1.002680        1.000000   10.846273    4.300534    0.005497    5.048135
    0.460784    0.997248   -0.000002    0.000008    0.000000       -1.002752        1.000000   11.156381    4.455161    0.005497    5.048135
    0.470588    0.997248   -0.000001   -0.000020    0.000000       -1.002780        1.000000   11.466490    4.609789    0.005497    5.048135
    0.480392    0.997248   -0.000000   -0.000014    0.000000       -1.002774        1.000000   11.776598    4.764416    0.005497    5.048135
    0.490196    0.997248    0.000000   -0.000002    0.000000       -1.002762        1.000000   12.086707    4.919044    0.005497    5.048135
    0.500000    0.997248    0.000000    0.000003    0.000000       -1.002757        1.000000   12.396815    5.073671    0.005497    5.048135
    0.509804    0.997248    0.000000    0.000002    0.000000       -1.002758        1.000000   12.706924    5.228299    0.005497    5.048135
    0.519608    0.997248   -0.000000    0.000000    0.000000       -1.002760        1.000000   13.017032    5.382926    0.005497    5.048135
    0.529412    0.997248   -0.000000   -0.000001    0.000000       -1.002760        1.000000   13.327141    5.537554    0.005497    5.048135
    0.539216    0.997248   -0.000000   -0.000000    0.000000       -1.002760        1.000000   13.637249    5.692181    0.005497    5.048135
    0.549020    0.997248    0.000000   -0.000000    0.000000       -1.002760        1.000000   13.947358    5.846809    0.005497    5.048135
    0.558824    0.997248    0.000000   -0.000000    0.000000       -1.002760        1.000000   14.257466    6.001436    0.005497    5.048135
    0.568627    0.997248    0.000000   -0.000000    0.000000       -1.002760        1.000000   14.567575    6.156064    0.005497    5.048135
    0.578431    0.997248    0.000000   -0.000002    0.000000       -1.002762        1.000000   14.877683    6.310691    0.005497    5.048135
    0.588235    0.997248    0.000000   -0.000005    0.000000       -1.002765        1.000000   15.187792    6.465319    0.005497    5.048135
    0.598039    0.997248    0.000001   -0.000018    0.000000       -1.002778        1.000000   15.497900    6.619946    0.005497    5.048135
    0.607843    0.997248    0.000002   -0.000057    0.000000       -1.002817        1.000000   15.808009    6.774574    0.005497    5.048135
    0.617647    0.997247    0.000008   -0.000187    0.000000       -1.002947        1.000000   16.118117    6.929201    0.005497    5.048135
    0.627451    0.997247    0.000026   -0.000609    0.000000       -1.003370        1.000000   16.428225    7.083828    0.005497    5.048135
    0.637255    0.997244    0.000083   -0.001985    0.000000       -1.004749        1.000000   16.738333    7.238455    0.005497    5.048135
    0.647059    0.997236    0.000271   -0.006447    0.000000       -1.009218        1.000000   17.048438    7.393081    0.005497    5.048135
    0.656863    0.997211    0.000876   -0.020707    0.000000       -1.023503        1.000000   17.358535    7.547701    0.005497    5.048135
    0.666667    0.997129    0.002789   -0.064282    0.000000       -1.067158        1.000000   17.668607    7.702307    0.005497    5.048135
    0.676471    0.996875    0.008440   -0.181094    0.000000       -1.184194        1.000000   17.978599    7.856863    0.005497    5.048135
    0.686275    0.996153    0.022632   -0.409430    0.000000       -1.413035        1.000000   18.288367    8.011263    0.005497    5.048135
    0.696078    0.994420    0.049564   -0.671596    0.000000       -1.675972        1.000000   18.597596    8.165219    0.005497    5.048135
    0.705882    0.991066    0.087556   -0.845473    0.000000       -1.850623        1.000000   18.905782    8.318139    0.005497    5.048135
    0.715686    0.985667    0.131755   -0.929577    0.000000       -1.935326        1.000000   19.212290    8.469162    0.005497    5.048135
    0.725490    0.978020    0.178818   -0.967404    0.000000       -1.973574        1.000000   19.516419    8.617296    0.005497    5.048135
    0.735294    0.968047    0.227188   -0.985170    0.000000       -1.991633        1.000000   19.817447    8.761533    0.005497    5.048135
    0.745098    0.955724    0.276192   -0.994156    0.000000       -2.000827        1.000000   20.114644    8.900906    0.005497    5.048135
    0.754902    0.941060    0.325527   -0.999046    0.000000       -2.005870        1.000000   20.407280    9.034522    0.005497    5.048135
    0.764706    0.924079    0.375047   -1.001883    0.000000       -2.008821        1.000000   20.694636    9.161582    0.005497    5.048135
    0.774510    0.904815    0.424678   -1.003620    0.000000       -2.010645        1.000000   20.976001    9.281393    0.005497    5.048135
    0.784314    0.883311    0.474378   -1.004732    0.000000       -2.011825        1.000000   21.250679    9.393381    0.005497    5.048135
    0.794118    0.859619    0.524123   -1.005471    0.000000       -2.012619        1.000000   21.517990    9.497100    0.005497    5.048135
    0.803922    0.833794    0.573899   -1.005978    0.000000       -2.013169        1.000000   21.777270    9.592238    0.005497    5.048135
    0.813725    0.805901    0.623696   -1.006335    0.000000       -2.013561        1.000000   22.027877    9.678615    0.005497    5.048135
    0.823529    0.776008    0.673507   -1.006592    0.000000       -2.013848        1.000000   22.269188    9.756185    0.005497    5.048135
    0.833333    0.744188    0.723330   -1.006781    0.000000       -2.014061        1.000000   22.500604    9.825033    0.005497    5.048135
    0.843137    0.710520    0.773161   -1.006923    0.000000       -2.014223        1.000000   22.721550    9.885369    0.005497    5.048135
    0.852941    0.675087    0.822998   -1.007030    0.000000       -2.014347        1.000000   22.931478    9.937516    0.005497    5.048135
    0.862745    0.637977    0.872839   -1.007112    0.000000       -2.014443        1.000000   23.129866    9.981900    0.005497    5.048135
    0.872549    0.599282    0.922685   -1.007176    0.000000       -2.014519        1.000000   23.316221   10.019040    0.005497    5.048135
    0.882353    0.559097    0.972533   -1.007226    0.000000       -2.014579        1.000000   23.490081   10.049527    0.005497    5.048135
    0.892157    0.517524    1.022383   -1.007265    0.000000       -2.014627        1.000000   23.651012   10.074011    0.005497    5.048135
    0.901961    0.474665    1.072235   -1.007296    0.000000       -2.014665        1.000000   23.798616   10.093182    0.005497    5.048135
    0.911765    0.430626    1.122088   -1.007321    0.000000       -2.014696        1.000000   23.932526   10.107751    0.005497    5.048135
    0.921569    0.385517    1.171942   -1.007341    0.000000       -2.014721        1.000000   24.052408   10.118434    0.005497    5.048135
    0.931373    0.339451    1.221797   -1.007356    0.000000       -2.014741        1.000000   24.157965   10.125929    0.005497    5.048135
    0.941176    0.292540    1.271653   -1.007369    0.000000       -2.014757        1.000000   24.248935   10.130901    0.005497    5.048135
    0.950980    0.244903    1.321510   -1.007378    0.000000       -2.014769        1.000000   24.325091   10.133966    0.005497    5.048135
    0.960784    0.196656    1.371367   -1.007385    0.000000       -2.014779        1.000000   24.386244   10.135673    0.005497    5.048135
    0.970588    0.147922    1.421224   -1.007391    0.000000       -2.014786        1.000000   24.432242   10.136491    0.005497    5.048135
    0.980392    0.098819    1.471081   -1.007394    0.000000       -2.014791        1.000000   24.462971   10.136797    0.005497    5.048135
    0.990196    0.049471    1.520939   -1.007397    0.000000       -2.014794        1.000000   24.478355   10.136868    0.005497    5.048135
    1.000000    0.000000    1.570796   -1.007397    0.000000       -2.014795        1.000000   24.478355   10.136872    0.005497    5.048135
