           t           r         psi          cs          qs               p             sig           A           V          Q2           S
    0.000000   -0.000000   -1.570796   -1.191115    0.000000       -2.382230        1.000000    0.000000    0.000000    0.591556    6.462058
    0.009804    0.063293   -1.495226   -1.196290    0.000000       -2.389126        1.000000    0.000000    0.000015    0.591556    6.462058
    0.019608    0.126223   -1.418995   -1.212047    0.000000       -2.410077        1.000000    0.050245    0.000240    0.591556    6.462058
    0.029412    0.188416   -1.341414   -1.239034    0.000000       -2.445813        1.000000    0.125246    0.001210    0.591556    6.462058
    0.039216    0.249474   -1.261743   -1.278201    0.000000       -2.497390        1.000000    0.224552    0.003798    0.591556    6.462058
    0.049020    0.308969   -1.179177   -1.330610    0.000000       -2.565963        1.000000    0.347541    0.009187    0.591556    6.462058
    0.058824    0.366420   -1.092848   -1.397105    0.000000       -2.652383        1.000000    0.493398    0.018822    0.591556    6.462058
    0.068627    0.421285   -1.001855   -1.477700    0.000000       -2.756503        1.000000    0.661096    0.034338    0.591556    6.462058
    0.078431    0.472948   -0.905351   -1.570560    0.000000       -2.876009        1.000000    0.849358    0.057457    0.591556    6.462058
    0.088235    0.520713   -0.802703   -1.670416    0.000000       -3.004673        1.000000    1.056634    0.089831    0.591556    6.462058
    0.098039    0.563818   -0.693771   -1.766573    0.000000       -3.130206        1.000000    1.281069    0.132828    0.591556    6.462058
    0.107843    0.601476   -0.579313   -1.841301    0.000000       -3.232610        1.000000    1.520493    0.187276    0.591556    6.462058
    0.117647    0.632966   -0.461425   -1.870513    0.000000       -3.285153        1.000000    1.772453    0.253186    0.591556    6.462058
    0.127451    0.657762   -0.343802   -1.829177    0.000000       -3.260514        1.000000    2.034283    0.329585    0.591556    6.462058
    0.137255    0.675685   -0.231491   -1.701596    0.000000       -3.142097        1.000000    2.303247    0.414558    0.591556    6.462058
    0.147059    0.686998   -0.129961   -1.491272    0.000000       -2.934605        1.000000    2.576715    0.505576    0.591556    6.462058
    0.156863    0.692403   -0.043787   -1.222136    0.000000       -2.664997        1.000000    2.852334    0.600003    0.591556    6.462058
    0.166667    0.692920    0.024387   -0.928993    0.000000       -2.371733        1.000000    3.128159    0.695571    0.591556    6.462058
    0.176471    0.689706    0.074113   -0.644476    0.000000       -2.090389        1.000000    3.402705    0.790631    0.591556    6.462058
    0.186275    0.683901    0.106710   -0.390963    0.000000       -1.844845        1.000000    3.674940    0.884162    0.591556    6.462058
    0.196078    0.676522    0.124545   -0.179472    0.000000       -1.646171        1.000000    3.944237    0.975650    0.591556    6.462058
    0.205882    0.668413    0.130394   -0.012524    0.000000       -1.495904        1.000000    4.210307    1.064923    0.591556    6.462058
    0.215686    0.660240    0.127022    0.112308    0.000000       -1.390090        1.000000    4.473124    1.152023    0.591556    6.462058
    0.225490    0.652502    0.116954    0.199736    0.000000       -1.322357        1.000000    4.732860    1.237115    0.591556    6.462058
    0.235294    0.645549    0.102390    0.255188    0.000000       -1.285767        1.000000    4.989828    1.320428    0.591556    6.462058
    0.245098    0.639607    0.085182    0.284050    0.000000       -1.273742        1.000000    5.244431    1.402223    0.591556    6.462058
    0.254902    0.634793    0.066853    0.291363    0.000000       -1.280434        1.000000    5.497118    1.482775    0.591556    6.462058
    0.264706    0.631141    0.048621    0.281739    0.000000       -1.300821        1.000000    5.748351    1.562359    0.591556    6.462058
    0.274510    0.628613    0.031424    0.259361    0.000000       -1.330656        1.000000    5.998578    1.641237    0.591556    6.462058
    0.284314    0.627123    0.015948    0.227992    0.000000       -1.366388        1.000000    6.248212    1.719655    0.591556    6.462058
    0.294118    0.626547    0.002655    0.190982    0.000000       -1.405063        1.000000    6.497616    1.797838    0.591556    6.462058
    0.303922    0.626735   -0.008194    0.151261    0.000000       -1.444256        1.000000    6.747096    1.875978    0.591556    6.462058
    0.313725    0.627531   -0.016507    0.111326    0.000000       -1.482003        1.000000    6.996892    1.954239    0.591556    6.462058
    0.323529    0.628774   -0.022339    0.073233    0.000000       -1.516766        1.000000    7.247183    2.032749    0.591556    6.462058
    0.333333    0.630313   -0.025859    0.038582    0.000000       -1.547402        1.000000    7.498086    2.111602    0.591556    6.462058
    0.343137    0.632007   -0.027325    0.008529    0.000000       -1.573141        1.000000    7.749664    2.190858    0.591556    6.462058
    0.352941    0.633738   -0.027053   -0.016202    0.000000       -1.593565        1.000000    8.001931    2.270546    0.591556    6.462058
    0.362745    0.635405   -0.025391   -0.035289    0.000000       -1.608581        1.000000    8.254862    2.350666    0.591556    6.462058
    0.372549    0.636933   -0.022700   -0.048766    0.000000       -1.618386        1.000000    8.508400    2.431196    0.591556    6.462058
    0.382353    0.638267   -0.019324   -0.056967    0.000000       -1.623417        1.000000    8.762470    2.512096    0.591556    6.462058
    0.392157    0.639373   -0.015581   -0.060454    0.000000       -1.624296        1.000000    9.016980    2.593311    0.591556    6.462058
    0.401961    0.640239   -0.011748   -0.059954    0.000000       -1.621763        1.000000    9.271835    2.674782    0.591556    6.462058
    0.411765    0.640865   -0.008052   -0.056280    0.000000       -1.616620        1.000000    9.526939    2.756447    0.591556    6.462058
    0.421569    0.641266   -0.004667   -0.050268    0.000000       -1.609667        1.000000    9.782202    2.838245    0.591556    6.462058
    0.431373    0.641465   -0.001715   -0.042724    0.000000       -1.601652        1.000000   10.037545    2.920119    0.591556    6.462058
    0.441176    0.641494    0.000730   -0.034378    0.000000       -1.593239        1.000000   10.292899    3.002023    0.591556    6.462058
    0.450980    0.641384    0.002637   -0.025859    0.000000       -1.584982        1.000000   10.548210    3.083916    0.591556    6.462058
    0.460784    0.641171    0.004014   -0.017676    0.000000       -1.577311        1.000000   10.803435    3.165766    0.591556    6.462058
    0.470588    0.640886    0.004893   -0.010214    0.000000       -1.570535        1.000000   11.058548    3.247552    0.591556    6.462058
    0.480392    0.640560    0.005329   -0.003737    0.000000       -1.564848        1.000000   11.313530    3.329259    0.591556    6.462058
    0.490196    0.640219    0.005390    0.001598    0.000000       -1.560345        1.000000   11.568377    3.410880    0.591556    6.462058
    0.500000    0.639884    0.005152    0.005730    0.000000       -1.557033        1.000000   11.823090    3.492414    0.591556    6.462058
    0.509804    0.639571    0.004689    0.008675    0.000000       -1.554856        1.000000   12.077679    3.573866    0.591556    6.462058
    0.519608    0.639293    0.004076    0.010509    0.000000       -1.553707        1.000000   12.332157    3.655243    0.591556    6.462058
    0.529412    0.639056    0.003379    0.011349    0.000000       -1.553449        1.000000   12.586541    3.736555    0.591556    6.462058
    0.539216    0.638865    0.002656    0.011342    0.000000       -1.553928        1.000000   12.840849    3.817812    0.591556    6.462058
    0.549020    0.638719    0.001956    0.010644    0.000000       -1.554986        1.000000   13.095099    3.899026    0.591556    6.462058
    0.558824    0.638616    0.001318    0.009416    0.000000       -1.556469        1.000000   13.349307    3.980209    0.591556    6.462058
    0.568627    0.638550    0.000771    0.007808    0.000000       -1.558239        1.000000   13.603490    4.061371    0.591556    6.462058
    0.578431    0.638516    0.000334    0.005953    0.000000       -1.560178        1.000000   13.857659    4.142520    0.591556    6.462058
    0.588235    0.638505    0.000020    0.003966    0.000000       -1.562192        1.000000   14.111823    4.223664    0.591556    6.462058
    0.598039    0.638511   -0.000167    0.001932    0.000000       -1.564212        1.000000   14.365990    4.304807    0.591556    6.462058
    0.607843    0.638524   -0.000226   -0.000086    0.000000       -1.566199        1.000000   14.620162    4.385953    0.591556    6.462058
    0.617647    0.638537   -0.000157   -0.002058    0.000000       -1.568139        1.000000   14.874339    4.467102    0.591556    6.462058
    0.627451    0.638541    0.000034   -0.003977    0.000000       -1.570047        1.000000   15.128518    4.548253    0.591556    6.462058
    0.637255    0.638530    0.000346   -0.005867    0.000000       -1.571965        1.000000   15.382692    4.629404    0.591556    6.462058
    0.647059    0.638495    0.000778   -0.007776    0.000000       -1.573959        1.000000   15.636853    4.710549    0.591556    6.462058
    0.656863    0.638429    0.001333   -0.009780    0.000000       -1.576124        1.000000   15.890987    4.791681    0.591556    6.462058
    0.666667    0.638323    0.002021   -0.011978    0.000000       -1.578580        1.000000   16.145079    4.872792    0.591556    6.462058
    0.676471    0.638169    0.002858   -0.014498    0.000000       -1.581474        1.000000   16.399110    4.953870    0.591556    6.462058
    0.686275    0.637957    0.003868   -0.017494    0.000000       -1.584985        1.000000   16.653056    5.034901    0.591556    6.462058
    0.696078    0.637675    0.005088   -0.021153    0.000000       -1.589330        1.000000   16.906890    5.115870    0.591556    6.462058
    0.705882    0.637307    0.006567   -0.025697    0.000000       -1.594766        1.000000   17.160578    5.196755    0.591556    6.462058
    0.715686    0.636836    0.008369   -0.031392    0.000000       -1.601600        1.000000   17.414078    5.277534    0.591556    6.462058
    0.725490    0.636238    0.010576   -0.038554    0.000000       -1.610205        1.000000   17.667340    5.358177    0.591556    6.462058
    0.735294    0.635485    0.013293   -0.047563    0.000000       -1.621025        1.000000   17.920302    5.438647    0.591556    6.462058
    0.745098    0.634541    0.016651   -0.058872    0.000000       -1.634597        1.000000   18.172889    5.518900    0.591556    6.462058
    0.754902    0.633359    0.020812   -0.073022    0.000000       -1.651564        1.000000   18.425005    5.598881    0.591556    6.462058
    0.764706    0.631883    0.025977   -0.090659    0.000000       -1.672697        1.000000   18.676533    5.678520    0.591556    6.462058
    0.774510    0.630041    0.032389   -0.112544    0.000000       -1.698909        1.000000   18.927328    5.757731    0.591556    6.462058
    0.784314    0.627747    0.040345   -0.139566    0.000000       -1.731269        1.000000   19.177211    5.836408    0.591556    6.462058
    0.794118    0.624891    0.050203   -0.172746    0.000000       -1.771009        1.000000   19.425956    5.914417    0.591556    6.462058
    0.803922    0.621340    0.062387   -0.213226    0.000000       -1.819520        1.000000   19.673287    5.991589    0.591556    6.462058
    0.813725    0.616932    0.077400   -0.262245    0.000000       -1.878317        1.000000   19.918864    6.067718    0.591556    6.462058
    0.823529    0.611471    0.095823   -0.321084    0.000000       -1.948982        1.000000   20.162267    6.142544    0.591556    6.462058
    0.833333    0.604724    0.118317   -0.390974    0.000000       -2.033059        1.000000   20.402985    6.215752    0.591556    6.462058
    0.843137    0.596415    0.145618   -0.472963    0.000000       -2.131902        1.000000   20.640395    6.286953    0.591556    6.462058
    0.852941    0.586224    0.178515   -0.567740    0.000000       -2.246463        1.000000   20.873749    6.355679    0.591556    6.462058
    0.862745    0.573788    0.217827   -0.675422    0.000000       -2.377044        1.000000   21.102152    6.421377    0.591556    6.462058
    0.872549    0.558701    0.264355   -0.795341    0.000000       -2.523027        1.000000   21.324549    6.483410    0.591556    6.462058
    0.882353    0.540533    0.318827   -0.925860    0.000000       -2.682652        1.000000   21.539715    6.541069    0.591556    6.462058
    0.892157    0.518836    0.381836   -1.064305    0.000000       -2.852888        1.000000   21.746244    6.593601    0.591556    6.462058
    0.901961    0.493180    0.453773   -1.207032    0.000000       -3.029491        1.000000   21.942560    6.640270    0.591556    6.462058
    0.911765    0.463175    0.534775   -1.349693    0.000000       -3.207269        1.000000   22.126932    6.680432    0.591556    6.462058
    0.921569    0.428521    0.624689   -1.487643    0.000000       -3.380538        1.000000   22.297510    6.713637    0.591556    6.462058
    0.931373    0.389036    0.723075   -1.616435    0.000000       -3.543695        1.000000   22.452371    6.739733    0.591556    6.462058
    0.941176    0.344703    0.829228   -1.732264    0.000000       -3.691762        1.000000   22.589584    6.758957    0.591556    6.462058
    0.950980    0.295691    0.942231   -1.832277    0.000000       -3.820789        1.000000   22.707287    6.771971    0.591556    6.462058
    0.960784    0.242372    1.061018   -1.914665    0.000000       -3.928037        1.000000   22.803766    6.779828    0.591556    6.462058
    0.970588    0.185317    1.184442   -1.978577    0.000000       -4.011923        1.000000   22.877534    6.783850    0.591556    6.462058
    0.980392    0.125283    1.311324   -2.023873    0.000000       -4.071795        1.000000   22.927404    6.785434    0.591556    6.462058
    0.990196    0.063174    1.440493   -2.050814    0.000000       -4.107590        1.000000   22.952551    6.785814    0.591556    6.462058
    1.000000    0.000000    1.570796   -2.059743    0.000000       -4.119487        1.000000   22.952551    6.785840    0.591556    6.462058
