           t           r         psi          cs          qs               p             sig           A           V          Q2           S
    0.000000   -0.000000   -1.570796   -2.357975    0.000000       -4.715950        1.000000    0.000000    0.000000    0.919188   45.386879
    0.009804    0.321450   -0.144901   -2.972846    0.000000       -6.051150        1.000000    0.000000    0.051946    0.919188   45.386879
    0.019608    0.277372    0.059876    0.693767    0.000000       -2.905041        1.000000    0.775483    0.180969    0.919188   45.386879
    0.029412    0.284887   -0.021431   -0.163017    0.000000       -3.672369        1.000000    1.571979    0.289318    0.919188   45.386879
    0.039216    0.284405    0.006371    0.032450    0.000000       -3.483591        1.000000    2.367125    0.403381    0.919188   45.386879
    0.049020    0.284169   -0.001715   -0.005255    0.000000       -3.524278        1.000000    3.161613    0.516111    0.919188   45.386879
    0.058824    0.284317    0.000418    0.000430    0.000000       -3.516766        1.000000    3.956515    0.629123    0.919188   45.386879
    0.068627    0.284261   -0.000091    0.000134    0.000000       -3.517763        1.000000    4.751258    0.742086    0.919188   45.386879
    0.078431    0.284279    0.000017   -0.000094    0.000000       -3.517769        1.000000    5.546052    0.855054    0.919188   45.386879
    0.088235    0.284274   -0.000002    0.000037    0.000000       -3.517701        1.000000    6.340831    0.968023    0.919188   45.386879
    0.098039    0.284275    0.000000   -0.000012    0.000000       -3.517734        1.000000    7.135614    1.080991    0.919188   45.386879
    0.107843    0.284275    0.000000    0.000003    0.000000       -3.517722        1.000000    7.930396    1.193959    0.919188   45.386879
    0.117647    0.284275   -0.000000   -0.000001    0.000000       -3.517725        1.000000    8.725178    1.306927    0.919188   45.386879
    0.127451    0.284275    0.000000    0.000000    0.000000       -3.517724        1.000000    9.519961    1.419895    0.919188   45.386879
    0.137255    0.284275   -0.000000   -0.000000    0.000000       -3.517725        1.000000   10.314743    1.532864    0.919188   45.386879
    0.147059    0.284275    0.000000    0.000000    0.000000       -3.517725        1.000000   11.109525    1.645832    0.919188   45.386879
    0.156863    0.284275   -0.000000   -0.000000    0.000000       -3.517725        1.000000   11.904307    1.758800    0.919188   45.386879
    0.166667    0.284275    0.000000   -0.000000    0.000000       -3.517725        1.000000   12.699090    1.871768    0.919188   45.386879
    0.176471    0.284275   -0.000000    0.000000    0.000000       -3.517725        1.000000   13.493872    1.984737    0.919188   45.386879
    0.186275    0.284275    0.000000   -0.000000    0.000000       -3.517725        1.000000   14.288654    2.097705    0.919188   45.386879
    0.196078    0.284275   -0.000000    0.000000    0.000000       -3.517725        1.000000   15.083437    2.210673    0.919188   45.386879
    0.205882    0.284275   -0.000000   -0.000000    0.000000       -3.517725        1.000000   15.878219    2.323641    0.919188   45.386879
    0.215686    0.284275    0.000000    0.000000    0.000000       -3.517725        1.000000   16.673001    2.436609    0.919188   45.386879
    0.225490    0.284275   -0.000000   -0.000000    0.000000       -3.517725        1.000000   17.467783    2.549578    0.919188   45.386879
    0.235294    0.284275    0.000000    0.000000    0.000000       -3.517725        1.000000   18.262566    2.662546    0.919188   45.386879
    0.245098    0.284275   -0.000000    0.000000    0.000000       -3.517725        1.000000   19.057348    2.775514    0.919188   45.386879
    0.254902    0.284275    0.000000   -0.000000    0.000000       -3.517725        1.000000   19.852130    2.888482    0.919188   45.386879
    0.264706    0.284275    0.000000    0.000000    0.000000       -3.517725        1.000000   20.646912    3.001451    0.919188   45.386879
    0.274510    0.284275   -0.000000   -0.000000    0.000000       -3.517725        1.000000   21.441695    3.114419    0.919188   45.386879
    0.284314    0.284275    0.000000    0.000000    0.000000       -3.517725        1.000000   22.236477    3.227387    0.919188   45.386879
    0.294118    0.284275   -0.000000   -0.000000    0.000000       -3.517725        1.000000   23.031259    3.340355    0.919188   45.386879
    0.303922    0.284275   -0.000000    0.000000    0.000000       -3.517725        1.000000   23.826042    3.453324    0.919188   45.386879
    0.313725    0.284275    0.000000   -0.000000    0.000000       -3.517725        1.000000   24.620824    3.566292    0.919188   45.386879
    0.323529    0.284275   -0.000000    0.000000    0.000000       -3.517725        1.000000   25.415606    3.679260    0.919188   45.386879
    0.333333    0.284275    0.000000   -0.000000    0.000000       -3.517725        1.000000   26.210388    3.792228    0.919188   45.386879
    0.343137    0.284275   -0.000000   -0.000000    0.000000       -3.517725        1.000000   27.005171    3.905196    0.919188   45.386879
    0.352941    0.284275    0.000000   -0.000000    0.000000       -3.517725        1.000000   27.799953    4.018165    0.919188   45.386879
    0.362745    0.284275    0.000000    0.000000    0.000000       -3.517725        1.000000   28.594735    4.131133    0.919188   45.386879
    0.372549    0.284275   -0.000000   -0.000000    0.000000       -3.517725        1.000000   29.389517    4.244101    0.919188   45.386879
    0.382353    0.284275    0.000000   -0.000000    0.000000       -3.517725        1.000000   30.184300    4.357069    0.919188   45.386879
    0.392157    0.284275   -0.000000   -0.000000    0.000000       -3.517725        1.000000   30.979082    4.470038    0.919188   45.386879
    0.401961    0.284275    0.000000   -0.000000    0.000000       -3.517725        1.000000   31.773864    4.583006    0.919188   45.386879
    0.411765    0.284275   -0.000000   -0.000000    0.000000       -3.517725        1.000000   32.568647    4.695974    0.919188   45.386879
    0.421569    0.284275    0.000000   -0.000000    0.000000       -3.517725        1.000000   33.363429    4.808942    0.919188   45.386879
    0.431373    0.284275   -0.000000   -0.000000    0.000000       -3.517725        1.000000   34.158211    4.921911    0.919188   45.386879
    0.441176    0.284275    0.000000   -0.000000    0.000000       -3.517725        1.000000   34.952993    5.034879    0.919188   45.386879
    0.450980    0.284275   -0.000000    0.000000    0.000000       -3.517725        1.000000   35.747776    5.147847    0.919188   45.386879
    0.460784    0.284275    0.000000   -0.000000    0.000000       -3.517725        1.000000   36.542558    5.260815    0.919188   45.386879
    0.470588    0.284275   -0.000000    0.000000    0.000000       -3.517725        1.000000   37.337340    5.373783    0.919188   45.386879
    0.480392    0.284275    0.000000   -0.000000    0.000000       -3.517725        1.000000   38.132122    5.486752    0.919188   45.386879
    0.490196    0.284275    0.000000   -0.000000    0.000000       -3.517725        1.000000   38.926905    5.599720    0.919188   45.386879
    0.500000    0.284275    0.000000   -0.000000    0.000000       -3.517725        1.000000   39.721687    5.712688    0.919188   45.386879
    0.509804    0.284275    0.000000    0.000000    0.000000       -3.517725        1.000000   40.516469    5.825656    0.919188   45.386879
    0.519608    0.284275   -0.000000    0.000000    0.000000       -3.517725        1.000000   41.311252    5.938625    0.919188   45.386879
    0.529412    0.284275   -0.000000   -0.000000    0.000000       -3.517725        1.000000   42.106034    6.051593    0.919188   45.386879
    0.539216    0.284275   -0.000000    0.000000    0.000000       -3.517725        1.000000   42.900816    6.164561    0.919188   45.386879
    0.549020    0.284275   -0.000000   -0.000000    0.000000       -3.517725        1.000000   43.695598    6.277529    0.919188   45.386879
    0.558824    0.284275   -0.000000    0.000000    0.000000       -3.517725        1.000000   44.490381    6.390498    0.919188   45.386879
    0.568627    0.284275   -0.000000   -0.000000    0.000000       -3.517725        1.000000   45.285163    6.503466    0.919188   45.386879
    0.578431    0.284275   -0.000000    0.000000    0.000000       -3.517725        1.000000   46.079945    6.616434    0.919188   45.386879
    0.588235    0.284275   -0.000000   -0.000000    0.000000       -3.517725        1.000000   46.874727    6.729402    0.919188   45.386879
    0.598039    0.284275   -0.000000    0.000000    0.000000       -3.517725        1.000000   47.669510    6.842370    0.919188   45.386879
    0.607843    0.284275   -0.000000   -0.000000    0.000000       -3.517725        1.000000   48.464292    6.955339    0.919188   45.386879
    0.617647    0.284275   -0.000000    0.000000    0.000000       -3.517725        1.000000   49.259074    7.068307    0.919188   45.386879
    0.627451    0.284275   -0.000000   -0.000000    0.000000       -3.517725        1.000000   50.053857    7.181275    0.919188   45.386879
    0.637255    0.284275   -0.000000    0.000000    0.000000       -3.517725        1.000000   50.848639    7.294243    0.919188   45.386879
    0.647059    0.284275   -0.000000   -0.000000    0.000000       -3.517725        1.000000   51.643421    7.407212    0.919188   45.386879
    0.656863    0.284275   -0.000000    0.000000    0.000000       -3.517725        1.000000   52.438203    7.520180    0.919188   45.386879
    0.666667    0.284275   -0.000000   -0.000000    0.000000       -3.517725        1.000000   53.232986    7.633148    0.919188   45.386879
    0.676471    0.284275   -0.000000    0.000000    0.000000       -3.517725        1.000000   54.027768    7.746116    0.919188   45.386879
    0.686275    0.284275   -0.000000   -0.000000    0.000000       -3.517725        1.000000   54.822550    7.859085    0.919188   45.386879
    0.696078    0.284275   -0.000000    0.000000    0.000000       -3.517725        1.000000   55.617332    7.972053    0.919188   45.386879
    0.705882    0.284275   -0.000000   -0.000000    0.000000       -3.517725        1.000000   56.412115    8.085021    0.919188   45.386879
    0.715686    0.284275   -0.000000   -0.000000    0.000000       -3.517725        1.000000   57.206897    8.197989    0.919188   45.386879
    0.725490    0.284275   -0.000000   -0.000000    0.000000       -3.517725        1.000000   58.001679    8.310957    0.919188   45.386879
    0.735294    0.284275   -0.000000    0.000000    0.000000       -3.517725        1.000000   58.796461    8.423926    0.919188   45.386879
    0.745098    0.284275   -0.000000   -0.000000    0.000000       -3.517725        1.000000   59.591244    8.536894    0.919188   45.386879
    0.754902    0.284275   -0.000000   -0.000000    0.000000       -3.517725        1.000000   60.386026    8.649862    0.919188   45.386879
    0.764706    0.284275   -0.000000   -0.000000    0.000000       -3.517725        1.000000   61.180808    8.762830    0.919188   45.386879
    0.774510    0.284275   -0.000000   -0.000000    0.000000       -3.517725        1.000000   61.975591    8.875799    0.919188   45.386879
    0.784314    0.284275   -0.000000   -0.000000    0.000000       -3.517725        1.000000   62.770373    8.988767    0.919188   45.386879
    0.794118    0.284275   -0.000000   -0.000000    0.000000       -3.517725        1.000000   63.565155    9.101735    0.919188   45.386879
    0.803922    0.284275   -0.000000    0.000000    0.000000       -3.517725        1.000000   64.359937    9.214703    0.919188   45.386879
    0.813725    0.284275   -0.000000   -0.000000    0.000000       -3.517725        1.000000   65.154720    9.327672    0.919188   45.386879
    0.823529    0.284275   -0.000000    0.000000    0.000000       -3.517725        1.000000   65.949502    9.440640    0.919188   45.386879
    0.833333    0.284275   -0.000000   -0.000000    0.000000       -3.517725        1.000000   66.744284    9.553608    0.919188   45.386879
    0.843137    0.284275   -0.000000   -0.000000    0.000000       -3.517725        1.000000   67.539066    9.666576    0.919188   45.386879
    0.852941    0.284275   -0.000000    0.000000    0.000000       -3.517725        1.000000   68.333849    9.779544    0.919188   45.386879
    0.862745    0.284275   -0.000000   -0.000000    0.000000       -3.517725        1.000000   69.128631    9.892513    0.919188   45.386879
    0.872549    0.284275   -0.000000    0.000000    0.000000       -3.517725        1.000000   69.923413   10.005481    0.919188   45.386879
    0.882353    0.284275    0.000000   -0.000000    0.000000       -3.517725        1.000000   70.718196   10.118449    0.919188   45.386879
    0.892157    0.284275    0.000000   -0.000000    0.000000       -3.517725        1.000000   71.512978   10.231417    0.919188   45.386879
    0.901961    0.284275    0.000000   -0.000000    0.000000       -3.517725        1.000000   72.307760   10.344386    0.919188   45.386879
    0.911765    0.284275    0.000000   -0.000000    0.000000       -3.517725        1.000000   73.102542   10.457354    0.919188   45.386879
    0.921569    0.284275    0.000000   -0.000000    0.000000       -3.517725        1.000000   73.897325   10.570322    0.919188   45.386879
    0.931373    0.284275    0.000000   -0.000000    0.000000       -3.517725        1.000000   74.692107   10.683290    0.919188   45.386879
    0.941176    0.284275    0.000000   -0.000001    0.000000       -3.517726        1.000000   75.486889   10.796259    0.919188   45.386879
    0.950980    0.284274    0.000003   -0.000019    0.000000       -3.517750        1.000000   76.281670   10.909227    0.919188   45.386879
    0.960784    0.284267    0.000048   -0.000296    0.000000       -3.518118        1.000000   77.076430   11.022193    0.919188   45.386879
    0.970588    0.284154    0.000737   -0.004514    0.000000       -3.523728        1.000000   77.870876   11.135128    0.919188   45.386879
    0.980392    0.282439    0.011231   -0.068654    0.000000       -3.609014        1.000000   78.660527   11.247596    0.919188   45.386879
    0.990196    0.256715    0.166325   -0.984849    0.000000       -4.826469        1.000000   79.378256   11.352931    0.919188   45.386879
    1.000000    0.000000    1.570796   -5.244207    0.000000      -10.488414        1.000000   79.378256   11.393509    0.919188   45.386879
