           t           r         psi          cs          qs               p             sig           A           V          Q2           S
    0.000000    0.000000   -1.570796   -0.994713    0.000000       -1.989425        1.000000    0.000000    0.000000    0.023648    4.561130
    0.009804    0.044702   -1.526316   -0.994718    0.000000       -1.989432        1.000000    0.000000    0.000003    0.023648    4.561130
    0.019608    0.089316   -1.481835   -0.994734    0.000000       -1.989453        1.000000    0.025095    0.000050    0.023648    4.561130
    0.029412    0.133753   -1.437353   -0.994761    0.000000       -1.989490        1.000000    0.062675    0.000252    0.023648    4.561130
    0.039216    0.177926   -1.392869   -0.994801    0.000000       -1.989542        1.000000    0.112665    0.000791    0.023648    4.561130
    0.049020    0.221746   -1.348383   -0.994854    0.000000       -1.989612        1.000000    0.174968    0.001920    0.023648    4.561130
    0.058824    0.265128   -1.303895   -0.994923    0.000000       -1.989702        1.000000    0.249460    0.003954    0.023648    4.561130
    0.068627    0.307985   -1.259403   -0.995011    0.000000       -1.989816        1.000000    0.335993    0.007262    0.023648    4.561130
    0.078431    0.350233   -1.214907   -0.995120    0.000000       -1.989956        1.000000    0.434396    0.012267    0.023648    4.561130
    0.088235    0.391787   -1.170406   -0.995255    0.000000       -1.990128        1.000000    0.544474    0.019430    0.023648    4.561130
    0.098039    0.432566   -1.125897   -0.995421    0.000000       -1.990337        1.000000    0.666010    0.029246    0.023648    4.561130
    0.107843    0.472488   -1.081381   -0.995625    0.000000       -1.990592        1.000000    0.798763    0.042230    0.023648    4.561130
    0.117647    0.511475   -1.036854   -0.995876    0.000000       -1.990902        1.000000    0.942469    0.058910    0.023648    4.561130
    0.127451    0.549448   -0.992315   -0.996185    0.000000       -1.991281        1.000000    1.096845    0.079812    0.023648    4.561130
    0.137255    0.586332   -0.947760   -0.996569    0.000000       -1.991744        1.000000    1.261584    0.105455    0.023648    4.561130
    0.147059    0.622054   -0.903186   -0.997046    0.000000       -1.992315        1.000000    1.436359    0.136334    0.023648    4.561130
    0.156863    0.656542   -0.858589   -0.997644    0.000000       -1.993021        1.000000    1.620824    0.172913    0.023648    4.561130
    0.166667    0.689726   -0.813961   -0.998399    0.000000       -1.993902        1.000000    1.814613    0.215612    0.023648    4.561130
    0.176471    0.721539   -0.769295   -0.999361    0.000000       -1.995012        1.000000    2.017340    0.264801    0.023648    4.561130
    0.186275    0.751917   -0.724580   -1.000601    0.000000       -1.996426        1.000000    2.228602    0.320789    0.023648    4.561130
    0.196078    0.780797   -0.679801   -1.002219    0.000000       -1.998249        1.000000    2.447979    0.383814    0.023648    4.561130
    0.205882    0.808119   -0.634940   -1.004361    0.000000       -2.000634        1.000000    2.675032    0.454041    0.023648    4.561130
    0.215686    0.833824   -0.589967   -1.007242    0.000000       -2.003806        1.000000    2.909307    0.531554    0.023648    4.561130
    0.225490    0.857855   -0.544842   -1.011191    0.000000       -2.008106        1.000000    3.150335    0.616349    0.023648    4.561130
    0.235294    0.880158   -0.499508   -1.016723    0.000000       -2.014065        1.000000    3.397628    0.708337    0.023648    4.561130
    0.245098    0.900675   -0.453877   -1.024670    0.000000       -2.022537        1.000000    3.650686    0.807337    0.023648    4.561130
    0.254902    0.919351   -0.407812   -1.036415    0.000000       -2.034936        1.000000    3.908991    0.913079    0.023648    4.561130
    0.264706    0.936123   -0.361095   -1.054342    0.000000       -2.053688        1.000000    4.172009    1.025200    0.023648    4.561130
    0.274510    0.950922   -0.313365   -1.082658    0.000000       -2.083058        1.000000    4.439185    1.143252    0.023648    4.561130
    0.284314    0.963658   -0.264006   -1.128761    0.000000       -2.130519        1.000000    4.709939    1.266696    0.023648    4.561130
    0.294118    0.974212   -0.211978   -1.204235    0.000000       -2.207730        1.000000    4.983658    1.394900    0.023648    4.561130
    0.303922    0.982404   -0.155737   -1.316275    0.000000       -2.321866        1.000000    5.259679    1.527118    0.023648    4.561130
    0.313725    0.987999   -0.094497   -1.404122    0.000000       -2.411753        1.000000    5.537273    1.662444    0.023648    4.561130
    0.323529    0.990847   -0.034412   -1.208198    0.000000       -2.216838        1.000000    5.815666    1.799733    0.023648    4.561130
    0.333333    0.991351    0.007515   -0.637688    0.000000       -1.646384        1.000000    6.094201    1.937750    0.023648    4.561130
    0.343137    0.990562    0.024101   -0.147705    0.000000       -1.156939        1.000000    6.372514    2.075697    0.023648    4.561130
    0.352941    0.989434    0.024647    0.087213    0.000000       -0.923159        1.000000    6.650510    2.213340    0.023648    4.561130
    0.362745    0.988453    0.018651    0.162966    0.000000       -0.848540        1.000000    6.928231    2.350694    0.023648    4.561130
    0.372549    0.987787    0.011172    0.163497    0.000000       -0.848805        1.000000    7.205764    2.487835    0.023648    4.561130
    0.382353    0.987441    0.004505    0.131451    0.000000       -0.881257        1.000000    7.483201    2.624848    0.023648    4.561130
    0.392157    0.987357   -0.000419    0.088039    0.000000       -0.924765        1.000000    7.760613    2.761807    0.023648    4.561130
    0.401961    0.987449   -0.003376    0.044998    0.000000       -0.967706        1.000000    8.038052    2.898769    0.023648    4.561130
    0.411765    0.987633   -0.004556    0.009390    0.000000       -1.003122        1.000000    8.315542    3.035770    0.023648    4.561130
    0.421569    0.987837   -0.004386   -0.014963    0.000000       -1.027267        1.000000    8.593090    3.172826    0.023648    4.561130
    0.431373    0.988013   -0.003399   -0.027220    0.000000       -1.039346        1.000000    8.870687    3.309937    0.023648    4.561130
    0.441176    0.988136   -0.002106   -0.029154    0.000000       -1.041158        1.000000    9.148318    3.447089    0.023648    4.561130
    0.450980    0.988202   -0.000895   -0.024194    0.000000       -1.036132        1.000000    9.425969    3.584268    0.023648    4.561130
    0.460784    0.988221    0.000012   -0.016103    0.000000       -1.028022        1.000000    9.703624    3.721459    0.023648    4.561130
    0.470588    0.988207    0.000545   -0.007912    0.000000       -1.019845        1.000000    9.981275    3.858650    0.023648    4.561130
    0.480392    0.988177    0.000745   -0.001446    0.000000       -1.013410        1.000000   10.258919    3.995835    0.023648    4.561130
    0.490196    0.988144    0.000710    0.002610    0.000000       -1.009388        1.000000   10.536552    4.133010    0.023648    4.561130
    0.500000    0.988115    0.000546    0.004372    0.000000       -1.007656        1.000000   10.814178    4.270177    0.023648    4.561130
    0.509804    0.988096    0.000346    0.004370    0.000000       -1.007678        1.000000   11.091798    4.407338    0.023648    4.561130
    0.519608    0.988084    0.000172    0.003247    0.000000       -1.008812        1.000000   11.369415    4.544493    0.023648    4.561130
    0.529412    0.988079    0.000064    0.001553    0.000000       -1.010512        1.000000   11.647031    4.681647    0.023648    4.561130
    0.539216    0.988077    0.000037   -0.000368    0.000000       -1.012434        1.000000   11.924646    4.818800    0.023648    4.561130
    0.549020    0.988075    0.000098   -0.002427    0.000000       -1.014496        1.000000   12.202260    4.955952    0.023648    4.561130
    0.558824    0.988067    0.000258   -0.004817    0.000000       -1.016894        1.000000   12.479872    5.093103    0.023648    4.561130
    0.568627    0.988050    0.000541   -0.008041    0.000000       -1.020136        1.000000   12.757480    5.230251    0.023648    4.561130
    0.578431    0.988016    0.001003   -0.012981    0.000000       -1.025110        1.000000   13.035078    5.367391    0.023648    4.561130
    0.588235    0.987956    0.001748   -0.021031    0.000000       -1.033220        1.000000   13.312658    5.504519    0.023648    4.561130
    0.598039    0.987853    0.002961   -0.034327    0.000000       -1.046620        1.000000   13.590210    5.641624    0.023648    4.561130
    0.607843    0.987680    0.004943   -0.056031    0.000000       -1.068492        1.000000   13.867714    5.778692    0.023648    4.561130
    0.617647    0.987392    0.008163   -0.090518    0.000000       -1.103253        1.000000   14.145136    5.915694    0.023648    4.561130
    0.627451    0.986921    0.013308   -0.143103    0.000000       -1.156266        1.000000   14.422426    6.052589    0.023648    4.561130
    0.637255    0.986160    0.021304   -0.218608    0.000000       -1.232413        1.000000   14.699503    6.189303    0.023648    4.561130
    0.647059    0.984957    0.033224   -0.318367    0.000000       -1.333079        1.000000   14.976241    6.325720    0.023648    4.561130
    0.656863    0.983115    0.050060   -0.436827    0.000000       -1.452728        1.000000   15.252462    6.461653    0.023648    4.561130
    0.666667    0.980400    0.072382   -0.561235    0.000000       -1.578556        1.000000   15.527920    6.596827    0.023648    4.561130
    0.676471    0.976568    0.100116   -0.676619    0.000000       -1.695486        1.000000   15.802302    6.730859    0.023648    4.561130
    0.686275    0.971392    0.132601   -0.772569    0.000000       -1.792982        1.000000   16.075229    6.863258    0.023648    4.561130
    0.696078    0.964690    0.168872   -0.846012    0.000000       -1.867869        1.000000   16.346273    6.993447    0.023648    4.561130
    0.705882    0.956323    0.207961   -0.899268    0.000000       -1.922409        1.000000   16.614966    7.120796    0.023648    4.561130
    0.715686    0.946201    0.249062   -0.936774    0.000000       -1.961022        1.000000   16.880815    7.244651    0.023648    4.561130
    0.725490    0.934265    0.291571   -0.962900    0.000000       -1.988084        1.000000   17.143311    7.364370    0.023648    4.561130
    0.735294    0.920486    0.335061   -0.981116    0.000000       -2.007085        1.000000   17.401935    7.479345    0.023648    4.561130
    0.745098    0.904856    0.379236   -0.993920    0.000000       -2.020545        1.000000   17.656168    7.589016    0.023648    4.561130
    0.754902    0.887381    0.423896   -1.003028    0.000000       -2.030201        1.000000   17.905491    7.692892    0.023648    4.561130
    0.764706    0.868078    0.468903   -1.009597    0.000000       -2.037228        1.000000   18.149391    7.790553    0.023648    4.561130
    0.774510    0.846975    0.514162   -1.014401    0.000000       -2.042418        1.000000   18.387361    7.881665    0.023648    4.561130
    0.784314    0.824107    0.559606   -1.017964    0.000000       -2.046307        1.000000   18.618906    7.965980    0.023648    4.561130
    0.794118    0.799514    0.605189   -1.020642    0.000000       -2.049260        1.000000   18.843541    8.043339    0.023648    4.561130
    0.803922    0.773243    0.650877   -1.022679    0.000000       -2.051532        1.000000   19.060796    8.113674    0.023648    4.561130
    0.813725    0.745345    0.696645   -1.024247    0.000000       -2.053300        1.000000   19.270211    8.177006    0.023648    4.561130
    0.823529    0.715877    0.742474   -1.025466    0.000000       -2.054691        1.000000   19.471348    8.233442    0.023648    4.561130
    0.833333    0.684898    0.788352   -1.026423    0.000000       -2.055795        1.000000   19.663780    8.283173    0.023648    4.561130
    0.843137    0.652473    0.834268   -1.027181    0.000000       -2.056679        1.000000   19.847102    8.326461    0.023648    4.561130
    0.852941    0.618668    0.880215   -1.027785    0.000000       -2.057393        1.000000   20.020926    8.363640    0.023648    4.561130
    0.862745    0.583555    0.926185   -1.028270    0.000000       -2.057972        1.000000   20.184885    8.395102    0.023648    4.561130
    0.872549    0.547206    0.972175   -1.028661    0.000000       -2.058445        1.000000   20.338630    8.421287    0.023648    4.561130
    0.882353    0.509698    1.018181   -1.028978    0.000000       -2.058833        1.000000   20.481838    8.442675    0.023648    4.561130
    0.892157    0.471110    1.064200   -1.029236    0.000000       -2.059151        1.000000   20.614203    8.459774    0.023648    4.561130
    0.901961    0.431524    1.110229   -1.029446    0.000000       -2.059414        1.000000   20.735447    8.473108    0.023648    4.561130
    0.911765    0.391024    1.156267   -1.029618    0.000000       -2.059630        1.000000   20.845311    8.483203    0.023648    4.561130
    0.921569    0.349694    1.202312   -1.029757    0.000000       -2.059807        1.000000   20.943562    8.490581    0.023648    4.561130
    0.931373    0.307623    1.248362   -1.029869    0.000000       -2.059952        1.000000   21.029993    8.495742    0.023648    4.561130
    0.941176    0.264899    1.294416   -1.029960    0.000000       -2.060069        1.000000   21.104421    8.499157    0.023648    4.561130
    0.950980    0.221613    1.340475   -1.030031    0.000000       -2.060162        1.000000   21.166686    8.501258    0.023648    4.561130
    0.960784    0.177857    1.386536   -1.030087    0.000000       -2.060235        1.000000   21.216658    8.502425    0.023648    4.561130
    0.970588    0.133724    1.432599   -1.030128    0.000000       -2.060289        1.000000   21.254230    8.502984    0.023648    4.561130
    0.980392    0.089307    1.478664   -1.030156    0.000000       -2.060327        1.000000   21.279322    8.503193    0.023648    4.561130
    0.990196    0.044701    1.524730   -1.030172    0.000000       -2.060349        1.000000   21.291881    8.503241    0.023648    4.561130
    1.000000    0.000000    1.570796   -1.030178    0.000000       -2.060356        1.000000   21.291881    8.503244    0.023648    4.561130
