           t           r         psi          cs          qs               p             sig           A           V          Q2           S
    0.000000    0.000000   -1.570796   -0.990883    0.000000       -1.981766        1.000000    0.000000   -0.000000    0.089956    4.708550
    0.009804    0.046146   -1.525054   -0.990930    0.000000       -1.981829        1.000000    0.000000    0.000004    0.089956    4.708550
    0.019608    0.092196   -1.479308   -0.991075    0.000000       -1.982021        1.000000    0.026741    0.000056    0.089956    4.708550
    0.029412    0.138052   -1.433552   -0.991321    0.000000       -1.982348        1.000000    0.066783    0.000284    0.089956    4.708550
    0.039216    0.183620   -1.387783   -0.991679    0.000000       -1.982821        1.000000    0.120041    0.000895    0.089956    4.708550
    0.049020    0.228803   -1.341994   -0.992163    0.000000       -1.983457        1.000000    0.186404    0.002171    0.089956    4.708550
    0.058824    0.273507   -1.296180   -0.992790    0.000000       -1.984275        1.000000    0.265734    0.004468    0.089956    4.708550
    0.068627    0.317637   -1.250332   -0.993585    0.000000       -1.985304        1.000000    0.357863    0.008204    0.089956    4.708550
    0.078431    0.361100   -1.204444   -0.994579    0.000000       -1.986580        1.000000    0.462599    0.013852    0.089956    4.708550
    0.088235    0.403804   -1.158505   -0.995810    0.000000       -1.988146        1.000000    0.579721    0.021931    0.089956    4.708550
    0.098039    0.445658   -1.112502   -0.997330    0.000000       -1.990061        1.000000    0.708982    0.032992    0.089956    4.708550
    0.107843    0.486572   -1.066421   -0.999203    0.000000       -1.992397        1.000000    0.850111    0.047611    0.089956    4.708550
    0.117647    0.526457   -1.020245   -1.001513    0.000000       -1.995246        1.000000    1.002807    0.066373    0.089956    4.708550
    0.127451    0.565225   -0.973949   -1.004368    0.000000       -1.998729        1.000000    1.166749    0.089859    0.089956    4.708550
    0.137255    0.602791   -0.927506   -1.007911    0.000000       -2.003001        1.000000    1.341586    0.118639    0.089956    4.708550
    0.147059    0.639068   -0.880881   -1.012327    0.000000       -2.008264        1.000000    1.526945    0.153250    0.089956    4.708550
    0.156863    0.673973   -0.834026   -1.017864    0.000000       -2.014787        1.000000    1.722428    0.194192    0.089956    4.708550
    0.166667    0.707420   -0.786885   -1.024856    0.000000       -2.022926        1.000000    1.927612    0.241912    0.089956    4.708550
    0.176471    0.739325   -0.739378   -1.033750    0.000000       -2.033159        1.000000    2.142050    0.296793    0.089956    4.708550
    0.186275    0.769602   -0.691406   -1.045157    0.000000       -2.046130        1.000000    2.365270    0.359144    0.089956    4.708550
    0.196078    0.798163   -0.642833   -1.059910    0.000000       -2.062714        1.000000    2.596774    0.429192    0.089956    4.708550
    0.205882    0.824915   -0.593481   -1.079143    0.000000       -2.084093        1.000000    2.836037    0.507068    0.089956    4.708550
    0.215686    0.849761   -0.543110   -1.104378    0.000000       -2.111845        1.000000    3.082507    0.592806    0.089956    4.708550
    0.225490    0.872590   -0.491398   -1.137578    0.000000       -2.147988        1.000000    3.335598    0.686326    0.089956    4.708550
    0.235294    0.893281   -0.437925   -1.181030    0.000000       -2.194858        1.000000    3.594691    0.787432    0.089956    4.708550
    0.245098    0.911690   -0.382171   -1.236672    0.000000       -2.254405        1.000000    3.859123    0.895795    0.089956    4.708550
    0.254902    0.927653   -0.323568   -1.303939    0.000000       -2.325988        1.000000    4.128185    1.010933    0.089956    4.708550
    0.264706    0.940980   -0.261728   -1.374347    0.000000       -2.400878        1.000000    4.401112    1.132185    0.089956    4.708550
    0.274510    0.951482   -0.197023   -1.421644    0.000000       -2.452303        1.000000    4.677086    1.258673    0.089956    4.708550
    0.284314    0.959028   -0.131614   -1.394604    0.000000       -2.428309        1.000000    4.955248    1.389275    0.089956    4.708550
    0.294118    0.963651   -0.070286   -1.238324    0.000000       -2.273481        1.000000    5.234751    1.522672    0.089956    4.708550
    0.303922    0.965668   -0.019306   -0.953866    0.000000       -1.989226        1.000000    5.514839    1.657537    0.089956    4.708550
    0.313725    0.965661    0.017010   -0.619645    0.000000       -1.655056        1.000000    5.794925    1.792804    0.089956    4.708550
    0.323529    0.964327    0.038523   -0.323847    0.000000       -1.360071        1.000000    6.074625    1.927815    0.089956    4.708550
    0.333333    0.962289    0.048132   -0.106080    0.000000       -1.144066        1.000000    6.353732    2.062270    0.089956    4.708550
    0.343137    0.960011    0.049491    0.035826    0.000000       -1.004553        1.000000    6.632180    2.196082    0.089956    4.708550
    0.352941    0.957800    0.045723    0.119257    0.000000       -0.923711        1.000000    6.909986    2.329273    0.089956    4.708550
    0.362745    0.955835    0.039108    0.161774    0.000000       -0.883632        1.000000    7.187222    2.461914    0.089956    4.708550
    0.372549    0.954210    0.031208    0.176840    0.000000       -0.870638        1.000000    7.463987    2.594094    0.089956    4.708550
    0.382353    0.952958    0.023057    0.173898    0.000000       -0.875188        1.000000    7.740388    2.725909    0.089956    4.708550
    0.392157    0.952074    0.015329    0.159439    0.000000       -0.890775        1.000000    8.016533    2.857454    0.089956    4.708550
    0.401961    0.951530    0.008444    0.137984    0.000000       -0.912918        1.000000    8.292521    2.988817    0.089956    4.708550
    0.411765    0.951278    0.002647    0.112773    0.000000       -0.938441        1.000000    8.568435    3.120079    0.089956    4.708550
    0.421569    0.951267   -0.001947    0.086214    0.000000       -0.965015        1.000000    8.844346    3.251308    0.089956    4.708550
    0.431373    0.951439   -0.005320    0.060140    0.000000       -0.990885        1.000000    9.120307    3.382560    0.089956    4.708550
    0.441176    0.951740   -0.007529    0.035954    0.000000       -1.014723        1.000000    9.396355    3.513876    0.089956    4.708550
    0.450980    0.952118   -0.008685    0.014694    0.000000       -1.035556        1.000000    9.672513    3.645286    0.089956    4.708550
    0.460784    0.952528   -0.008941   -0.002946    0.000000       -1.052742        1.000000    9.948790    3.776805    0.089956    4.708550
    0.470588    0.952932   -0.008474   -0.016612    0.000000       -1.065967        1.000000   10.225184    3.908437    0.089956    4.708550
    0.480392    0.953302   -0.007469   -0.026276    0.000000       -1.075232        1.000000   10.501686    4.040177    0.089956    4.708550
    0.490196    0.953616   -0.006106   -0.032215    0.000000       -1.080836        1.000000   10.778278    4.172014    0.089956    4.708550
    0.500000    0.953863   -0.004544   -0.034960    0.000000       -1.083318        1.000000   11.054942    4.303929    0.089956    4.708550
    0.509804    0.954035   -0.002916   -0.035225    0.000000       -1.083400        1.000000   11.331656    4.435903    0.089956    4.708550
    0.519608    0.954132   -0.001318   -0.033831    0.000000       -1.081903        1.000000   11.608399    4.567916    0.089956    4.708550
    0.529412    0.954158    0.000195   -0.031636    0.000000       -1.079681        1.000000   11.885148    4.699945    0.089956    4.708550
    0.539216    0.954116    0.001603   -0.029471    0.000000       -1.077560        1.000000   12.161886    4.831972    0.089956    4.708550
    0.549020    0.954011    0.002928   -0.028111    0.000000       -1.076312        1.000000   12.438593    4.963978    0.089956    4.708550
    0.558824    0.953846    0.004222   -0.028265    0.000000       -1.076643        1.000000   12.715252    5.095947    0.089956    4.708550
    0.568627    0.953620    0.005571   -0.030586    0.000000       -1.079205        1.000000   12.991846    5.227861    0.089956    4.708550
    0.578431    0.953329    0.007089   -0.035701    0.000000       -1.084631        1.000000   13.268355    5.359702    0.089956    4.708550
    0.588235    0.952961    0.008920   -0.044250    0.000000       -1.093569        1.000000   13.544758    5.491451    0.089956    4.708550
    0.598039    0.952498    0.011238   -0.056919    0.000000       -1.106723        1.000000   13.821026    5.623084    0.089956    4.708550
    0.607843    0.951913    0.014250   -0.074468    0.000000       -1.124878        1.000000   14.097124    5.754568    0.089956    4.708550
    0.617647    0.951168    0.018201   -0.097742    0.000000       -1.148906        1.000000   14.373007    5.885863    0.089956    4.708550
    0.627451    0.950214    0.023376   -0.127629    0.000000       -1.179736        1.000000   14.648613    6.016914    0.089956    4.708550
    0.637255    0.948986    0.030099   -0.164983    0.000000       -1.218261        1.000000   14.923862    6.147648    0.089956    4.708550
    0.647059    0.947406    0.038733   -0.210474    0.000000       -1.265196        1.000000   15.198654    6.277967    0.089956    4.708550
    0.656863    0.945376    0.049661   -0.264385    0.000000       -1.320861        1.000000   15.472856    6.407743    0.089956    4.708550
    0.666667    0.942782    0.063267   -0.326384    0.000000       -1.384952        1.000000   15.746306    6.536809    0.089956    4.708550
    0.676471    0.939493    0.079902   -0.395344    0.000000       -1.456353        1.000000   16.018802    6.664951    0.089956    4.708550
    0.686275    0.935363    0.099844   -0.469303    0.000000       -1.533082        1.000000   16.290101    6.791901    0.089956    4.708550
    0.696078    0.930237    0.123266   -0.545618    0.000000       -1.612456        1.000000   16.559912    6.917329    0.089956    4.708550
    0.705882    0.923958    0.150209   -0.621328    0.000000       -1.691441        1.000000   16.827902    7.040844    0.089956    4.708550
    0.715686    0.916371    0.180577   -0.693610    0.000000       -1.767127        1.000000   17.093692    7.161993    0.089956    4.708550
    0.725490    0.907331    0.214158   -0.760194    0.000000       -1.837149        1.000000   17.356860    7.280270    0.089956    4.708550
    0.735294    0.896710    0.250651   -0.819604    0.000000       -1.899943        1.000000   17.616947    7.395132    0.089956    4.708550
    0.745098    0.884399    0.289707   -0.871192    0.000000       -1.954785        1.000000   17.873463    7.506015    0.089956    4.708550
    0.754902    0.870310    0.330963   -0.915009    0.000000       -2.001667        1.000000   18.125893    7.612355    0.089956    4.708550
    0.764706    0.854380    0.374073   -0.951588    0.000000       -2.041088        1.000000   18.373703    7.713610    0.089956    4.708550
    0.774510    0.836563    0.418719   -0.981736    0.000000       -2.073836        1.000000   18.616345    7.809279    0.089956    4.708550
    0.784314    0.816836    0.464626   -1.006363    0.000000       -2.100817        1.000000   18.853265    7.898924    0.089956    4.708550
    0.794118    0.795194    0.511560   -1.026365    0.000000       -2.122930        1.000000   19.083907    7.982181    0.089956    4.708550
    0.803922    0.771646    0.559326   -1.042556    0.000000       -2.141004        1.000000   19.307720    8.058775    0.089956    4.708550
    0.813725    0.746215    0.607766   -1.055646    0.000000       -2.155765        1.000000   19.524157    8.128524    0.089956    4.708550
    0.823529    0.718939    0.656750   -1.066229    0.000000       -2.167825        1.000000   19.732682    8.191352    0.089956    4.708550
    0.833333    0.689864    0.706174   -1.074795    0.000000       -2.177693        1.000000   19.932775    8.247281    0.089956    4.708550
    0.843137    0.659048    0.755955   -1.081740    0.000000       -2.185783        1.000000   20.123929    8.296435    0.089956    4.708550
    0.852941    0.626554    0.806025   -1.087382    0.000000       -2.192429        1.000000   20.305659    8.339034    0.089956    4.708550
    0.862745    0.592457    0.856331   -1.091975    0.000000       -2.197901        1.000000   20.477498    8.375387    0.089956    4.708550
    0.872549    0.556836    0.906828   -1.095722    0.000000       -2.202416        1.000000   20.639006    8.405881    0.089956    4.708550
    0.882353    0.519776    0.957482   -1.098783    0.000000       -2.206146        1.000000   20.789766    8.430970    0.089956    4.708550
    0.892157    0.481369    1.008264   -1.101287    0.000000       -2.209230        1.000000   20.929385    8.451161    0.089956    4.708550
    0.901961    0.441711    1.059151   -1.103334    0.000000       -2.211779        1.000000   21.057501    8.467001    0.089956    4.708550
    0.911765    0.400902    1.110123   -1.105006    0.000000       -2.213883        1.000000   21.173781    8.479061    0.089956    4.708550
    0.921569    0.359047    1.161165   -1.106368    0.000000       -2.215614        1.000000   21.277921    8.487917    0.089956    4.708550
    0.931373    0.316252    1.212264   -1.107471    0.000000       -2.217029        1.000000   21.369649    8.494139    0.089956    4.708550
    0.941176    0.272630    1.263409   -1.108357    0.000000       -2.218174        1.000000   21.448724    8.498273    0.089956    4.708550
    0.950980    0.228294    1.314590   -1.109057    0.000000       -2.219087        1.000000   21.514940    8.500823    0.089956    4.708550
    0.960784    0.183358    1.365799   -1.109598    0.000000       -2.219797        1.000000   21.568122    8.502245    0.089956    4.708550
    0.970588    0.137942    1.417031   -1.109998    0.000000       -2.220326        1.000000   21.608132    8.502926    0.089956    4.708550
    0.980392    0.092163    1.468278   -1.110275    0.000000       -2.220693        1.000000   21.634863    8.503181    0.089956    4.708550
    0.990196    0.046142    1.519534   -1.110436    0.000000       -2.220908        1.000000   21.648247    8.503240    0.089956    4.708550
    1.000000    0.000000    1.570796   -1.110489    0.000000       -2.220978        1.000000   21.648247    8.503244    0.089956    4.708550
