           t           r         psi          cs          qs               p             sig           A           V          Q2           S
    0.000000   -0.000000   -1.570796   -1.011039    0.000000       -2.022079        1.000000    0.000000    0.000000    0.252196    6.291582
    0.009804    0.061642   -1.508422   -1.011586    0.000000       -2.022807        1.000000    0.000000    0.000011    0.252196    6.291582
    0.019608    0.123044   -1.445980   -1.013261    0.000000       -2.025034        1.000000    0.047687    0.000183    0.252196    6.291582
    0.029412    0.183967   -1.383396   -1.016172    0.000000       -2.028882        1.000000    0.118985    0.000921    0.252196    6.291582
    0.039216    0.244169   -1.320591   -1.020497    0.000000       -2.034561        1.000000    0.213616    0.002888    0.252196    6.291582
    0.049020    0.303409   -1.257469   -1.026499    0.000000       -2.042373        1.000000    0.331205    0.006976    0.252196    6.291582
    0.058824    0.361446   -1.193916   -1.034540    0.000000       -2.052734        1.000000    0.471287    0.014279    0.252196    6.291582
    0.068627    0.418033   -1.129792   -1.045108    0.000000       -2.066194        1.000000    0.633300    0.026050    0.252196    6.291582
    0.078431    0.472923   -1.064922   -1.058843    0.000000       -2.083476        1.000000    0.816587    0.043658    0.252196    6.291582
    0.088235    0.525860   -0.999086   -1.076584    0.000000       -2.105510        1.000000    1.020389    0.068535    0.252196    6.291582
    0.098039    0.576580   -0.932006   -1.099405    0.000000       -2.133478        1.000000    1.243849    0.102121    0.252196    6.291582
    0.107843    0.624804   -0.863327   -1.128647    0.000000       -2.168834        1.000000    1.485998    0.145801    0.252196    6.291582
    0.117647    0.670235   -0.792607   -1.165882    0.000000       -2.213263        1.000000    1.745754    0.200846    0.252196    6.291582
    0.127451    0.712549   -0.719301   -1.212736    0.000000       -2.268477        1.000000    2.021910    0.268338    0.252196    6.291582
    0.137255    0.751389   -0.642776   -1.270340    0.000000       -2.335614        1.000000    2.313119    0.349092    0.252196    6.291582
    0.147059    0.786356   -0.562376   -1.338006    0.000000       -2.413842        1.000000    2.617879    0.443564    0.252196    6.291582
    0.156863    0.817015   -0.477608   -1.410541    0.000000       -2.497543        1.000000    2.934522    0.551738    0.252196    6.291582
    0.166667    0.842911   -0.388545   -1.473892    0.000000       -2.571827        1.000000    3.261201    0.672996    0.252196    6.291582
    0.176471    0.863629   -0.296519   -1.500965    0.000000       -2.608337        1.000000    3.595910    0.805995    0.252196    6.291582
    0.186275    0.878913   -0.204896   -1.454528    0.000000       -2.568498        1.000000    3.936542    0.948619    0.252196    6.291582
    0.196078    0.888815   -0.119207   -1.306033    0.000000       -2.423142        1.000000    4.281011    1.098145    0.252196    6.291582
    0.205882    0.893819   -0.045760   -1.062619    0.000000       -2.180243        1.000000    4.627420    1.251682    0.252196    6.291582
    0.215686    0.894801    0.010887   -0.771132    0.000000       -1.888632        1.000000    4.974210    1.406726    0.252196    6.291582
    0.225490    0.892847    0.049570   -0.488594    0.000000       -1.607231        1.000000    5.320242    1.561523    0.252196    6.291582
    0.235294    0.889022    0.072131   -0.252286    0.000000       -1.374193        1.000000    5.664792    1.715079    0.252196    6.291582
    0.245098    0.884220    0.081898   -0.074059    0.000000       -1.201209        1.000000    6.007481    1.866964    0.252196    6.291582
    0.254902    0.879119    0.082382    0.050109    0.000000       -1.083535        1.000000    6.348193    2.017083    0.252196    6.291582
    0.264706    0.874196    0.076624    0.130141    0.000000       -1.010411        1.000000    6.686996    2.165523    0.252196    6.291582
    0.274510    0.869755    0.067021    0.176389    0.000000       -0.970779        1.000000    7.024079    2.312463    0.252196    6.291582
    0.284314    0.865975    0.055377    0.197637    0.000000       -0.955360        1.000000    7.359697    2.458121    0.252196    6.291582
    0.294118    0.862941    0.043011    0.200787    0.000000       -0.956968        1.000000    7.694139    2.602733    0.252196    6.291582
    0.303922    0.860666    0.030869    0.191138    0.000000       -0.970199        1.000000    8.027699    2.746536    0.252196    6.291582
    0.313725    0.859116    0.019610    0.172759    0.000000       -0.991005        1.000000    8.360658    2.889754    0.252196    6.291582
    0.323529    0.858220    0.009670    0.148824    0.000000       -1.016324        1.000000    8.693271    3.032597    0.252196    6.291582
    0.333333    0.857890    0.001313    0.121851    0.000000       -1.043799        1.000000    9.025755    3.175253    0.252196    6.291582
    0.343137    0.858023   -0.005341    0.093865    0.000000       -1.071588        1.000000    9.358291    3.317881    0.252196    6.291582
    0.352941    0.858514   -0.010280    0.066495    0.000000       -1.098248        1.000000    9.691017    3.460611    0.252196    6.291582
    0.362745    0.859258   -0.013584    0.041031    0.000000       -1.122657        1.000000   10.024031    3.603543    0.252196    6.291582
    0.372549    0.860159   -0.015401    0.018452    0.000000       -1.143987        1.000000   10.357395    3.746748    0.252196    6.291582
    0.382353    0.861131   -0.015933   -0.000566    0.000000       -1.161682        1.000000   10.691135    3.890264    0.252196    6.291582
    0.392157    0.862103   -0.015413   -0.015635    0.000000       -1.175452        1.000000   11.025252    4.034106    0.252196    6.291582
    0.401961    0.863016   -0.014088   -0.026650    0.000000       -1.185262        1.000000   11.359723    4.178267    0.252196    6.291582
    0.411765    0.863829   -0.012206   -0.033752    0.000000       -1.191303        1.000000   11.694509    4.322720    0.252196    6.291582
    0.421569    0.864515   -0.009997   -0.037298    0.000000       -1.193958        1.000000   12.029561    4.467429    0.252196    6.291582
    0.431373    0.865060   -0.007667   -0.037799    0.000000       -1.193754        1.000000   12.364824    4.612347    0.252196    6.291582
    0.441176    0.865462   -0.005384   -0.035866    0.000000       -1.191302        1.000000   12.700243    4.757427    0.252196    6.291582
    0.450980    0.865728   -0.003279   -0.032148    0.000000       -1.187239        1.000000   13.035764    4.902620    0.252196    6.291582
    0.460784    0.865872   -0.001442   -0.027275    0.000000       -1.182180        1.000000   13.371342    5.047882    0.252196    6.291582
    0.470588    0.865912    0.000074   -0.021823    0.000000       -1.176674        1.000000   13.706936    5.193175    0.252196    6.291582
    0.480392    0.865870    0.001248   -0.016275    0.000000       -1.171182        1.000000   14.042513    5.338467    0.252196    6.291582
    0.490196    0.865765    0.002087   -0.011016    0.000000       -1.166061        1.000000   14.378049    5.483734    0.252196    6.291582
    0.500000    0.865619    0.002619   -0.006324    0.000000       -1.161563        1.000000   14.713529    5.628957    0.252196    6.291582
    0.509804    0.865448    0.002883   -0.002380    0.000000       -1.157846        1.000000   15.048942    5.774127    0.252196    6.291582
    0.519608    0.865267    0.002930    0.000722    0.000000       -1.154985        1.000000   15.384285    5.919238    0.252196    6.291582
    0.529412    0.865090    0.002812    0.002958    0.000000       -1.152987        1.000000   15.719560    6.064288    0.252196    6.291582
    0.539216    0.864923    0.002582    0.004355    0.000000       -1.151813        1.000000   16.054770    6.209280    0.252196    6.291582
    0.549020    0.864772    0.002290    0.004979    0.000000       -1.151392        1.000000   16.389922    6.354220    0.252196    6.291582
    0.558824    0.864641    0.001982    0.004914    0.000000       -1.151634        1.000000   16.725022    6.499112    0.252196    6.291582
    0.568627    0.864527    0.001696    0.004251    0.000000       -1.152448        1.000000   17.060079    6.643963    0.252196    6.291582
    0.578431    0.864430    0.001468    0.003079    0.000000       -1.153751        1.000000   17.395098    6.788779    0.252196    6.291582
    0.588235    0.864344    0.001326    0.001470    0.000000       -1.155475        1.000000   17.730084    6.933564    0.252196    6.291582
    0.598039    0.864264    0.001295   -0.000526    0.000000       -1.157579        1.000000   18.065038    7.078322    0.252196    6.291582
    0.607843    0.864182    0.001398   -0.002890    0.000000       -1.160053        1.000000   18.399961    7.223053    0.252196    6.291582
    0.617647    0.864089    0.001659   -0.005639    0.000000       -1.162926        1.000000   18.734848    7.367755    0.252196    6.291582
    0.627451    0.863974    0.002103   -0.008830    0.000000       -1.166270        1.000000   19.069690    7.512422    0.252196    6.291582
    0.637255    0.863825    0.002759   -0.012570    0.000000       -1.170208        1.000000   19.404474    7.657045    0.252196    6.291582
    0.647059    0.863628    0.003668   -0.017021    0.000000       -1.174919        1.000000   19.739182    7.801611    0.252196    6.291582
    0.656863    0.863366    0.004878   -0.022405    0.000000       -1.180648        1.000000   20.073789    7.946099    0.252196    6.291582
    0.666667    0.863019    0.006457   -0.029017    0.000000       -1.187716        1.000000   20.408261    8.090486    0.252196    6.291582
    0.676471    0.862560    0.008491   -0.037229    0.000000       -1.196527        1.000000   20.742555    8.234736    0.252196    6.291582
    0.686275    0.861960    0.011092   -0.047507    0.000000       -1.207583        1.000000   21.076617    8.378808    0.252196    6.291582
    0.696078    0.861177    0.014406   -0.060416    0.000000       -1.221496        1.000000   21.410375    8.522645    0.252196    6.291582
    0.705882    0.860164    0.018613   -0.076626    0.000000       -1.238993        1.000000   21.743741    8.666176    0.252196    6.291582
    0.715686    0.858858    0.023942   -0.096914    0.000000       -1.260917        1.000000   22.076600    8.809310    0.252196    6.291582
    0.725490    0.857182    0.030671   -0.122151    0.000000       -1.288215        1.000000   22.408810    8.951930    0.252196    6.291582
    0.735294    0.855040    0.039132   -0.153264    0.000000       -1.321905        1.000000   22.740190    9.093885    0.252196    6.291582
    0.745098    0.852312    0.049718   -0.191178    0.000000       -1.363007        1.000000   23.070513    9.234984    0.252196    6.291582
    0.754902    0.848856    0.062874   -0.236716    0.000000       -1.412444        1.000000   23.399496    9.374984    0.252196    6.291582
    0.764706    0.844499    0.079089   -0.290459    0.000000       -1.470892        1.000000   23.726790    9.513576    0.252196    6.291582
    0.774510    0.839037    0.098879   -0.352589    0.000000       -1.538610        1.000000   24.051968    9.650376    0.252196    6.291582
    0.784314    0.832238    0.122751   -0.422721    0.000000       -1.615259        1.000000   24.374510    9.784903    0.252196    6.291582
    0.794118    0.823841    0.151170   -0.499786    0.000000       -1.699770        1.000000   24.693798    9.916575    0.252196    6.291582
    0.803922    0.813562    0.184513   -0.582011    0.000000       -1.790309        1.000000   25.009103   10.044695    0.252196    6.291582
    0.813725    0.801107    0.223028   -0.667031    0.000000       -1.884386        1.000000   25.319580   10.168453    0.252196    6.291582
    0.823529    0.786179    0.266803   -0.752141    0.000000       -1.979113        1.000000   25.624272   10.286943    0.252196    6.291582
    0.833333    0.768491    0.315761   -0.834632    0.000000       -2.071549        1.000000   25.922109   10.399187    0.252196    6.291582
    0.843137    0.747789    0.369664   -0.912130    0.000000       -2.159071        1.000000   26.211923   10.504180    0.252196    6.291582
    0.852941    0.723855    0.428145   -0.982849    0.000000       -2.239643        1.000000   26.492461   10.600957    0.252196    6.291582
    0.862745    0.696525    0.490750   -1.045704    0.000000       -2.311962        1.000000   26.762406   10.688657    0.252196    6.291582
    0.872549    0.665690    0.556978   -1.100290    0.000000       -2.375443        1.000000   27.020401   10.766599    0.252196    6.291582
    0.882353    0.631307    0.626320   -1.146759    0.000000       -2.430112        1.000000   27.265071   10.834344    0.252196    6.291582
    0.892157    0.593394    0.698291   -1.185653    0.000000       -2.476434        1.000000   27.495047   10.891747    0.252196    6.291582
    0.901961    0.552031    0.772447   -1.217746    0.000000       -2.515146        1.000000   27.708993   10.938983    0.252196    6.291582
    0.911765    0.507354    0.848395   -1.243900    0.000000       -2.547108        1.000000   27.905623   10.976553    0.252196    6.291582
    0.921569    0.459552    0.925795   -1.264974    0.000000       -2.573203        1.000000   28.083727   11.005257    0.252196    6.291582
    0.931373    0.408859    1.004360   -1.281764    0.000000       -2.594266        1.000000   28.242185   11.026147    0.252196    6.291582
    0.941176    0.355553    1.083846   -1.294972    0.000000       -2.611043        1.000000   28.379983   11.040458    0.252196    6.291582
    0.950980    0.299943    1.164052   -1.305191    0.000000       -2.624178        1.000000   28.496229   11.049525    0.252196    6.291582
    0.960784    0.242371    1.244809   -1.312911    0.000000       -2.634208        1.000000   28.590163   11.054691    0.252196    6.291582
    0.970588    0.183201    1.325975   -1.318520    0.000000       -2.641565        1.000000   28.661165   11.057211    0.252196    6.291582
    0.980392    0.122816    1.407430   -1.322315    0.000000       -2.646580        1.000000   28.708763   11.058167    0.252196    6.291582
    0.990196    0.061614    1.489068   -1.324507    0.000000       -2.649492        1.000000   28.732642   11.058391    0.252196    6.291582
    1.000000    0.000000    1.570796   -1.325223    0.000000       -2.650447        1.000000   28.732642   11.058406    0.252196    6.291582
