           t           r         psi          cs          qs               p             sig           A           V          Q2           S
    0.000000    0.000000   -1.570796   -2.292646    0.000000       -4.585293        1.000000    0.000000    0.000000    0.914168   40.914080
    0.009804    0.317818   -0.327494   -3.478382    0.000000       -6.457603        1.000000    0.000000    0.038278    0.914168   40.914080
    0.019608    0.296954    0.134865    0.586948    0.000000       -2.749998        1.000000    0.748414    0.167466    0.914168   40.914080
    0.029412    0.288094   -0.039532   -0.007223    0.000000       -3.475595        1.000000    1.474499    0.270608    0.914168   40.914080
    0.039216    0.294859    0.006039   -0.053322    0.000000       -3.444711        1.000000    2.217632    0.378935    0.914168   40.914080
    0.049020    0.292505    0.000677    0.026013    0.000000       -3.392727        1.000000    2.954834    0.487432    0.914168   40.914080
    0.058824    0.293020   -0.000878   -0.007586    0.000000       -3.420316        1.000000    3.693334    0.595413    0.914168   40.914080
    0.068627    0.292990    0.000358    0.001251    0.000000       -3.411839        1.000000    4.431756    0.703630    0.914168   40.914080
    0.078431    0.292957   -0.000091    0.000094    0.000000       -3.413372        1.000000    5.170097    0.811781    0.914168   40.914080
    0.088235    0.292976    0.000011   -0.000159    0.000000       -3.413413        1.000000    5.908484    0.919942    0.914168   40.914080
    0.098039    0.292970    0.000003    0.000068    0.000000       -3.413253        1.000000    6.646856    1.028104    0.914168   40.914080
    0.107843    0.292971   -0.000002   -0.000018    0.000000       -3.413326        1.000000    7.385231    1.136264    0.914168   40.914080
    0.117647    0.292971    0.000001    0.000002    0.000000       -3.413306        1.000000    8.123606    1.244426    0.914168   40.914080
    0.127451    0.292971   -0.000000    0.000001    0.000000       -3.413309        1.000000    8.861981    1.352587    0.914168   40.914080
    0.137255    0.292971    0.000000   -0.000000    0.000000       -3.413309        1.000000    9.600356    1.460748    0.914168   40.914080
    0.147059    0.292971    0.000000    0.000000    0.000000       -3.413309        1.000000   10.338731    1.568909    0.914168   40.914080
    0.156863    0.292971   -0.000000   -0.000000    0.000000       -3.413309        1.000000   11.077106    1.677070    0.914168   40.914080
    0.166667    0.292971    0.000000    0.000000    0.000000       -3.413309        1.000000   11.815481    1.785232    0.914168   40.914080
    0.176471    0.292971   -0.000000    0.000000    0.000000       -3.413309        1.000000   12.553856    1.893393    0.914168   40.914080
    0.186275    0.292971    0.000000   -0.000000    0.000000       -3.413309        1.000000   13.292230    2.001554    0.914168   40.914080
    0.196078    0.292971    0.000000    0.000000    0.000000       -3.413309        1.000000   14.030605    2.109715    0.914168   40.914080
    0.205882    0.292971   -0.000000   -0.000000    0.000000       -3.413309        1.000000   14.768980    2.217876    0.914168   40.914080
    0.215686    0.292971    0.000000    0.000000    0.000000       -3.413309        1.000000   15.507355    2.326037    0.914168   40.914080
    0.225490    0.292971   -0.000000    0.000000    0.000000       -3.413309        1.000000   16.245730    2.434199    0.914168   40.914080
    0.235294    0.292971   -0.000000   -0.000000    0.000000       -3.413309        1.000000   16.984105    2.542360    0.914168   40.914080
    0.245098    0.292971    0.000000    0.000000    0.000000       -3.413309        1.000000   17.722480    2.650521    0.914168   40.914080
    0.254902    0.292971   -0.000000   -0.000000    0.000000       -3.413309        1.000000   18.460855    2.758682    0.914168   40.914080
    0.264706    0.292971    0.000000   -0.000000    0.000000       -3.413309        1.000000   19.199229    2.866843    0.914168   40.914080
    0.274510    0.292971    0.000000    0.000000    0.000000       -3.413309        1.000000   19.937604    2.975004    0.914168   40.914080
    0.284314    0.292971   -0.000000    0.000000    0.000000       -3.413309        1.000000   20.675979    3.083166    0.914168   40.914080
    0.294118    0.292971   -0.000000   -0.000000    0.000000       -3.413309        1.000000   21.414354    3.191327    0.914168   40.914080
    0.303922    0.292971   -0.000000    0.000000    0.000000       -3.413309        1.000000   22.152729    3.299488    0.914168   40.914080
    0.313725    0.292971   -0.000000   -0.000000    0.000000       -3.413309        1.000000   22.891104    3.407649    0.914168   40.914080
    0.323529    0.292971   -0.000000   -0.000000    0.000000       -3.413309        1.000000   23.629479    3.515810    0.914168   40.914080
    0.333333    0.292971   -0.000000    0.000000    0.000000       -3.413309        1.000000   24.367854    3.623971    0.914168   40.914080
    0.343137    0.292971   -0.000000   -0.000000    0.000000       -3.413309        1.000000   25.106229    3.732132    0.914168   40.914080
    0.352941    0.292971   -0.000000    0.000000    0.000000       -3.413309        1.000000   25.844603    3.840294    0.914168   40.914080
    0.362745    0.292971   -0.000000    0.000000    0.000000       -3.413309        1.000000   26.582978    3.948455    0.914168   40.914080
    0.372549    0.292971   -0.000000    0.000000    0.000000       -3.413309        1.000000   27.321353    4.056616    0.914168   40.914080
    0.382353    0.292971   -0.000000    0.000000    0.000000       -3.413309        1.000000   28.059728    4.164777    0.914168   40.914080
    0.392157    0.292971   -0.000000    0.000000    0.000000       -3.413309        1.000000   28.798103    4.272938    0.914168   40.914080
    0.401961    0.292971   -0.000000   -0.000000    0.000000       -3.413309        1.000000   29.536478    4.381099    0.914168   40.914080
    0.411765    0.292971   -0.000000    0.000000    0.000000       -3.413309        1.000000   30.274853    4.489261    0.914168   40.914080
    0.421569    0.292971   -0.000000   -0.000000    0.000000       -3.413309        1.000000   31.013228    4.597422    0.914168   40.914080
    0.431373    0.292971   -0.000000    0.000000    0.000000       -3.413309        1.000000   31.751602    4.705583    0.914168   40.914080
    0.441176    0.292971   -0.000000    0.000000    0.000000       -3.413309        1.000000   32.489977    4.813744    0.914168   40.914080
    0.450980    0.292971   -0.000000   -0.000000    0.000000       -3.413309        1.000000   33.228352    4.921905    0.914168   40.914080
    0.460784    0.292971   -0.000000    0.000000    0.000000       -3.413309        1.000000   33.966727    5.030066    0.914168   40.914080
    0.470588    0.292971   -0.000000    0.000000    0.000000       -3.413309        1.000000   34.705102    5.138228    0.914168   40.914080
    0.480392    0.292971   -0.000000   -0.000000    0.000000       -3.413309        1.000000   35.443477    5.246389    0.914168   40.914080
    0.490196    0.292971   -0.000000   -0.000000    0.000000       -3.413309        1.000000   36.181852    5.354550    0.914168   40.914080
    0.500000    0.292971   -0.000000   -0.000000    0.000000       -3.413309        1.000000   36.920227    5.462711    0.914168   40.914080
    0.509804    0.292971    0.000000   -0.000000    0.000000       -3.413309        1.000000   37.658602    5.570872    0.914168   40.914080
    0.519608    0.292971    0.000000    0.000000    0.000000       -3.413309        1.000000   38.396976    5.679033    0.914168   40.914080
    0.529412    0.292971   -0.000000   -0.000000    0.000000       -3.413309        1.000000   39.135351    5.787195    0.914168   40.914080
    0.539216    0.292971    0.000000    0.000000    0.000000       -3.413309        1.000000   39.873726    5.895356    0.914168   40.914080
    0.549020    0.292971    0.000000    0.000000    0.000000       -3.413309        1.000000   40.612101    6.003517    0.914168   40.914080
    0.558824    0.292971    0.000000   -0.000000    0.000000       -3.413309        1.000000   41.350476    6.111678    0.914168   40.914080
    0.568627    0.292971    0.000000    0.000000    0.000000       -3.413309        1.000000   42.088851    6.219839    0.914168   40.914080
    0.578431    0.292971    0.000000   -0.000000    0.000000       -3.413309        1.000000   42.827226    6.328000    0.914168   40.914080
    0.588235    0.292971    0.000000    0.000000    0.000000       -3.413309        1.000000   43.565601    6.436162    0.914168   40.914080
    0.598039    0.292971    0.000000   -0.000000    0.000000       -3.413309        1.000000   44.303975    6.544323    0.914168   40.914080
    0.607843    0.292971    0.000000   -0.000000    0.000000       -3.413309        1.000000   45.042350    6.652484    0.914168   40.914080
    0.617647    0.292971    0.000000    0.000000    0.000000       -3.413309        1.000000   45.780725    6.760645    0.914168   40.914080
    0.627451    0.292971    0.000000    0.000000    0.000000       -3.413309        1.000000   46.519100    6.868806    0.914168   40.914080
    0.637255    0.292971    0.000000   -0.000000    0.000000       -3.413309        1.000000   47.257475    6.976967    0.914168   40.914080
    0.647059    0.292971    0.000000    0.000000    0.000000       -3.413309        1.000000   47.995850    7.085129    0.914168   40.914080
    0.656863    0.292971    0.000000   -0.000000    0.000000       -3.413309        1.000000   48.734225    7.193290    0.914168   40.914080
    0.666667    0.292971    0.000000    0.000000    0.000000       -3.413309        1.000000   49.472600    7.301451    0.914168   40.914080
    0.676471    0.292971    0.000000    0.000000    0.000000       -3.413309        1.000000   50.210975    7.409612    0.914168   40.914080
    0.686275    0.292971    0.000000    0.000000    0.000000       -3.413309        1.000000   50.949349    7.517773    0.914168   40.914080
    0.696078    0.292971    0.000000    0.000000    0.000000       -3.413309        1.000000   51.687724    7.625934    0.914168   40.914080
    0.705882    0.292971    0.000000   -0.000000    0.000000       -3.413309        1.000000   52.426099    7.734096    0.914168   40.914080
    0.715686    0.292971    0.000000    0.000000    0.000000       -3.413309        1.000000   53.164474    7.842257    0.914168   40.914080
    0.725490    0.292971    0.000000    0.000000    0.000000       -3.413309        1.000000   53.902849    7.950418    0.914168   40.914080
    0.735294    0.292971    0.000000   -0.000000    0.000000       -3.413309        1.000000   54.641224    8.058579    0.914168   40.914080
    0.745098    0.292971    0.000000    0.000000    0.000000       -3.413309        1.000000   55.379599    8.166740    0.914168   40.914080
    0.754902    0.292971    0.000000   -0.000000    0.000000       -3.413309        1.000000   56.117974    8.274901    0.914168   40.914080
    0.764706    0.292971    0.000000    0.000000    0.000000       -3.413309        1.000000   56.856348    8.383063    0.914168   40.914080
    0.774510    0.292971    0.000000    0.000000    0.000000       -3.413309        1.000000   57.594723    8.491224    0.914168   40.914080
    0.784314    0.292971    0.000000    0.000000    0.000000       -3.413309        1.000000   58.333098    8.599385    0.914168   40.914080
    0.794118    0.292971    0.000000    0.000000    0.000000       -3.413309        1.000000   59.071473    8.707546    0.914168   40.914080
    0.803922    0.292971    0.000000    0.000000    0.000000       -3.413309        1.000000   59.809848    8.815707    0.914168   40.914080
    0.813725    0.292971    0.000000    0.000000    0.000000       -3.413309        1.000000   60.548223    8.923868    0.914168   40.914080
    0.823529    0.292971    0.000000    0.000000    0.000000       -3.413309        1.000000   61.286598    9.032029    0.914168   40.914080
    0.833333    0.292971    0.000000    0.000000    0.000000       -3.413309        1.000000   62.024973    9.140191    0.914168   40.914080
    0.843137    0.292971    0.000000    0.000000    0.000000       -3.413309        1.000000   62.763348    9.248352    0.914168   40.914080
    0.852941    0.292971    0.000000    0.000000    0.000000       -3.413309        1.000000   63.501722    9.356513    0.914168   40.914080
    0.862745    0.292971    0.000000   -0.000000    0.000000       -3.413309        1.000000   64.240097    9.464674    0.914168   40.914080
    0.872549    0.292971    0.000000   -0.000000    0.000000       -3.413309        1.000000   64.978472    9.572835    0.914168   40.914080
    0.882353    0.292971    0.000000   -0.000000    0.000000       -3.413309        1.000000   65.716847    9.680996    0.914168   40.914080
    0.892157    0.292971    0.000000   -0.000000    0.000000       -3.413309        1.000000   66.455222    9.789158    0.914168   40.914080
    0.901961    0.292971    0.000000   -0.000000    0.000000       -3.413309        1.000000   67.193597    9.897319    0.914168   40.914080
    0.911765    0.292971    0.000000   -0.000000    0.000000       -3.413309        1.000000   67.931972   10.005480    0.914168   40.914080
    0.921569    0.292971    0.000000   -0.000000    0.000000       -3.413309        1.000000   68.670347   10.113641    0.914168   40.914080
    0.931373    0.292971    0.000000   -0.000001    0.000000       -3.413310        1.000000   69.408721   10.221802    0.914168   40.914080
    0.941176    0.292971    0.000002   -0.000009    0.000000       -3.413321        1.000000   70.147096   10.329963    0.914168   40.914080
    0.950980    0.292968    0.000017   -0.000100    0.000000       -3.413442        1.000000   70.885463   10.438124    0.914168   40.914080
    0.960784    0.292940    0.000184   -0.001100    0.000000       -3.414769        1.000000   71.623760   10.546276    0.914168   40.914080
    0.970588    0.292633    0.002018   -0.012038    0.000000       -3.429286        1.000000   72.361283   10.654343    0.914168   40.914080
    0.980392    0.289273    0.022015   -0.130800    0.000000       -3.586900        1.000000   73.090339   10.761464    0.914168   40.914080
    0.990196    0.253459    0.230807   -1.309518    0.000000       -5.150307        1.000000   73.729132   10.858314    0.914168   40.914080
    1.000000    0.000000    1.570796   -5.078681    0.000000      -10.157362        1.000000   73.729132   10.890855    0.914168   40.914080
