           t           r         psi          cs          qs               p             sig           A           V          Q2           S
    0.000000    0.000000   -1.570796   -0.993700    0.000000       -1.987400        1.000000    0.000000    0.000000    0.021306    3.385476
    0.009804    0.033185   -1.537814   -0.993703    0.000000       -1.987404        1.000000    0.000000    0.000001    0.021306    3.385476
    0.019608    0.066334   -1.504832   -0.993711    0.000000       -1.987415        1.000000    0.013834    0.000015    0.021306    3.385476
    0.029412    0.099410   -1.471850   -0.993725    0.000000       -1.987434        1.000000    0.034565    0.000076    0.021306    3.385476
    0.039216    0.132379   -1.438867   -0.993745    0.000000       -1.987460        1.000000    0.062172    0.000241    0.021306    3.385476
    0.049020    0.165204   -1.405883   -0.993772    0.000000       -1.987496        1.000000    0.096624    0.000587    0.021306    3.385476
    0.058824    0.197848   -1.372898   -0.993806    0.000000       -1.987540        1.000000    0.137885    0.001212    0.021306    3.385476
    0.068627    0.230278   -1.339912   -0.993847    0.000000       -1.987594        1.000000    0.185908    0.002234    0.021306    3.385476
    0.078431    0.262457   -1.306925   -0.993897    0.000000       -1.987659        1.000000    0.240642    0.003791    0.021306    3.385476
    0.088235    0.294351   -1.273936   -0.993956    0.000000       -1.987737        1.000000    0.302027    0.006035    0.021306    3.385476
    0.098039    0.325924   -1.240944   -0.994027    0.000000       -1.987827        1.000000    0.369997    0.009135    0.021306    3.385476
    0.107843    0.357142   -1.207950   -0.994109    0.000000       -1.987933        1.000000    0.444477    0.013273    0.021306    3.385476
    0.117647    0.387972   -1.174953   -0.994206    0.000000       -1.988056        1.000000    0.525387    0.018642    0.021306    3.385476
    0.127451    0.418380   -1.141953   -0.994318    0.000000       -1.988198        1.000000    0.612638    0.025445    0.021306    3.385476
    0.137255    0.448332   -1.108948   -0.994449    0.000000       -1.988363        1.000000    0.706135    0.033892    0.021306    3.385476
    0.147059    0.477796   -1.075939   -0.994602    0.000000       -1.988554        1.000000    0.805777    0.044196    0.021306    3.385476
    0.156863    0.506740   -1.042924   -0.994781    0.000000       -1.988774        1.000000    0.911455    0.056574    0.021306    3.385476
    0.166667    0.535132   -1.009903   -0.994989    0.000000       -1.989030        1.000000    1.023054    0.071241    0.021306    3.385476
    0.176471    0.562941   -0.976875   -0.995234    0.000000       -1.989327        1.000000    1.140452    0.088412    0.021306    3.385476
    0.186275    0.590136   -0.943837   -0.995520    0.000000       -1.989672        1.000000    1.263522    0.108294    0.021306    3.385476
    0.196078    0.616688   -0.910790   -0.995857    0.000000       -1.990075        1.000000    1.392129    0.131087    0.021306    3.385476
    0.205882    0.642567   -0.877730   -0.996256    0.000000       -1.990548        1.000000    1.526133    0.156982    0.021306    3.385476
    0.215686    0.667745   -0.844656   -0.996729    0.000000       -1.991103        1.000000    1.665388    0.186157    0.021306    3.385476
    0.225490    0.692194   -0.811564   -0.997292    0.000000       -1.991759        1.000000    1.809742    0.218776    0.021306    3.385476
    0.235294    0.715887   -0.778452   -0.997968    0.000000       -1.992539        1.000000    1.959036    0.254985    0.021306    3.385476
    0.245098    0.738798   -0.745316   -0.998782    0.000000       -1.993471        1.000000    2.113109    0.294913    0.021306    3.385476
    0.254902    0.760899   -0.712149   -0.999771    0.000000       -1.994593        1.000000    2.271790    0.338667    0.021306    3.385476
    0.264706    0.782167   -0.678946   -1.000980    0.000000       -1.995952        1.000000    2.434907    0.386334    0.021306    3.385476
    0.274510    0.802577   -0.645699   -1.002470    0.000000       -1.997613        1.000000    2.602281    0.437975    0.021306    3.385476
    0.284314    0.822105   -0.612397   -1.004324    0.000000       -1.999662        1.000000    2.773726    0.493629    0.021306    3.385476
    0.294118    0.840728   -0.579025   -1.006654    0.000000       -2.002216        1.000000    2.949056    0.553307    0.021306    3.385476
    0.303922    0.858422   -0.545566   -1.009616    0.000000       -2.005435        1.000000    3.128075    0.616996    0.021306    3.385476
    0.313725    0.875166   -0.511995   -1.013427    0.000000       -2.009545        1.000000    3.310587    0.684655    0.021306    3.385476
    0.323529    0.890937   -0.478280   -1.018402    0.000000       -2.014867        1.000000    3.496387    0.756215    0.021306    3.385476
    0.333333    0.905711   -0.444374   -1.024997    0.000000       -2.021871        1.000000    3.685268    0.831580    0.021306    3.385476
    0.343137    0.919466   -0.410213   -1.033896    0.000000       -2.031253        1.000000    3.877018    0.910627    0.021306    3.385476
    0.352941    0.932176   -0.375705   -1.046138    0.000000       -2.044071        1.000000    4.071418    0.993205    0.021306    3.385476
    0.362745    0.943813   -0.340714   -1.063335    0.000000       -2.061960        1.000000    4.268246    1.079138    0.021306    3.385476
    0.372549    0.954346   -0.305037   -1.088023    0.000000       -2.087488        1.000000    4.467270    1.168222    0.021306    3.385476
    0.382353    0.963735   -0.268363   -1.124177    0.000000       -2.124666        1.000000    4.668252    1.260226    0.021306    3.385476
    0.392157    0.971928   -0.230220   -1.177708    0.000000       -2.179445        1.000000    4.870942    1.354891    0.021306    3.385476
    0.401961    0.978856   -0.189913   -1.255633    0.000000       -2.258866        1.000000    5.075077    1.451926    0.021306    3.385476
    0.411765    0.984422   -0.146587   -1.357957    0.000000       -2.362886        1.000000    5.280374    1.550998    0.021306    3.385476
    0.421569    0.988510   -0.099901   -1.444682    0.000000       -2.451261        1.000000    5.486522    1.651712    0.021306    3.385476
    0.431373    0.991029   -0.052359   -1.378210    0.000000       -2.385880        1.000000    5.693196    1.753585    0.021306    3.385476
    0.441176    0.992060   -0.011765   -1.022177    0.000000       -2.030111        1.000000    5.900085    1.856068    0.021306    3.385476
    0.450980    0.991977    0.014041   -0.538192    0.000000       -1.546180        1.000000    6.106957    1.958694    0.021306    3.385476
    0.460784    0.991288    0.025500   -0.183828    0.000000       -1.192288        1.000000    6.313685    2.061213    0.021306    3.385476
    0.470588    0.990381    0.028238   -0.006763    0.000000       -1.016074        1.000000    6.520224    2.163546    0.021306    3.385476
    0.480392    0.989454    0.027293    0.048337    0.000000       -0.961945        1.000000    6.726569    2.265686    0.021306    3.385476
    0.490196    0.988575    0.025808    0.032323    0.000000       -0.978898        1.000000    6.932731    2.367643    0.021306    3.385476
    0.500000    0.987727    0.025597   -0.024838    0.000000       -1.036932        1.000000    7.138717    2.469426    0.021306    3.385476
    0.509804    0.986849    0.027730   -0.106929    0.000000       -1.119865        1.000000    7.344519    2.571030    0.021306    3.385476
    0.519608    0.985853    0.032867   -0.204606    0.000000       -1.218408        1.000000    7.550113    2.672432    0.021306    3.385476
    0.529412    0.984630    0.041411   -0.311230    0.000000       -1.325969        1.000000    7.755453    2.773585    0.021306    3.385476
    0.539216    0.983065    0.053559   -0.420711    0.000000       -1.436479        1.000000    7.960466    2.874411    0.021306    3.385476
    0.549020    0.981037    0.069303   -0.526943    0.000000       -1.543826        1.000000    8.165056    2.974793    0.021306    3.385476
    0.558824    0.978431    0.088441   -0.624422    0.000000       -1.642472        1.000000    8.369103    3.074583    0.021306    3.385476
    0.568627    0.975141    0.110612   -0.709266    0.000000       -1.728492        1.000000    8.572464    3.173591    0.021306    3.385476
    0.578431    0.971075    0.135364   -0.779797    0.000000       -1.800163        1.000000    8.774976    3.271598    0.021306    3.385476
    0.588235    0.966160    0.162221   -0.836333    0.000000       -1.857769        1.000000    8.976464    3.368362    0.021306    3.385476
    0.598039    0.960337    0.190744   -0.880486    0.000000       -1.902901        1.000000    9.176737    3.463624    0.021306    3.385476
    0.607843    0.953563    0.220556   -0.914402    0.000000       -1.937696        1.000000    9.375598    3.557115    0.021306    3.385476
    0.617647    0.945806    0.251354   -0.940229    0.000000       -1.964304        1.000000    9.572841    3.648568    0.021306    3.385476
    0.627451    0.937047    0.282902   -0.959844    0.000000       -1.984605        1.000000    9.768257    3.737720    0.021306    3.385476
    0.637255    0.927273    0.315019   -0.974766    0.000000       -2.000128        1.000000    9.961635    3.824321    0.021306    3.385476
    0.647059    0.916479    0.347570   -0.986169    0.000000       -2.012055        1.000000   10.152762    3.908135    0.021306    3.385476
    0.656863    0.904663    0.380454   -0.994938    0.000000       -2.021282        1.000000   10.341425    3.988942    0.021306    3.385476
    0.666667    0.891830    0.413594   -1.001732    0.000000       -2.028477        1.000000   10.527412    4.066545    0.021306    3.385476
    0.676471    0.877987    0.446934   -1.007039    0.000000       -2.034134        1.000000   10.710512    4.140770    0.021306    3.385476
    0.686275    0.863144    0.480431   -1.011217    0.000000       -2.038619        1.000000   10.890516    4.211468    0.021306    3.385476
    0.696078    0.847313    0.514051   -1.014533    0.000000       -2.042206        1.000000   11.067218    4.278515    0.021306    3.385476
    0.705882    0.830509    0.547770   -1.017187    0.000000       -2.045097        1.000000   11.240417    4.341813    0.021306    3.385476
    0.715686    0.812748    0.581568   -1.019326    0.000000       -2.047445        1.000000   11.409911    4.401293    0.021306    3.385476
    0.725490    0.794049    0.615430   -1.021062    0.000000       -2.049368        1.000000   11.575506    4.456913    0.021306    3.385476
    0.735294    0.774432    0.649345   -1.022481    0.000000       -2.050952        1.000000   11.737010    4.508658    0.021306    3.385476
    0.745098    0.753918    0.683302   -1.023649    0.000000       -2.052266        1.000000   11.894235    4.556540    0.021306    3.385476
    0.754902    0.732529    0.717294   -1.024615    0.000000       -2.053362        1.000000   12.047000    4.600598    0.021306    3.385476
    0.764706    0.710290    0.751316   -1.025419    0.000000       -2.054283        1.000000   12.195128    4.640895    0.021306    3.385476
    0.774510    0.687225    0.785362   -1.026091    0.000000       -2.055059        1.000000   12.338445    4.677520    0.021306    3.385476
    0.784314    0.663361    0.819428   -1.026656    0.000000       -2.055716        1.000000   12.476785    4.710582    0.021306    3.385476
    0.794118    0.638725    0.853512   -1.027132    0.000000       -2.056276        1.000000   12.609988    4.740212    0.021306    3.385476
    0.803922    0.613346    0.887611   -1.027536    0.000000       -2.056754        1.000000   12.737898    4.766561    0.021306    3.385476
    0.813725    0.587252    0.921721   -1.027878    0.000000       -2.057164        1.000000   12.860367    4.789795    0.021306    3.385476
    0.823529    0.560473    0.955843   -1.028171    0.000000       -2.057516        1.000000   12.977250    4.810096    0.021306    3.385476
    0.833333    0.533042    0.989973   -1.028420    0.000000       -2.057820        1.000000   13.088414    4.827656    0.021306    3.385476
    0.843137    0.504988    1.024111   -1.028634    0.000000       -2.058082        1.000000   13.193726    4.842678    0.021306    3.385476
    0.852941    0.476346    1.058255   -1.028818    0.000000       -2.058309        1.000000   13.293066    4.855374    0.021306    3.385476
    0.862745    0.447147    1.092405   -1.028975    0.000000       -2.058505        1.000000   13.386316    4.865956    0.021306    3.385476
    0.872549    0.417427    1.126560   -1.029111    0.000000       -2.058675        1.000000   13.473368    4.874641    0.021306    3.385476
    0.882353    0.387220    1.160719   -1.029227    0.000000       -2.058822        1.000000   13.554121    4.881644    0.021306    3.385476
    0.892157    0.356561    1.194882   -1.029326    0.000000       -2.058948        1.000000   13.628480    4.887177    0.021306    3.385476
    0.901961    0.325486    1.229048   -1.029412    0.000000       -2.059058        1.000000   13.696358    4.891445    0.021306    3.385476
    0.911765    0.294030    1.263216   -1.029484    0.000000       -2.059151        1.000000   13.757677    4.894645    0.021306    3.385476
    0.921569    0.262232    1.297387   -1.029546    0.000000       -2.059231        1.000000   13.812364    4.896963    0.021306    3.385476
    0.931373    0.230127    1.331559   -1.029597    0.000000       -2.059299        1.000000   13.860356    4.898573    0.021306    3.385476
    0.941176    0.197753    1.365733   -1.029640    0.000000       -2.059355        1.000000   13.901596    4.899630    0.021306    3.385476
    0.950980    0.165148    1.399909   -1.029675    0.000000       -2.059401        1.000000   13.936037    4.900277    0.021306    3.385476
    0.960784    0.132351    1.434085   -1.029703    0.000000       -2.059437        1.000000   13.963638    4.900635    0.021306    3.385476
    0.970588    0.099398    1.468262   -1.029724    0.000000       -2.059465        1.000000   13.984367    4.900805    0.021306    3.385476
    0.980392    0.066330    1.502440   -1.029738    0.000000       -2.059485        1.000000   13.998200    4.900869    0.021306    3.385476
    0.990196    0.033184    1.536618   -1.029747    0.000000       -2.059496        1.000000   14.005120    4.900884    0.021306    3.385476
    1.000000    0.000000    1.570796   -1.029750    0.000000       -2.059500        1.000000   14.005120    4.900885    0.021306    3.385476
