           t           r         psi          cs          qs               p             sig           A           V          Q2           S
    0.000000   -0.000000   -1.570796   -2.194516    0.000000       -4.389032        1.000000    0.000000    0.000000    0.905676   17.089784
    0.009804    0.163384   -1.170477   -2.759036    0.000000       -5.144292        1.000000    0.000000    0.001369    0.905676   17.089784
    0.019608    0.294087   -0.625854   -3.597830    0.000000       -6.353690        1.000000    0.309594    0.020339    0.905676   17.089784
    0.029412    0.349059   -0.083463   -2.491235    0.000000       -5.346105        1.000000    0.677058    0.073745    0.905676   17.089784
    0.039216    0.338038    0.158080   -0.472465    0.000000       -3.393829        1.000000    1.032920    0.136803    0.905676   17.089784
    0.049020    0.311281    0.133966    0.558801    0.000000       -2.624949        1.000000    1.360614    0.191469    0.905676   17.089784
    0.058824    0.297655    0.029052    0.566213    0.000000       -2.791962        1.000000    1.673964    0.239609    0.905676   17.089784
    0.068627    0.298955   -0.033035    0.163030    0.000000       -3.180136        1.000000    1.988682    0.286167    0.905676   17.089784
    0.078431    0.305191   -0.033735   -0.110870    0.000000       -3.385644        1.000000    2.309965    0.334165    0.905676   17.089784
    0.088235    0.308925   -0.010180   -0.137240    0.000000       -3.374108        1.000000    2.635179    0.383889    0.905676   17.089784
    0.098039    0.309068    0.005979   -0.050343    0.000000       -3.285821        1.000000    2.960543    0.434218    0.905676   17.089784
    0.107843    0.307742    0.007911    0.018343    0.000000       -3.231028        1.000000    3.284512    0.484289    0.905676   17.089784
    0.117647    0.306795    0.003044    0.031643    0.000000       -3.227851        1.000000    3.607483    0.533962    0.905676   17.089784
    0.127451    0.306664   -0.000979    0.014320    0.000000       -3.246582        1.000000    3.930317    0.583466    0.905676   17.089784
    0.137255    0.306938   -0.001828   -0.002471    0.000000       -3.260449        1.000000    4.253439    0.633007    0.905676   17.089784
    0.147059    0.307174   -0.000858   -0.007152    0.000000       -3.262634        1.000000    4.576810    0.682639    0.905676   17.089784
    0.156863    0.307228    0.000121   -0.003879    0.000000       -3.258791        1.000000    4.900238    0.732317    0.905676   17.089784
    0.166667    0.307174    0.000410    0.000121    0.000000       -3.255362        1.000000    5.223608    0.781993    0.905676   17.089784
    0.176471    0.307117    0.000230    0.001567    0.000000       -3.254521        1.000000    5.546919    0.831648    0.905676   17.089784
    0.186275    0.307099   -0.000002    0.001011    0.000000       -3.255266        1.000000    5.870211    0.881292    0.905676   17.089784
    0.196078    0.307109   -0.000089    0.000082    0.000000       -3.256091        1.000000    6.193513    0.930934    0.905676   17.089784
    0.205882    0.307122   -0.000060   -0.000332    0.000000       -3.256362        1.000000    6.516830    0.980581    0.905676   17.089784
    0.215686    0.307128   -0.000006   -0.000255    0.000000       -3.256229        1.000000    6.840152    1.030231    0.905676   17.089784
    0.225490    0.307126    0.000019   -0.000045    0.000000       -3.256036        1.000000    7.163472    1.079881    0.905676   17.089784
    0.235294    0.307123    0.000015    0.000067    0.000000       -3.255956        1.000000    7.486790    1.129531    0.905676   17.089784
    0.245098    0.307122    0.000003    0.000063    0.000000       -3.255976        1.000000    7.810105    1.179180    0.905676   17.089784
    0.254902    0.307122   -0.000004    0.000017    0.000000       -3.256021        1.000000    8.133421    1.228828    0.905676   17.089784
    0.264706    0.307123   -0.000004   -0.000013    0.000000       -3.256043        1.000000    8.456738    1.278477    0.905676   17.089784
    0.274510    0.307123   -0.000001   -0.000015    0.000000       -3.256041        1.000000    8.780054    1.328126    0.905676   17.089784
    0.284314    0.307123    0.000001   -0.000005    0.000000       -3.256031        1.000000    9.103371    1.377775    0.905676   17.089784
    0.294118    0.307123    0.000001    0.000002    0.000000       -3.256025        1.000000    9.426688    1.427424    0.905676   17.089784
    0.303922    0.307123    0.000000    0.000004    0.000000       -3.256025        1.000000    9.750005    1.477073    0.905676   17.089784
    0.313725    0.307123   -0.000000    0.000002    0.000000       -3.256027        1.000000   10.073322    1.526722    0.905676   17.089784
    0.323529    0.307123   -0.000000   -0.000000    0.000000       -3.256028        1.000000   10.396638    1.576371    0.905676   17.089784
    0.333333    0.307123   -0.000000   -0.000001    0.000000       -3.256028        1.000000   10.719955    1.626020    0.905676   17.089784
    0.343137    0.307123    0.000000   -0.000000    0.000000       -3.256028        1.000000   11.043272    1.675669    0.905676   17.089784
    0.352941    0.307123    0.000000    0.000000    0.000000       -3.256028        1.000000   11.366588    1.725318    0.905676   17.089784
    0.362745    0.307123    0.000000    0.000000    0.000000       -3.256028        1.000000   11.689905    1.774967    0.905676   17.089784
    0.372549    0.307123   -0.000000    0.000000    0.000000       -3.256028        1.000000   12.013222    1.824616    0.905676   17.089784
    0.382353    0.307123   -0.000000    0.000000    0.000000       -3.256028        1.000000   12.336539    1.874265    0.905676   17.089784
    0.392157    0.307123   -0.000000   -0.000000    0.000000       -3.256028        1.000000   12.659855    1.923914    0.905676   17.089784
    0.401961    0.307123   -0.000000   -0.000000    0.000000       -3.256028        1.000000   12.983172    1.973563    0.905676   17.089784
    0.411765    0.307123    0.000000   -0.000000    0.000000       -3.256028        1.000000   13.306489    2.023212    0.905676   17.089784
    0.421569    0.307123    0.000000    0.000000    0.000000       -3.256028        1.000000   13.629806    2.072861    0.905676   17.089784
    0.431373    0.307123    0.000000    0.000000    0.000000       -3.256028        1.000000   13.953122    2.122510    0.905676   17.089784
    0.441176    0.307123   -0.000000    0.000000    0.000000       -3.256028        1.000000   14.276439    2.172158    0.905676   17.089784
    0.450980    0.307123   -0.000000   -0.000000    0.000000       -3.256028        1.000000   14.599756    2.221807    0.905676   17.089784
    0.460784    0.307123   -0.000000   -0.000000    0.000000       -3.256028        1.000000   14.923072    2.271456    0.905676   17.089784
    0.470588    0.307123    0.000000   -0.000000    0.000000       -3.256028        1.000000   15.246389    2.321105    0.905676   17.089784
    0.480392    0.307123    0.000000    0.000000    0.000000       -3.256028        1.000000   15.569706    2.370754    0.905676   17.089784
    0.490196    0.307123    0.000000    0.000000    0.000000       -3.256028        1.000000   15.893023    2.420403    0.905676   17.089784
    0.500000    0.307123   -0.000000    0.000000    0.000000       -3.256028        1.000000   16.216339    2.470052    0.905676   17.089784
    0.509804    0.307123   -0.000000   -0.000000    0.000000       -3.256028        1.000000   16.539656    2.519701    0.905676   17.089784
    0.519608    0.307123   -0.000000   -0.000000    0.000000       -3.256028        1.000000   16.862973    2.569350    0.905676   17.089784
    0.529412    0.307123    0.000000   -0.000000    0.000000       -3.256028        1.000000   17.186289    2.618999    0.905676   17.089784
    0.539216    0.307123    0.000000    0.000000    0.000000       -3.256028        1.000000   17.509606    2.668648    0.905676   17.089784
    0.549020    0.307123    0.000000    0.000000    0.000000       -3.256028        1.000000   17.832923    2.718297    0.905676   17.089784
    0.558824    0.307123   -0.000000    0.000000    0.000000       -3.256028        1.000000   18.156240    2.767946    0.905676   17.089784
    0.568627    0.307123   -0.000000    0.000000    0.000000       -3.256028        1.000000   18.479556    2.817595    0.905676   17.089784
    0.578431    0.307123   -0.000000   -0.000000    0.000000       -3.256028        1.000000   18.802873    2.867244    0.905676   17.089784
    0.588235    0.307123   -0.000000   -0.000000    0.000000       -3.256028        1.000000   19.126190    2.916893    0.905676   17.089784
    0.598039    0.307123    0.000000   -0.000000    0.000000       -3.256028        1.000000   19.449507    2.966542    0.905676   17.089784
    0.607843    0.307123    0.000000    0.000000    0.000000       -3.256028        1.000000   19.772823    3.016191    0.905676   17.089784
    0.617647    0.307123    0.000000    0.000000    0.000000       -3.256028        1.000000   20.096140    3.065840    0.905676   17.089784
    0.627451    0.307123   -0.000000    0.000000    0.000000       -3.256028        1.000000   20.419457    3.115489    0.905676   17.089784
    0.637255    0.307123   -0.000000   -0.000000    0.000000       -3.256028        1.000000   20.742773    3.165137    0.905676   17.089784
    0.647059    0.307123   -0.000000   -0.000000    0.000000       -3.256028        1.000000   21.066090    3.214786    0.905676   17.089784
    0.656863    0.307123    0.000000   -0.000000    0.000000       -3.256028        1.000000   21.389407    3.264435    0.905676   17.089784
    0.666667    0.307123    0.000000   -0.000000    0.000000       -3.256028        1.000000   21.712724    3.314084    0.905676   17.089784
    0.676471    0.307123    0.000000   -0.000000    0.000000       -3.256028        1.000000   22.036040    3.363733    0.905676   17.089784
    0.686275    0.307123    0.000000   -0.000000    0.000000       -3.256028        1.000000   22.359357    3.413382    0.905676   17.089784
    0.696078    0.307123    0.000000   -0.000000    0.000000       -3.256028        1.000000   22.682674    3.463031    0.905676   17.089784
    0.705882    0.307123    0.000000   -0.000000    0.000000       -3.256028        1.000000   23.005991    3.512680    0.905676   17.089784
    0.715686    0.307123    0.000000   -0.000000    0.000000       -3.256028        1.000000   23.329307    3.562329    0.905676   17.089784
    0.725490    0.307123    0.000000   -0.000000    0.000000       -3.256028        1.000000   23.652624    3.611978    0.905676   17.089784
    0.735294    0.307123    0.000000   -0.000000    0.000000       -3.256028        1.000000   23.975941    3.661627    0.905676   17.089784
    0.745098    0.307123    0.000000   -0.000000    0.000000       -3.256028        1.000000   24.299257    3.711276    0.905676   17.089784
    0.754902    0.307123    0.000000   -0.000000    0.000000       -3.256028        1.000000   24.622574    3.760925    0.905676   17.089784
    0.764706    0.307123    0.000000   -0.000000    0.000000       -3.256028        1.000000   24.945891    3.810574    0.905676   17.089784
    0.774510    0.307123    0.000000   -0.000000    0.000000       -3.256028        1.000000   25.269208    3.860223    0.905676   17.089784
    0.784314    0.307123    0.000000   -0.000000    0.000000       -3.256028        1.000000   25.592524    3.909872    0.905676   17.089784
    0.794118    0.307123    0.000000   -0.000000    0.000000       -3.256028        1.000000   25.915841    3.959521    0.905676   17.089784
    0.803922    0.307123    0.000000   -0.000000    0.000000       -3.256028        1.000000   26.239158    4.009170    0.905676   17.089784
    0.813725    0.307123    0.000000   -0.000000    0.000000       -3.256028        1.000000   26.562474    4.058819    0.905676   17.089784
    0.823529    0.307123    0.000000   -0.000000    0.000000       -3.256028        1.000000   26.885791    4.108468    0.905676   17.089784
    0.833333    0.307123    0.000000   -0.000001    0.000000       -3.256029        1.000000   27.209108    4.158116    0.905676   17.089784
    0.843137    0.307123    0.000001   -0.000003    0.000000       -3.256032        1.000000   27.532424    4.207765    0.905676   17.089784
    0.852941    0.307122    0.000002   -0.000009    0.000000       -3.256039        1.000000   27.855741    4.257414    0.905676   17.089784
    0.862745    0.307122    0.000004   -0.000023    0.000000       -3.256058        1.000000   28.179057    4.307063    0.905676   17.089784
    0.872549    0.307121    0.000010   -0.000059    0.000000       -3.256106        1.000000   28.502372    4.356712    0.905676   17.089784
    0.882353    0.307118    0.000027   -0.000154    0.000000       -3.256231        1.000000   28.825684    4.406360    0.905676   17.089784
    0.892157    0.307110    0.000070   -0.000402    0.000000       -3.256559        1.000000   29.148987    4.456006    0.905676   17.089784
    0.901961    0.307091    0.000183   -0.001048    0.000000       -3.257415        1.000000   29.472270    4.505648    0.905676   17.089784
    0.911765    0.307039    0.000478   -0.002738    0.000000       -3.259650        1.000000   29.795499    4.555280    0.905676   17.089784
    0.921569    0.306905    0.001248   -0.007146    0.000000       -3.265483        1.000000   30.118587    4.604884    0.905676   17.089784
    0.931373    0.306554    0.003257   -0.018646    0.000000       -3.280697        1.000000   30.441305    4.654414    0.905676   17.089784
    0.941176    0.305638    0.008496   -0.048589    0.000000       -3.320311        1.000000   30.763059    4.703754    0.905676   17.089784
    0.950980    0.303252    0.022124   -0.126176    0.000000       -3.422954        1.000000   31.082301    4.752597    0.905676   17.089784
    0.960784    0.297054    0.057354   -0.324677    0.000000       -3.685535        1.000000   31.395018    4.800138    0.905676   17.089784
    0.970588    0.281106    0.146904   -0.814975    0.000000       -4.334034        1.000000   31.690946    4.844297    0.905676   17.089784
    0.980392    0.241302    0.364214   -1.908800    0.000000       -5.781137        1.000000   31.944972    4.880005    0.905676   17.089784
    0.990196    0.151552    0.828995   -3.707377    0.000000       -8.165377        1.000000   32.104515    4.898571    0.905676   17.089784
    1.000000    0.000000    1.570796   -4.828826    0.000000       -9.657652        1.000000   32.104515    4.900885    0.905676   17.089784
