           t           r         psi          cs          qs               p             sig           A           V          Q2           S
    0.000000   -0.000000   -1.570796   -2.473100    0.000000       -4.946200        1.000000    0.000000   -0.000000    0.927003   21.853989
    0.009804    0.202045   -0.945118   -3.675949    0.000000       -6.574546        1.000000    0.000000    0.004101    0.927003   21.853989
    0.019608    0.306630   -0.129933   -3.046752    0.000000       -6.280526        1.000000    0.412785    0.046246    0.927003   21.853989
    0.029412    0.290066    0.173416   -0.008123    0.000000       -3.403911        1.000000    0.803273    0.107909    0.927003   21.853989
    0.039216    0.263064    0.054338    0.721017    0.000000       -3.074726        1.000000    1.157410    0.158145    0.927003   21.853989
    0.049020    0.263815   -0.038067    0.102616    0.000000       -3.685171        1.000000    1.512559    0.204253    0.927003   21.853989
    0.058824    0.271025   -0.019529   -0.172510    0.000000       -3.861505        1.000000    1.877413    0.252497    0.927003   21.853989
    0.068627    0.271894    0.006756   -0.050686    0.000000       -3.728503        1.000000    2.243438    0.302271    0.927003   21.853989
    0.078431    0.270206    0.005883    0.036171    0.000000       -3.664642        1.000000    2.607190    0.351712    0.927003   21.853989
    0.088235    0.269748   -0.000880    0.017997    0.000000       -3.689168        1.000000    2.970326    0.400728    0.927003   21.853989
    0.098039    0.270111   -0.001618   -0.006627    0.000000       -3.708799        1.000000    3.333950    0.449767    0.927003   21.853989
    0.107843    0.270279   -0.000008   -0.005505    0.000000       -3.705379        1.000000    3.697801    0.498918    0.927003   21.853989
    0.117647    0.270211    0.000409    0.000895    0.000000       -3.699912        1.000000    4.061560    0.548079    0.927003   21.853989
    0.127451    0.270159    0.000060    0.001522    0.000000       -3.700002        1.000000    4.425249    0.597213    0.927003   21.853989
    0.137255    0.270169   -0.000095   -0.000010    0.000000       -3.701399        1.000000    4.788951    0.646341    0.927003   21.853989
    0.147059    0.270183   -0.000029   -0.000387    0.000000       -3.701576        1.000000    5.152673    0.695474    0.927003   21.853989
    0.156863    0.270183    0.000020   -0.000053    0.000000       -3.701247        1.000000    5.516394    0.744610    0.927003   21.853989
    0.166667    0.270179    0.000010    0.000091    0.000000       -3.701155        1.000000    5.880110    0.793745    0.927003   21.853989
    0.176471    0.270179   -0.000004    0.000026    0.000000       -3.701225        1.000000    6.243825    0.842879    0.927003   21.853989
    0.186275    0.270180   -0.000003   -0.000019    0.000000       -3.701259        1.000000    6.607542    0.892013    0.927003   21.853989
    0.196078    0.270180    0.000000   -0.000009    0.000000       -3.701246        1.000000    6.971259    0.941148    0.927003   21.853989
    0.205882    0.270180    0.000001    0.000004    0.000000       -3.701235        1.000000    7.334976    0.990282    0.927003   21.853989
    0.215686    0.270180   -0.000000    0.000003    0.000000       -3.701237        1.000000    7.698692    1.039417    0.927003   21.853989
    0.225490    0.270180   -0.000000   -0.000000    0.000000       -3.701240        1.000000    8.062409    1.088551    0.927003   21.853989
    0.235294    0.270180   -0.000000   -0.000001    0.000000       -3.701240        1.000000    8.426126    1.137686    0.927003   21.853989
    0.245098    0.270180    0.000000    0.000000    0.000000       -3.701239        1.000000    8.789843    1.186820    0.927003   21.853989
    0.254902    0.270180    0.000000    0.000000    0.000000       -3.701239        1.000000    9.153559    1.235955    0.927003   21.853989
    0.264706    0.270180   -0.000000    0.000000    0.000000       -3.701239        1.000000    9.517276    1.285089    0.927003   21.853989
    0.274510    0.270180   -0.000000   -0.000000    0.000000       -3.701239        1.000000    9.880993    1.334224    0.927003   21.853989
    0.284314    0.270180    0.000000   -0.000000    0.000000       -3.701239        1.000000   10.244709    1.383358    0.927003   21.853989
    0.294118    0.270180    0.000000    0.000000    0.000000       -3.701239        1.000000   10.608426    1.432492    0.927003   21.853989
    0.303922    0.270180   -0.000000    0.000000    0.000000       -3.701239        1.000000   10.972143    1.481627    0.927003   21.853989
    0.313725    0.270180   -0.000000   -0.000000    0.000000       -3.701239        1.000000   11.335860    1.530761    0.927003   21.853989
    0.323529    0.270180    0.000000   -0.000000    0.000000       -3.701239        1.000000   11.699576    1.579896    0.927003   21.853989
    0.333333    0.270180    0.000000    0.000000    0.000000       -3.701239        1.000000   12.063293    1.629030    0.927003   21.853989
    0.343137    0.270180    0.000000    0.000000    0.000000       -3.701239        1.000000   12.427010    1.678165    0.927003   21.853989
    0.352941    0.270180   -0.000000   -0.000000    0.000000       -3.701239        1.000000   12.790726    1.727299    0.927003   21.853989
    0.362745    0.270180   -0.000000   -0.000000    0.000000       -3.701239        1.000000   13.154443    1.776434    0.927003   21.853989
    0.372549    0.270180    0.000000   -0.000000    0.000000       -3.701239        1.000000   13.518160    1.825568    0.927003   21.853989
    0.382353    0.270180    0.000000    0.000000    0.000000       -3.701239        1.000000   13.881877    1.874703    0.927003   21.853989
    0.392157    0.270180   -0.000000    0.000000    0.000000       -3.701239        1.000000   14.245593    1.923837    0.927003   21.853989
    0.401961    0.270180   -0.000000   -0.000000    0.000000       -3.701239        1.000000   14.609310    1.972971    0.927003   21.853989
    0.411765    0.270180    0.000000   -0.000000    0.000000       -3.701239        1.000000   14.973027    2.022106    0.927003   21.853989
    0.421569    0.270180    0.000000    0.000000    0.000000       -3.701239        1.000000   15.336743    2.071240    0.927003   21.853989
    0.431373    0.270180   -0.000000    0.000000    0.000000       -3.701239        1.000000   15.700460    2.120375    0.927003   21.853989
    0.441176    0.270180   -0.000000   -0.000000    0.000000       -3.701239        1.000000   16.064177    2.169509    0.927003   21.853989
    0.450980    0.270180   -0.000000   -0.000000    0.000000       -3.701239        1.000000   16.427894    2.218644    0.927003   21.853989
    0.460784    0.270180    0.000000   -0.000000    0.000000       -3.701239        1.000000   16.791610    2.267778    0.927003   21.853989
    0.470588    0.270180    0.000000    0.000000    0.000000       -3.701239        1.000000   17.155327    2.316913    0.927003   21.853989
    0.480392    0.270180   -0.000000    0.000000    0.000000       -3.701239        1.000000   17.519044    2.366047    0.927003   21.853989
    0.490196    0.270180   -0.000000    0.000000    0.000000       -3.701239        1.000000   17.882760    2.415181    0.927003   21.853989
    0.500000    0.270180   -0.000000   -0.000000    0.000000       -3.701239        1.000000   18.246477    2.464316    0.927003   21.853989
    0.509804    0.270180    0.000000    0.000000    0.000000       -3.701239        1.000000   18.610194    2.513450    0.927003   21.853989
    0.519608    0.270180    0.000000    0.000000    0.000000       -3.701239        1.000000   18.973911    2.562585    0.927003   21.853989
    0.529412    0.270180   -0.000000    0.000000    0.000000       -3.701239        1.000000   19.337627    2.611719    0.927003   21.853989
    0.539216    0.270180   -0.000000   -0.000000    0.000000       -3.701239        1.000000   19.701344    2.660854    0.927003   21.853989
    0.549020    0.270180    0.000000   -0.000000    0.000000       -3.701239        1.000000   20.065061    2.709988    0.927003   21.853989
    0.558824    0.270180   -0.000000    0.000000    0.000000       -3.701239        1.000000   20.428777    2.759123    0.927003   21.853989
    0.568627    0.270180   -0.000000   -0.000000    0.000000       -3.701239        1.000000   20.792494    2.808257    0.927003   21.853989
    0.578431    0.270180   -0.000000   -0.000000    0.000000       -3.701239        1.000000   21.156211    2.857392    0.927003   21.853989
    0.588235    0.270180    0.000000   -0.000000    0.000000       -3.701239        1.000000   21.519928    2.906526    0.927003   21.853989
    0.598039    0.270180    0.000000    0.000000    0.000000       -3.701239        1.000000   21.883644    2.955660    0.927003   21.853989
    0.607843    0.270180    0.000000    0.000000    0.000000       -3.701239        1.000000   22.247361    3.004795    0.927003   21.853989
    0.617647    0.270180   -0.000000    0.000000    0.000000       -3.701239        1.000000   22.611078    3.053929    0.927003   21.853989
    0.627451    0.270180   -0.000000   -0.000000    0.000000       -3.701239        1.000000   22.974794    3.103064    0.927003   21.853989
    0.637255    0.270180    0.000000   -0.000000    0.000000       -3.701239        1.000000   23.338511    3.152198    0.927003   21.853989
    0.647059    0.270180    0.000000   -0.000000    0.000000       -3.701239        1.000000   23.702228    3.201333    0.927003   21.853989
    0.656863    0.270180    0.000000    0.000000    0.000000       -3.701239        1.000000   24.065945    3.250467    0.927003   21.853989
    0.666667    0.270180   -0.000000    0.000000    0.000000       -3.701239        1.000000   24.429661    3.299602    0.927003   21.853989
    0.676471    0.270180   -0.000000   -0.000000    0.000000       -3.701239        1.000000   24.793378    3.348736    0.927003   21.853989
    0.686275    0.270180    0.000000   -0.000000    0.000000       -3.701239        1.000000   25.157095    3.397870    0.927003   21.853989
    0.696078    0.270180    0.000000    0.000000    0.000000       -3.701239        1.000000   25.520811    3.447005    0.927003   21.853989
    0.705882    0.270180   -0.000000    0.000000    0.000000       -3.701239        1.000000   25.884528    3.496139    0.927003   21.853989
    0.715686    0.270180   -0.000000   -0.000000    0.000000       -3.701239        1.000000   26.248245    3.545274    0.927003   21.853989
    0.725490    0.270180    0.000000   -0.000000    0.000000       -3.701239        1.000000   26.611962    3.594408    0.927003   21.853989
    0.735294    0.270180    0.000000   -0.000000    0.000000       -3.701239        1.000000   26.975678    3.643543    0.927003   21.853989
    0.745098    0.270180    0.000000   -0.000000    0.000000       -3.701239        1.000000   27.339395    3.692677    0.927003   21.853989
    0.754902    0.270180    0.000000   -0.000000    0.000000       -3.701239        1.000000   27.703112    3.741812    0.927003   21.853989
    0.764706    0.270180    0.000000   -0.000000    0.000000       -3.701239        1.000000   28.066828    3.790946    0.927003   21.853989
    0.774510    0.270180    0.000000   -0.000000    0.000000       -3.701239        1.000000   28.430545    3.840081    0.927003   21.853989
    0.784314    0.270180    0.000000   -0.000000    0.000000       -3.701239        1.000000   28.794262    3.889215    0.927003   21.853989
    0.794118    0.270180    0.000000   -0.000000    0.000000       -3.701239        1.000000   29.157979    3.938349    0.927003   21.853989
    0.803922    0.270180    0.000000   -0.000000    0.000000       -3.701239        1.000000   29.521695    3.987484    0.927003   21.853989
    0.813725    0.270180    0.000000   -0.000000    0.000000       -3.701239        1.000000   29.885412    4.036618    0.927003   21.853989
    0.823529    0.270180    0.000000   -0.000000    0.000000       -3.701239        1.000000   30.249129    4.085753    0.927003   21.853989
    0.833333    0.270180    0.000000   -0.000000    0.000000       -3.701239        1.000000   30.612845    4.134887    0.927003   21.853989
    0.843137    0.270180    0.000000   -0.000000    0.000000       -3.701239        1.000000   30.976562    4.184022    0.927003   21.853989
    0.852941    0.270180    0.000000   -0.000000    0.000000       -3.701239        1.000000   31.340279    4.233156    0.927003   21.853989
    0.862745    0.270180    0.000000   -0.000000    0.000000       -3.701239        1.000000   31.703996    4.282291    0.927003   21.853989
    0.872549    0.270180    0.000000   -0.000000    0.000000       -3.701240        1.000000   32.067712    4.331425    0.927003   21.853989
    0.882353    0.270180    0.000000   -0.000001    0.000000       -3.701241        1.000000   32.431429    4.380559    0.927003   21.853989
    0.892157    0.270180    0.000001   -0.000005    0.000000       -3.701245        1.000000   32.795146    4.429694    0.927003   21.853989
    0.901961    0.270179    0.000003   -0.000018    0.000000       -3.701263        1.000000   33.158862    4.478828    0.927003   21.853989
    0.911765    0.270178    0.000011   -0.000071    0.000000       -3.701334        1.000000   33.522576    4.527962    0.927003   21.853989
    0.921569    0.270173    0.000044   -0.000281    0.000000       -3.701615        1.000000   33.886284    4.577095    0.927003   21.853989
    0.931373    0.270153    0.000173   -0.001110    0.000000       -3.702720        1.000000   34.249964    4.626225    0.927003   21.853989
    0.941176    0.270073    0.000684   -0.004380    0.000000       -3.707081        1.000000   34.613537    4.675338    0.927003   21.853989
    0.950980    0.269759    0.002697   -0.017271    0.000000       -3.724274        1.000000   34.976687    4.724389    0.927003   21.853989
    0.960784    0.268519    0.010627   -0.067957    0.000000       -3.791872        1.000000   35.338168    4.773195    0.927003   21.853989
    0.970588    0.263647    0.041702   -0.265189    0.000000       -4.054841        1.000000   35.693091    4.821031    0.927003   21.853989
    0.980392    0.244720    0.160907   -0.999287    0.000000       -5.032807        1.000000   36.022533    4.865054    0.927003   21.853989
    0.990196    0.175889    0.577216   -3.210486    0.000000       -7.974758        1.000000   36.259316    4.895350    0.927003   21.853989
    1.000000    0.000000    1.570796   -5.534526    0.000000      -11.069051        1.000000   36.259316    4.900885    0.927003   21.853989
