           t           r         psi          cs          qs               p             sig           A           V          Q2           S
    0.000000    0.000000   -1.570796   -0.991217    0.000000       -1.982433        1.000000    0.000000    0.000000    0.066996    4.983230
    0.009804    0.048836   -1.522370   -0.991249    0.000000       -1.982477        1.000000    0.000000    0.000004    0.066996    4.983230
    0.019608    0.097558   -1.473940   -0.991348    0.000000       -1.982609        1.000000    0.029947    0.000071    0.066996    4.983230
    0.029412    0.146051   -1.425504   -0.991518    0.000000       -1.982834        1.000000    0.074780    0.000357    0.066996    4.983230
    0.039216    0.194201   -1.377057   -0.991767    0.000000       -1.983162        1.000000    0.134393    0.001121    0.066996    4.983230
    0.049020    0.241895   -1.328596   -0.992104    0.000000       -1.983604        1.000000    0.208646    0.002719    0.066996    4.983230
    0.058824    0.289022   -1.280116   -0.992545    0.000000       -1.984178        1.000000    0.297366    0.005590    0.066996    4.983230
    0.068627    0.335470   -1.231612   -0.993109    0.000000       -1.984905        1.000000    0.400344    0.010252    0.066996    4.983230
    0.078431    0.381129   -1.183077   -0.993820    0.000000       -1.985814        1.000000    0.517338    0.017287    0.066996    4.983230
    0.088235    0.425892   -1.134503   -0.994712    0.000000       -1.986943        1.000000    0.648072    0.027328    0.066996    4.983230
    0.098039    0.469651   -1.085880   -0.995826    0.000000       -1.988338        1.000000    0.792240    0.041043    0.066996    4.983230
    0.107843    0.512303   -1.037196   -0.997220    0.000000       -1.990063        1.000000    0.949499    0.059120    0.066996    4.983230
    0.117647    0.553744   -0.988435   -0.998965    0.000000       -1.992199        1.000000    1.119480    0.082251    0.066996    4.983230
    0.127451    0.593874   -0.939579   -1.001162    0.000000       -1.994854        1.000000    1.301779    0.111111    0.066996    4.983230
    0.137255    0.632594   -0.890602   -1.003941    0.000000       -1.998171        1.000000    1.495964    0.146348    0.066996    4.983230
    0.147059    0.669807   -0.841471   -1.007483    0.000000       -2.002346        1.000000    1.701573    0.188561    0.066996    4.983230
    0.156863    0.705418   -0.792144   -1.012035    0.000000       -2.007645        1.000000    1.918112    0.238285    0.066996    4.983230
    0.166667    0.739332   -0.742563   -1.017945    0.000000       -2.014436        1.000000    2.145062    0.295979    0.066996    4.983230
    0.176471    0.771456   -0.692650   -1.025702    0.000000       -2.023239        1.000000    2.381873    0.362009    0.066996    4.983230
    0.186275    0.801696   -0.642300   -1.036010    0.000000       -2.034793        1.000000    2.627967    0.436638    0.066996    4.983230
    0.196078    0.829956   -0.591363   -1.049890    0.000000       -2.050162        1.000000    2.882735    0.520015    0.066996    4.983230
    0.205882    0.856135   -0.539632   -1.068831    0.000000       -2.070891        1.000000    3.145540    0.612164    0.066996    4.983230
    0.215686    0.880124   -0.486810   -1.094998    0.000000       -2.099209        1.000000    3.415708    0.712980    0.066996    4.983230
    0.225490    0.901801   -0.432473   -1.131434    0.000000       -2.138233        1.000000    3.692530    0.822216    0.066996    4.983230
    0.235294    0.921024   -0.376027   -1.182001    0.000000       -2.191890        1.000000    3.975254    0.939477    0.066996    4.983230
    0.245098    0.937619   -0.316692   -1.250032    0.000000       -2.263526        1.000000    4.263071    1.064201    0.066996    4.983230
    0.254902    0.951376   -0.253638   -1.332605    0.000000       -2.350084        1.000000    4.555111    1.195632    0.066996    4.983230
    0.264706    0.962057   -0.186634   -1.404185    0.000000       -2.425574        1.000000    4.850430    1.332772    0.066996    4.983230
    0.274510    0.969461   -0.117780   -1.391648    0.000000       -2.416004        1.000000    5.148022    1.474326    0.066996    4.983230
    0.284314    0.973605   -0.053686   -1.196883    0.000000       -2.222514        1.000000    5.446886    1.618727    0.066996    4.983230
    0.294118    0.974934   -0.003765   -0.828179    0.000000       -1.853882        1.000000    5.746158    1.764405    0.066996    4.983230
    0.303922    0.974291    0.026896   -0.436730    0.000000       -1.462747        1.000000    6.045232    1.910212    0.066996    4.983230
    0.313725    0.972585    0.040567   -0.143125    0.000000       -1.170467        1.000000    6.343782    2.055577    0.066996    4.983230
    0.323529    0.970514    0.042769    0.035860    0.000000       -0.993580        1.000000    6.641698    2.200323    0.066996    4.983230
    0.333333    0.968512    0.038454    0.129355    0.000000       -0.902393        1.000000    6.938998    2.344464    0.066996    4.983230
    0.343137    0.966808    0.031016    0.168070    0.000000       -0.865765        1.000000    7.235775    2.488083    0.066996    4.983230
    0.352941    0.965498    0.022568    0.173577    0.000000       -0.861894        1.000000    7.532151    2.631290    0.066996    4.983230
    0.362745    0.964598    0.014371    0.159585    0.000000       -0.877009        1.000000    7.828250    2.774197    0.066996    4.983230
    0.372549    0.964078    0.007150    0.134764    0.000000       -0.902471        1.000000    8.124189    2.916911    0.066996    4.983230
    0.382353    0.963878    0.001286    0.104814    0.000000       -0.932662        1.000000    8.420067    3.059527    0.066996    4.983230
    0.392157    0.963927   -0.003073    0.073680    0.000000       -0.963737        1.000000    8.715960    3.202124    0.066996    4.983230
    0.401961    0.964153   -0.005941    0.044205    0.000000       -0.992956        1.000000    9.011923    3.344763    0.066996    4.983230
    0.411765    0.964486   -0.007453    0.018426    0.000000       -1.018368        1.000000    9.307987    3.487483    0.066996    4.983230
    0.421569    0.964863   -0.007824   -0.002312    0.000000       -1.038696        1.000000    9.604168    3.630310    0.066996    4.983230
    0.431373    0.965236   -0.007320   -0.017328    0.000000       -1.053316        1.000000    9.900463    3.773248    0.066996    4.983230
    0.441176    0.965569   -0.006225   -0.026590    0.000000       -1.062229        1.000000   10.196860    3.916293    0.066996    4.983230
    0.450980    0.965839   -0.004807   -0.030632    0.000000       -1.065989        1.000000   10.493340    4.059428    0.066996    4.983230
    0.460784    0.966037   -0.003301   -0.030418    0.000000       -1.065569        1.000000   10.789880    4.202634    0.066996    4.983230
    0.470588    0.966163   -0.001885   -0.027145    0.000000       -1.062165        1.000000   11.086460    4.345888    0.066996    4.983230
    0.480392    0.966225   -0.000678   -0.022050    0.000000       -1.057006        1.000000   11.383058    4.489171    0.066996    4.983230
    0.490196    0.966234    0.000258   -0.016247    0.000000       -1.051193        1.000000   11.679659    4.632464    0.066996    4.983230
    0.500000    0.966204    0.000912   -0.010622    0.000000       -1.045600        1.000000   11.976251    4.775753    0.066996    4.983230
    0.509804    0.966149    0.001309   -0.005798    0.000000       -1.040834        1.000000   12.272826    4.919030    0.066996    4.983230
    0.519608    0.966080    0.001498   -0.002150    0.000000       -1.037260        1.000000   12.569380    5.062287    0.066996    4.983230
    0.529412    0.966005    0.001541    0.000151    0.000000       -1.035039        1.000000   12.865911    5.205523    0.066996    4.983230
    0.539216    0.965930    0.001506    0.001072    0.000000       -1.034198        1.000000   13.162419    5.348737    0.066996    4.983230
    0.549020    0.965858    0.001458    0.000654    0.000000       -1.034693        1.000000   13.458905    5.491929    0.066996    4.983230
    0.558824    0.965787    0.001463   -0.001047    0.000000       -1.036471        1.000000   13.755369    5.635100    0.066996    4.983230
    0.568627    0.965713    0.001581   -0.004019    0.000000       -1.039522        1.000000   14.051810    5.778250    0.066996    4.983230
    0.578431    0.965630    0.001877   -0.008345    0.000000       -1.043937        1.000000   14.348226    5.921376    0.066996    4.983230
    0.588235    0.965526    0.002422   -0.014247    0.000000       -1.049949        1.000000   14.644610    6.064475    0.066996    4.983230
    0.598039    0.965387    0.003302   -0.022137    0.000000       -1.057984        1.000000   14.940951    6.207538    0.066996    4.983230
    0.607843    0.965196    0.004628   -0.032661    0.000000       -1.068709        1.000000   15.237234    6.350552    0.066996    4.983230
    0.617647    0.964926    0.006551   -0.046745    0.000000       -1.083072        1.000000   15.533433    6.493498    0.066996    4.983230
    0.627451    0.964543    0.009273   -0.065623    0.000000       -1.102339        1.000000   15.829515    6.636345    0.066996    4.983230
    0.637255    0.964002    0.013066   -0.090827    0.000000       -1.128080        1.000000   16.125432    6.779053    0.066996    4.983230
    0.647059    0.963243    0.018279   -0.124109    0.000000       -1.162095        1.000000   16.421115    6.921561    0.066996    4.983230
    0.656863    0.962186    0.025353   -0.167229    0.000000       -1.206195        1.000000   16.716473    7.063787    0.066996    4.983230
    0.666667    0.960728    0.034803   -0.221586    0.000000       -1.261833        1.000000   17.011384    7.205615    0.066996    4.983230
    0.676471    0.958738    0.047196   -0.287682    0.000000       -1.329558        1.000000   17.305684    7.346883    0.066996    4.983230
    0.686275    0.956061    0.063089   -0.364570    0.000000       -1.408448        1.000000   17.599163    7.487374    0.066996    4.983230
    0.696078    0.952514    0.082951   -0.449536    0.000000       -1.495780        1.000000   17.891552    7.626798    0.066996    4.983230
    0.705882    0.947896    0.107076   -0.538305    0.000000       -1.587230        1.000000   18.182525    7.764781    0.066996    4.983230
    0.715686    0.942002    0.135529   -0.625861    0.000000       -1.677695        1.000000   18.471687    7.900859    0.066996    4.983230
    0.725490    0.934629    0.168133   -0.707573    0.000000       -1.762429        1.000000   18.758587    8.034477    0.066996    4.983230
    0.735294    0.925594    0.204516   -0.780130    0.000000       -1.838002        1.000000   19.042713    8.165001    0.066996    4.983230
    0.745098    0.914737    0.244183   -0.841913    0.000000       -1.902693        1.000000   19.323507    8.291745    0.066996    4.983230
    0.754902    0.901934    0.286602   -0.892814    0.000000       -1.956318        1.000000   19.600370    8.413995    0.066996    4.983230
    0.764706    0.887089    0.331258   -0.933741    0.000000       -1.999737        1.000000   19.872676    8.531040    0.066996    4.983230
    0.774510    0.870139    0.377698   -0.966105    0.000000       -2.034344        1.000000   20.139780    8.642206    0.066996    4.983230
    0.784314    0.851047    0.425542   -0.991438    0.000000       -2.061667        1.000000   20.401022    8.746884    0.066996    4.983230
    0.794118    0.829802    0.474481   -1.011164    0.000000       -2.083142        1.000000   20.655744    8.844549    0.066996    4.983230
    0.803922    0.806412    0.524272   -1.026498    0.000000       -2.100006        1.000000   20.903285    8.934781    0.066996    4.983230
    0.813725    0.780901    0.574725   -1.038432    0.000000       -2.113270        1.000000   21.142995    9.017278    0.066996    4.983230
    0.823529    0.753312    0.625695   -1.047746    0.000000       -2.123736        1.000000   21.374236    9.091860    0.066996    4.983230
    0.833333    0.723696    0.677068   -1.055042    0.000000       -2.132032        1.000000   21.596387    9.158479    0.066996    4.983230
    0.843137    0.692118    0.728758   -1.060784    0.000000       -2.138638        1.000000   21.808843    9.217212    0.066996    4.983230
    0.852941    0.658652    0.780698   -1.065325    0.000000       -2.143925        1.000000   22.011027    9.268262    0.066996    4.983230
    0.862745    0.623381    0.832836   -1.068931    0.000000       -2.148176        1.000000   22.202384    9.311942    0.066996    4.983230
    0.872549    0.586393    0.885132   -1.071808    0.000000       -2.151608        1.000000   22.382387    9.348672    0.066996    4.983230
    0.882353    0.547786    0.937554   -1.074112    0.000000       -2.154390        1.000000   22.550539    9.378959    0.066996    4.983230
    0.892157    0.507663    0.990077   -1.075962    0.000000       -2.156651        1.000000   22.706374    9.403383    0.066996    4.983230
    0.901961    0.466130    1.042681   -1.077450    0.000000       -2.158492        1.000000   22.849461    9.422580    0.066996    4.983230
    0.911765    0.423303    1.095350   -1.078647    0.000000       -2.159990        1.000000   22.979400    9.437219    0.066996    4.983230
    0.921569    0.379297    1.148072   -1.079610    0.000000       -2.161207        1.000000   23.095832    9.447986    0.066996    4.983230
    0.931373    0.334234    1.200836   -1.080381    0.000000       -2.162191        1.000000   23.198430    9.455561    0.066996    4.983230
    0.941176    0.288240    1.253634   -1.080993    0.000000       -2.162981        1.000000   23.286910    9.460598    0.066996    4.983230
    0.950980    0.241440    1.306458   -1.081473    0.000000       -2.163605        1.000000   23.361024    9.463709    0.066996    4.983230
    0.960784    0.193967    1.359303   -1.081840    0.000000       -2.164087        1.000000   23.420566    9.465444    0.066996    4.983230
    0.970588    0.145952    1.412164   -1.082111    0.000000       -2.164444        1.000000   23.465368    9.466277    0.066996    4.983230
    0.980392    0.097528    1.465035   -1.082297    0.000000       -2.164690        1.000000   23.495306    9.466589    0.066996    4.983230
    0.990196    0.048832    1.517914   -1.082405    0.000000       -2.164834        1.000000   23.510296    9.466661    0.066996    4.983230
    1.000000    0.000000    1.570796   -1.082441    0.000000       -2.164882        1.000000   23.510296    9.466666    0.066996    4.983230
