           t           r         psi          cs          qs               p             sig           A           V          Q2           S
    0.000000   -0.000000   -1.570796   -2.062744    0.000000       -4.125488        1.000000    0.000000    0.000000    0.892068   23.691505
    0.009804    0.221919   -1.024342   -2.876615    0.000000       -5.218289        1.000000    0.000000    0.004721    0.892068   23.691505
    0.019608    0.359963   -0.276494   -3.017867    0.000000       -5.690417        1.000000    0.525327    0.059664    0.892068   23.691505
    0.029412    0.363463    0.147906   -0.589093    0.000000       -3.310367        1.000000    1.055762    0.158745    0.892068   23.691505
    0.039216    0.328266    0.111090    0.587350    0.000000       -2.440181        1.000000    1.534832    0.244660    0.892068   23.691505
    0.049020    0.317969   -0.011728    0.338597    0.000000       -2.806150        1.000000    1.998873    0.319582    0.892068   23.691505
    0.058824    0.325419   -0.036039   -0.076535    0.000000       -3.147502        1.000000    2.473787    0.394849    0.892068   23.691505
    0.068627    0.330604   -0.007168   -0.119270    0.000000       -3.143963        1.000000    2.956268    0.473617    0.892068   23.691505
    0.078431    0.329998    0.008111   -0.012775    0.000000       -3.042993        1.000000    3.437865    0.553367    0.892068   23.691505
    0.088235    0.328360    0.004355    0.030099    0.000000       -3.015311        1.000000    3.917072    0.632396    0.892068   23.691505
    0.098039    0.328063   -0.001061    0.012283    0.000000       -3.035912        1.000000    4.395844    0.710950    0.892068   23.691505
    0.107843    0.328445   -0.001546   -0.005048    0.000000       -3.049699        1.000000    4.875174    0.789571    0.892068   23.691505
    0.117647    0.328639   -0.000143   -0.004946    0.000000       -3.047800        1.000000    5.354787    0.868348    0.892068   23.691505
    0.127451    0.328586    0.000399    0.000014    0.000000       -3.043327        1.000000    5.834324    0.947150    0.892068   23.691505
    0.137255    0.328516    0.000155    0.001411    0.000000       -3.042583        1.000000    6.313758    1.025915    0.892068   23.691505
    0.147059    0.328511   -0.000069    0.000402    0.000000       -3.043641        1.000000    6.793184    1.104662    0.892068   23.691505
    0.156863    0.328529   -0.000064   -0.000286    0.000000       -3.044157        1.000000    7.272637    1.183415    0.892068   23.691505
    0.166667    0.328536    0.000001   -0.000196    0.000000       -3.044004        1.000000    7.752100    1.262175    0.892068   23.691505
    0.176471    0.328533    0.000019    0.000025    0.000000       -3.043813        1.000000    8.231558    1.340934    0.892068   23.691505
    0.186275    0.328530    0.000005    0.000063    0.000000       -3.043802        1.000000    8.711012    1.419692    0.892068   23.691505
    0.196078    0.328530   -0.000004    0.000011    0.000000       -3.043853        1.000000    9.190467    1.498450    0.892068   23.691505
    0.205882    0.328531   -0.000003   -0.000015    0.000000       -3.043871        1.000000    9.669922    1.577207    0.892068   23.691505
    0.215686    0.328531    0.000000   -0.000007    0.000000       -3.043861        1.000000   10.149378    1.655965    0.892068   23.691505
    0.225490    0.328531    0.000001    0.000002    0.000000       -3.043854        1.000000   10.628833    1.734723    0.892068   23.691505
    0.235294    0.328531    0.000000    0.000003    0.000000       -3.043854        1.000000   11.108289    1.813481    0.892068   23.691505
    0.245098    0.328531   -0.000000    0.000000    0.000000       -3.043856        1.000000   11.587744    1.892239    0.892068   23.691505
    0.254902    0.328531   -0.000000   -0.000001    0.000000       -3.043857        1.000000   12.067199    1.970997    0.892068   23.691505
    0.264706    0.328531    0.000000   -0.000000    0.000000       -3.043856        1.000000   12.546655    2.049755    0.892068   23.691505
    0.274510    0.328531    0.000000    0.000000    0.000000       -3.043856        1.000000   13.026110    2.128513    0.892068   23.691505
    0.284314    0.328531    0.000000    0.000000    0.000000       -3.043856        1.000000   13.505566    2.207271    0.892068   23.691505
    0.294118    0.328531   -0.000000   -0.000000    0.000000       -3.043856        1.000000   13.985021    2.286029    0.892068   23.691505
    0.303922    0.328531   -0.000000   -0.000000    0.000000       -3.043856        1.000000   14.464476    2.364786    0.892068   23.691505
    0.313725    0.328531    0.000000   -0.000000    0.000000       -3.043856        1.000000   14.943932    2.443544    0.892068   23.691505
    0.323529    0.328531    0.000000    0.000000    0.000000       -3.043856        1.000000   15.423387    2.522302    0.892068   23.691505
    0.333333    0.328531   -0.000000    0.000000    0.000000       -3.043856        1.000000   15.902843    2.601060    0.892068   23.691505
    0.343137    0.328531   -0.000000   -0.000000    0.000000       -3.043856        1.000000   16.382298    2.679818    0.892068   23.691505
    0.352941    0.328531   -0.000000   -0.000000    0.000000       -3.043856        1.000000   16.861753    2.758576    0.892068   23.691505
    0.362745    0.328531    0.000000   -0.000000    0.000000       -3.043856        1.000000   17.341209    2.837334    0.892068   23.691505
    0.372549    0.328531    0.000000    0.000000    0.000000       -3.043856        1.000000   17.820664    2.916092    0.892068   23.691505
    0.382353    0.328531   -0.000000    0.000000    0.000000       -3.043856        1.000000   18.300120    2.994850    0.892068   23.691505
    0.392157    0.328531   -0.000000   -0.000000    0.000000       -3.043856        1.000000   18.779575    3.073607    0.892068   23.691505
    0.401961    0.328531   -0.000000   -0.000000    0.000000       -3.043856        1.000000   19.259030    3.152365    0.892068   23.691505
    0.411765    0.328531    0.000000   -0.000000    0.000000       -3.043856        1.000000   19.738486    3.231123    0.892068   23.691505
    0.421569    0.328531    0.000000    0.000000    0.000000       -3.043856        1.000000   20.217941    3.309881    0.892068   23.691505
    0.431373    0.328531   -0.000000    0.000000    0.000000       -3.043856        1.000000   20.697397    3.388639    0.892068   23.691505
    0.441176    0.328531   -0.000000   -0.000000    0.000000       -3.043856        1.000000   21.176852    3.467397    0.892068   23.691505
    0.450980    0.328531   -0.000000   -0.000000    0.000000       -3.043856        1.000000   21.656307    3.546155    0.892068   23.691505
    0.460784    0.328531    0.000000    0.000000    0.000000       -3.043856        1.000000   22.135763    3.624913    0.892068   23.691505
    0.470588    0.328531    0.000000    0.000000    0.000000       -3.043856        1.000000   22.615218    3.703671    0.892068   23.691505
    0.480392    0.328531   -0.000000    0.000000    0.000000       -3.043856        1.000000   23.094674    3.782429    0.892068   23.691505
    0.490196    0.328531   -0.000000   -0.000000    0.000000       -3.043856        1.000000   23.574129    3.861186    0.892068   23.691505
    0.500000    0.328531    0.000000   -0.000000    0.000000       -3.043856        1.000000   24.053584    3.939944    0.892068   23.691505
    0.509804    0.328531    0.000000    0.000000    0.000000       -3.043856        1.000000   24.533040    4.018702    0.892068   23.691505
    0.519608    0.328531    0.000000    0.000000    0.000000       -3.043856        1.000000   25.012495    4.097460    0.892068   23.691505
    0.529412    0.328531    0.000000    0.000000    0.000000       -3.043856        1.000000   25.491951    4.176218    0.892068   23.691505
    0.539216    0.328531    0.000000    0.000000    0.000000       -3.043856        1.000000   25.971406    4.254976    0.892068   23.691505
    0.549020    0.328531    0.000000    0.000000    0.000000       -3.043856        1.000000   26.450861    4.333734    0.892068   23.691505
    0.558824    0.328531    0.000000    0.000000    0.000000       -3.043856        1.000000   26.930317    4.412492    0.892068   23.691505
    0.568627    0.328531    0.000000    0.000000    0.000000       -3.043856        1.000000   27.409772    4.491250    0.892068   23.691505
    0.578431    0.328531    0.000000    0.000000    0.000000       -3.043856        1.000000   27.889228    4.570007    0.892068   23.691505
    0.588235    0.328531    0.000000   -0.000000    0.000000       -3.043856        1.000000   28.368683    4.648765    0.892068   23.691505
    0.598039    0.328531    0.000000    0.000000    0.000000       -3.043856        1.000000   28.848138    4.727523    0.892068   23.691505
    0.607843    0.328531    0.000000    0.000000    0.000000       -3.043856        1.000000   29.327594    4.806281    0.892068   23.691505
    0.617647    0.328531    0.000000    0.000000    0.000000       -3.043856        1.000000   29.807049    4.885039    0.892068   23.691505
    0.627451    0.328531    0.000000   -0.000000    0.000000       -3.043856        1.000000   30.286504    4.963797    0.892068   23.691505
    0.637255    0.328531    0.000000   -0.000000    0.000000       -3.043856        1.000000   30.765960    5.042555    0.892068   23.691505
    0.647059    0.328531    0.000000    0.000000    0.000000       -3.043856        1.000000   31.245415    5.121313    0.892068   23.691505
    0.656863    0.328531    0.000000    0.000000    0.000000       -3.043856        1.000000   31.724871    5.200071    0.892068   23.691505
    0.666667    0.328531    0.000000    0.000000    0.000000       -3.043856        1.000000   32.204326    5.278828    0.892068   23.691505
    0.676471    0.328531    0.000000    0.000000    0.000000       -3.043856        1.000000   32.683781    5.357586    0.892068   23.691505
    0.686275    0.328531    0.000000    0.000000    0.000000       -3.043856        1.000000   33.163237    5.436344    0.892068   23.691505
    0.696078    0.328531    0.000000    0.000000    0.000000       -3.043856        1.000000   33.642692    5.515102    0.892068   23.691505
    0.705882    0.328531    0.000000    0.000000    0.000000       -3.043856        1.000000   34.122148    5.593860    0.892068   23.691505
    0.715686    0.328531    0.000000    0.000000    0.000000       -3.043856        1.000000   34.601603    5.672618    0.892068   23.691505
    0.725490    0.328531    0.000000   -0.000000    0.000000       -3.043856        1.000000   35.081058    5.751376    0.892068   23.691505
    0.735294    0.328531    0.000000   -0.000000    0.000000       -3.043856        1.000000   35.560514    5.830134    0.892068   23.691505
    0.745098    0.328531    0.000000   -0.000000    0.000000       -3.043856        1.000000   36.039969    5.908892    0.892068   23.691505
    0.754902    0.328531    0.000000   -0.000000    0.000000       -3.043856        1.000000   36.519425    5.987649    0.892068   23.691505
    0.764706    0.328531    0.000000   -0.000000    0.000000       -3.043856        1.000000   36.998880    6.066407    0.892068   23.691505
    0.774510    0.328531    0.000000   -0.000000    0.000000       -3.043856        1.000000   37.478335    6.145165    0.892068   23.691505
    0.784314    0.328531    0.000000   -0.000000    0.000000       -3.043856        1.000000   37.957791    6.223923    0.892068   23.691505
    0.794118    0.328531    0.000000   -0.000000    0.000000       -3.043856        1.000000   38.437246    6.302681    0.892068   23.691505
    0.803922    0.328531    0.000000   -0.000000    0.000000       -3.043856        1.000000   38.916702    6.381439    0.892068   23.691505
    0.813725    0.328531    0.000000   -0.000000    0.000000       -3.043856        1.000000   39.396157    6.460197    0.892068   23.691505
    0.823529    0.328531    0.000000   -0.000000    0.000000       -3.043856        1.000000   39.875612    6.538955    0.892068   23.691505
    0.833333    0.328531    0.000000   -0.000000    0.000000       -3.043856        1.000000   40.355068    6.617713    0.892068   23.691505
    0.843137    0.328531    0.000000   -0.000000    0.000000       -3.043856        1.000000   40.834523    6.696471    0.892068   23.691505
    0.852941    0.328531    0.000000   -0.000000    0.000000       -3.043856        1.000000   41.313979    6.775228    0.892068   23.691505
    0.862745    0.328531    0.000000   -0.000000    0.000000       -3.043857        1.000000   41.793434    6.853986    0.892068   23.691505
    0.872549    0.328531    0.000000   -0.000001    0.000000       -3.043858        1.000000   42.272889    6.932744    0.892068   23.691505
    0.882353    0.328530    0.000001   -0.000004    0.000000       -3.043862        1.000000   42.752345    7.011502    0.892068   23.691505
    0.892157    0.328530    0.000003   -0.000015    0.000000       -3.043876        1.000000   43.231799    7.090260    0.892068   23.691505
    0.901961    0.328529    0.000010   -0.000052    0.000000       -3.043925        1.000000   43.711252    7.169017    0.892068   23.691505
    0.911765    0.328524    0.000034   -0.000184    0.000000       -3.044098        1.000000   44.190698    7.247773    0.892068   23.691505
    0.921569    0.328509    0.000119   -0.000645    0.000000       -3.044706        1.000000   44.670122    7.326525    0.892068   23.691505
    0.931373    0.328453    0.000419   -0.002268    0.000000       -3.046841        1.000000   45.149464    7.405262    0.892068   23.691505
    0.941176    0.328258    0.001473   -0.007966    0.000000       -3.054343        1.000000   45.628522    7.483946    0.892068   23.691505
    0.950980    0.327574    0.005171   -0.027955    0.000000       -3.080655        1.000000   46.106582    7.562442    0.892068   23.691505
    0.960784    0.325175    0.018125   -0.097693    0.000000       -3.172457        1.000000   46.581140    7.640282    0.892068   23.691505
    0.970588    0.316797    0.063064   -0.336450    0.000000       -3.486768        1.000000   47.043472    7.715811    0.892068   23.691505
    0.980392    0.288113    0.213814   -1.098343    0.000000       -4.490164        1.000000   47.463943    7.783304    0.892068   23.691505
    0.990196    0.198126    0.661197   -2.945884    0.000000       -6.929494        1.000000   47.753087    7.826178    0.892068   23.691505
    1.000000    0.000000    1.570796   -4.490633    0.000000       -8.981266        1.000000   47.753087    7.833038    0.892068   23.691505
