           t           r         psi          cs          qs               p             sig           A           V          Q2           S
    0.000000   -0.000000   -1.570796   -1.010363    0.000000       -2.020725        1.000000    0.000000    0.000000    0.251524    4.915916
    0.009804    0.048176   -1.522096   -1.010696    0.000000       -2.021169        1.000000    0.000000    0.000004    0.251524    4.915916
    0.019608    0.096238   -1.473364   -1.011708    0.000000       -2.022517        1.000000    0.029143    0.000068    0.251524    4.915916
    0.029412    0.144071   -1.424566   -1.013440    0.000000       -2.024814        1.000000    0.072770    0.000345    0.251524    4.915916
    0.039216    0.191562   -1.375665   -1.015957    0.000000       -2.028137        1.000000    0.130779    0.001084    0.251524    4.915916
    0.049020    0.238594   -1.326623   -1.019353    0.000000       -2.032596        1.000000    0.203030    0.002628    0.251524    4.915916
    0.058824    0.285055   -1.277393   -1.023754    0.000000       -2.038337        1.000000    0.289350    0.005407    0.251524    4.915916
    0.068627    0.330827   -1.227924   -1.029323    0.000000       -2.045544        1.000000    0.389531    0.009924    0.251524    4.915916
    0.078431    0.375796   -1.178154   -1.036264    0.000000       -2.054452        1.000000    0.503330    0.016749    0.251524    4.915916
    0.088235    0.419843   -1.128012   -1.044834    0.000000       -2.065350        1.000000    0.630467    0.026502    0.251524    4.915916
    0.098039    0.462851   -1.077411   -1.055350    0.000000       -2.078596        1.000000    0.770627    0.039844    0.251524    4.915916
    0.107843    0.504697   -1.026249   -1.068205    0.000000       -2.094626        1.000000    0.923459    0.057457    0.251524    4.915916
    0.117647    0.545257   -0.974401   -1.083877    0.000000       -2.113967        1.000000    1.088574    0.080031    0.251524    4.915916
    0.127451    0.584403   -0.921719   -1.102941    0.000000       -2.137247        1.000000    1.265543    0.108246    0.251524    4.915916
    0.137255    0.622000   -0.868023   -1.126074    0.000000       -2.165201        1.000000    1.453897    0.142755    0.251524    4.915916
    0.147059    0.657905   -0.813098   -1.154040    0.000000       -2.198645        1.000000    1.653123    0.184160    0.251524    4.915916
    0.156863    0.691967   -0.756693   -1.187639    0.000000       -2.238426        1.000000    1.862665    0.233000    0.251524    4.915916
    0.166667    0.724023   -0.698519   -1.227585    0.000000       -2.285280        1.000000    2.081913    0.289719    0.251524    4.915916
    0.176471    0.753893   -0.638258   -1.274234    0.000000       -2.339551        1.000000    2.310207    0.354651    0.251524    4.915916
    0.186275    0.781385   -0.575594   -1.327089    0.000000       -2.400656        1.000000    2.546825    0.427981    0.251524    4.915916
    0.196078    0.806290   -0.510273   -1.383932    0.000000       -2.466187        1.000000    2.790986    0.509719    0.251524    4.915916
    0.205882    0.828390   -0.442214   -1.439540    0.000000       -2.530580        1.000000    3.041839    0.599658    0.251524    4.915916
    0.215686    0.847470   -0.371688   -1.484190    0.000000       -2.583598        1.000000    3.298469    0.697333    0.251524    4.915916
    0.225490    0.863344   -0.299567   -1.502877    0.000000       -2.609579        1.000000    3.559907    0.801994    0.251524    4.915916
    0.235294    0.875892   -0.227541   -1.477099    0.000000       -2.589364        1.000000    3.825144    0.912599    0.251524    4.915916
    0.245098    0.885111   -0.158165   -1.390937    0.000000       -2.506637        1.000000    4.093173    1.027868    0.251524    4.915916
    0.254902    0.891154   -0.094518   -1.240009    0.000000       -2.357141        1.000000    4.363032    1.146403    0.251524    4.915916
    0.264706    0.894341   -0.039484   -1.036997    0.000000       -2.154268        1.000000    4.633856    1.266857    0.251524    4.915916
    0.274510    0.895127    0.005018   -0.807828    0.000000       -1.924974        1.000000    4.904918    1.388090    0.251524    4.915916
    0.284314    0.894036    0.038421   -0.580757    0.000000       -1.698454        1.000000    5.175650    1.509260    0.251524    4.915916
    0.294118    0.891593    0.061374   -0.376805    0.000000       -1.496282        1.000000    5.445642    1.629818    0.251524    4.915916
    0.303922    0.888269    0.075288   -0.206617    0.000000       -1.329213        1.000000    5.714627    1.749460    0.251524    4.915916
    0.313725    0.884460    0.081871   -0.072403    0.000000       -1.199250        1.000000    5.982459    1.868049    0.251524    4.915916
    0.323529    0.880477    0.082803    0.028553    0.000000       -1.103304        1.000000    6.249085    1.985557    0.251524    4.915916
    0.333333    0.876554    0.079576    0.101035    0.000000       -1.036186        1.000000    6.514523    2.102023    0.251524    4.915916
    0.343137    0.872861    0.073439    0.150179    0.000000       -0.992390        1.000000    6.778843    2.217522    0.251524    4.915916
    0.352941    0.869512    0.065399    0.180685    0.000000       -0.966926        1.000000    7.042148    2.332150    0.251524    4.915916
    0.362745    0.866579    0.056257    0.196546    0.000000       -0.955591        1.000000    7.304565    2.446017    0.251524    4.915916
    0.372549    0.864100    0.046636    0.201044    0.000000       -0.954971        1.000000    7.566232    2.559234    0.251524    4.915916
    0.382353    0.862086    0.037018    0.196844    0.000000       -0.962339        1.000000    7.827289    2.671914    0.251524    4.915916
    0.392157    0.860527    0.027767    0.186105    0.000000       -0.975526        1.000000    8.087873    2.784169    0.251524    4.915916
    0.401961    0.859399    0.019156    0.170593    0.000000       -0.992797        1.000000    8.348116    2.896102    0.251524    4.915916
    0.411765    0.858667    0.011377    0.151766    0.000000       -1.012755        1.000000    8.608138    3.007812    0.251524    4.915916
    0.421569    0.858287    0.004560    0.130836    0.000000       -1.034263        1.000000    8.868044    3.119387    0.251524    4.915916
    0.431373    0.858211   -0.001217    0.108824    0.000000       -1.056390        1.000000    9.127927    3.230908    0.251524    4.915916
    0.441176    0.858387   -0.005926    0.086587    0.000000       -1.078367        1.000000    9.387864    3.342443    0.251524    4.915916
    0.450980    0.858765   -0.009571    0.064844    0.000000       -1.099566        1.000000    9.647915    3.454048    0.251524    4.915916
    0.460784    0.859293   -0.012193    0.044181    0.000000       -1.119479        1.000000    9.908126    3.565768    0.251524    4.915916
    0.470588    0.859925   -0.013855    0.025068    0.000000       -1.137713        1.000000   10.168528    3.677638    0.251524    4.915916
    0.480392    0.860615   -0.014640    0.007850    0.000000       -1.153986        1.000000   10.429139    3.789679    0.251524    4.915916
    0.490196    0.861323   -0.014646   -0.007242    0.000000       -1.168121        1.000000   10.689965    3.901902    0.251524    4.915916
    0.500000    0.862016   -0.013978   -0.020094    0.000000       -1.180052        1.000000   10.951000    4.014309    0.251524    4.915916
    0.509804    0.862662   -0.012745   -0.030706    0.000000       -1.189815        1.000000   11.212231    4.126893    0.251524    4.915916
    0.519608    0.863237   -0.011053   -0.039183    0.000000       -1.197543        1.000000   11.473636    4.239638    0.251524    4.915916
    0.529412    0.863721   -0.008999   -0.045729    0.000000       -1.203463        1.000000   11.735188    4.352525    0.251524    4.915916
    0.539216    0.864100   -0.006671   -0.050632    0.000000       -1.207880        1.000000   11.996855    4.465528    0.251524    4.915916
    0.549020    0.864361   -0.004140   -0.054249    0.000000       -1.211163        1.000000   12.258600    4.578616    0.251524    4.915916
    0.558824    0.864496   -0.001456   -0.056994    0.000000       -1.213736        1.000000   12.520387    4.691757    0.251524    4.915916
    0.568627    0.864499    0.001347   -0.059320    0.000000       -1.216058        1.000000   12.782174    4.804918    0.251524    4.915916
    0.578431    0.864365    0.004263   -0.061707    0.000000       -1.218615        1.000000   13.043921    4.918060    0.251524    4.915916
    0.588235    0.864087    0.007304   -0.064648    0.000000       -1.221908        1.000000   13.305584    5.031147    0.251524    4.915916
    0.598039    0.863658    0.010511   -0.068644    0.000000       -1.226446        1.000000   13.567116    5.144140    0.251524    4.915916
    0.607843    0.863070    0.013946   -0.074200    0.000000       -1.232742        1.000000   13.828471    5.256995    0.251524    4.915916
    0.617647    0.862309    0.017696   -0.081816    0.000000       -1.241312        1.000000   14.089595    5.369669    0.251524    4.915916
    0.627451    0.861357    0.021873   -0.091991    0.000000       -1.252672        1.000000   14.350431    5.482112    0.251524    4.915916
    0.637255    0.860192    0.026612   -0.105220    0.000000       -1.267340        1.000000   14.610914    5.594269    0.251524    4.915916
    0.647059    0.858781    0.032073   -0.121991    0.000000       -1.285834        1.000000   14.870970    5.706075    0.251524    4.915916
    0.656863    0.857086    0.038436   -0.142778    0.000000       -1.308660        1.000000   15.130512    5.817458    0.251524    4.915916
    0.666667    0.855059    0.045907   -0.168026    0.000000       -1.336303        1.000000   15.389441    5.928330    0.251524    4.915916
    0.676471    0.852641    0.054710   -0.198134    0.000000       -1.369206        1.000000   15.647638    6.038587    0.251524    4.915916
    0.686275    0.849763    0.065088   -0.233426    0.000000       -1.407733        1.000000   15.904963    6.148104    0.251524    4.915916
    0.696078    0.846343    0.077297   -0.274110    0.000000       -1.452136        1.000000   16.161252    6.256735    0.251524    4.915916
    0.705882    0.842287    0.091597   -0.320236    0.000000       -1.502504        1.000000   16.416313    6.364301    0.251524    4.915916
    0.715686    0.837489    0.108250   -0.371657    0.000000       -1.558714        1.000000   16.669921    6.470593    0.251524    4.915916
    0.725490    0.831832    0.127501   -0.427984    0.000000       -1.620392        1.000000   16.921816    6.575363    0.251524    4.915916
    0.735294    0.825188    0.149572   -0.488568    0.000000       -1.686883        1.000000   17.171700    6.678323    0.251524    4.915916
    0.745098    0.817422    0.174648   -0.552506    0.000000       -1.757254        1.000000   17.419231    6.779144    0.251524    4.915916
    0.754902    0.808391    0.202864   -0.618673    0.000000       -1.830330        1.000000   17.664028    6.877452    0.251524    4.915916
    0.764706    0.797954    0.234297   -0.685790    0.000000       -1.904755        1.000000   17.905664    6.972834    0.251524    4.915916
    0.774510    0.785967    0.268961   -0.752518    0.000000       -1.979093        1.000000   18.143670    7.064845    0.251524    4.915916
    0.784314    0.772296    0.306806   -0.817555    0.000000       -2.051930        1.000000   18.377537    7.153015    0.251524    4.915916
    0.794118    0.756816    0.347720   -0.879740    0.000000       -2.121986        1.000000   18.606716    7.236865    0.251524    4.915916
    0.803922    0.739416    0.391543   -0.938123    0.000000       -2.188192        1.000000   18.830626    7.315927    0.251524    4.915916
    0.813725    0.720004    0.438074   -0.992013    0.000000       -2.249742        1.000000   19.048657    7.389758    0.251524    4.915916
    0.823529    0.698507    0.487085   -1.040987    0.000000       -2.306115        1.000000   19.260179    7.457967    0.251524    4.915916
    0.833333    0.674876    0.538333   -1.084874    0.000000       -2.357056        1.000000   19.464545    7.520231    0.251524    4.915916
    0.843137    0.649083    0.591575   -1.123716    0.000000       -2.402542        1.000000   19.661100    7.576321    0.251524    4.915916
    0.852941    0.621125    0.646571   -1.157717    0.000000       -2.442732        1.000000   19.849188    7.626108    0.251524    4.915916
    0.862745    0.591022    0.703095   -1.187197    0.000000       -2.477917        1.000000   20.028162    7.669583    0.251524    4.915916
    0.872549    0.558818    0.760939   -1.212540    0.000000       -2.508470        1.000000   20.197383    7.706857    0.251524    4.915916
    0.882353    0.524576    0.819913   -1.234165    0.000000       -2.534805        1.000000   20.356235    7.738162    0.251524    4.915916
    0.892157    0.488379    0.879848   -1.252487    0.000000       -2.557351        1.000000   20.504126    7.763845    0.251524    4.915916
    0.901961    0.450330    0.940594   -1.267908    0.000000       -2.576521        1.000000   20.640494    7.784355    0.251524    4.915916
    0.911765    0.410547    1.002021   -1.280796    0.000000       -2.592706        1.000000   20.764816    7.800225    0.251524    4.915916
    0.921569    0.369162    1.064015   -1.291483    0.000000       -2.606259        1.000000   20.876606    7.812052    0.251524    4.915916
    0.931373    0.326322    1.126477   -1.300260    0.000000       -2.617495        1.000000   20.975422    7.820471    0.251524    4.915916
    0.941176    0.282185    1.189322   -1.307380    0.000000       -2.626691        1.000000   21.060873    7.826127    0.251524    4.915916
    0.950980    0.236918    1.252473   -1.313054    0.000000       -2.634080        1.000000   21.132617    7.829652    0.251524    4.915916
    0.960784    0.190697    1.315867   -1.317460    0.000000       -2.639858        1.000000   21.190364    7.831633    0.251524    4.915916
    0.970588    0.143704    1.379446   -1.320740    0.000000       -2.644186        1.000000   21.233880    7.832589    0.251524    4.915916
    0.980392    0.096129    1.443158   -1.323004    0.000000       -2.647187        1.000000   21.262990    7.832948    0.251524    4.915916
    0.990196    0.048163    1.506956   -1.324330    0.000000       -2.648952        1.000000   21.277574    7.833032    0.251524    4.915916
    1.000000    0.000000    1.570796   -1.324767    0.000000       -2.649534        1.000000   21.277574    7.833038    0.251524    4.915916
