           t           r         psi          cs          qs               p             sig           A           V          Q2           S
    0.000000    0.000000   -1.570796   -0.990833    0.000000       -1.981666        1.000000    0.000000    0.000000    0.076586    4.445593
    0.009804    0.043571   -1.527611   -0.990866    0.000000       -1.981709        1.000000    0.000000    0.000003    0.076586    4.445593
    0.019608    0.087060   -1.484423   -0.990964    0.000000       -1.981840        1.000000    0.023841    0.000045    0.076586    4.445593
    0.029412    0.130387   -1.441229   -0.991132    0.000000       -1.982063        1.000000    0.059547    0.000226    0.076586    4.445593
    0.039216    0.173471   -1.398027   -0.991375    0.000000       -1.982385        1.000000    0.107052    0.000712    0.076586    4.445593
    0.049020    0.216231   -1.354811   -0.991701    0.000000       -1.982814        1.000000    0.166267    0.001728    0.076586    4.445593
    0.058824    0.258588   -1.311580   -0.992122    0.000000       -1.983365        1.000000    0.237080    0.003560    0.076586    4.445593
    0.068627    0.300461   -1.268328   -0.992653    0.000000       -1.984053        1.000000    0.319361    0.006542    0.076586    4.445593
    0.078431    0.341773   -1.225050   -0.993310    0.000000       -1.984900        1.000000    0.412955    0.011058    0.076586    4.445593
    0.088235    0.382446   -1.181741   -0.994118    0.000000       -1.985932        1.000000    0.517687    0.017529    0.076586    4.445593
    0.098039    0.422402   -1.138392   -0.995105    0.000000       -1.987183        1.000000    0.633360    0.026406    0.076586    4.445593
    0.107843    0.461566   -1.094996   -0.996310    0.000000       -1.988693        1.000000    0.759759    0.038165    0.076586    4.445593
    0.117647    0.499863   -1.051541   -0.997779    0.000000       -1.990517        1.000000    0.896646    0.053294    0.076586    4.445593
    0.127451    0.537220   -1.008016   -0.999573    0.000000       -1.992721        1.000000    1.043762    0.072284    0.076586    4.445593
    0.137255    0.573564   -0.964404   -1.001768    0.000000       -1.995391        1.000000    1.200832    0.095622    0.076586    4.445593
    0.147059    0.608824   -0.920686   -1.004466    0.000000       -1.998635        1.000000    1.367557    0.123780    0.076586    4.445593
    0.156863    0.642929   -0.876837   -1.007797    0.000000       -2.002598        1.000000    1.543622    0.157205    0.076586    4.445593
    0.166667    0.675809   -0.832826   -1.011934    0.000000       -2.007463        1.000000    1.728690    0.196310    0.076586    4.445593
    0.176471    0.707396   -0.788613   -1.017107    0.000000       -2.013479        1.000000    1.922409    0.241467    0.076586    4.445593
    0.186275    0.737621   -0.744147   -1.023623    0.000000       -2.020972        1.000000    2.124405    0.292995    0.076586    4.445593
    0.196078    0.766416   -0.699360   -1.031899    0.000000       -2.030383        1.000000    2.334287    0.351155    0.076586    4.445593
    0.205882    0.793711   -0.654164   -1.042503    0.000000       -2.042309        1.000000    2.551643    0.416145    0.076586    4.445593
    0.215686    0.819434   -0.608442   -1.056216    0.000000       -2.057566        1.000000    2.776043    0.488087    0.076586    4.445593
    0.225490    0.843510   -0.562035   -1.074108    0.000000       -2.077265        1.000000    3.007036    0.567028    0.076586    4.445593
    0.235294    0.865858   -0.514732   -1.097634    0.000000       -2.102907        1.000000    3.244150    0.652933    0.076586    4.445593
    0.245098    0.886391   -0.466247   -1.128710    0.000000       -2.136461        1.000000    3.486886    0.745676    0.076586    4.445593
    0.254902    0.905008   -0.416200   -1.169669    0.000000       -2.180303        1.000000    3.734721    0.845037    0.076586    4.445593
    0.264706    0.921590   -0.364111   -1.222749    0.000000       -2.236692        1.000000    3.987096    0.950694    0.076586    4.445593
    0.274510    0.936000   -0.309431   -1.288280    0.000000       -2.305915        1.000000    4.243418    1.062208    0.076586    4.445593
    0.284314    0.948078   -0.251720   -1.359764    0.000000       -2.381289        1.000000    4.503047    1.178998    0.076586    4.445593
    0.294118    0.957658   -0.191140   -1.413952    0.000000       -2.439149        1.000000    4.765300    1.300318    0.076586    4.445593
    0.303922    0.964611   -0.129435   -1.400933    0.000000       -2.428948        1.000000    5.029456    1.425225    0.076586    4.445593
    0.313725    0.968947   -0.070907   -1.259982    0.000000       -2.289437        1.000000    5.294800    1.552606    0.076586    4.445593
    0.323529    0.970919   -0.021653   -0.981465    0.000000       -2.011176        1.000000    5.560684    1.681322    0.076586    4.445593
    0.333333    0.971037    0.013748   -0.641768    0.000000       -1.671497        1.000000    5.826600    1.810441    0.076586    4.445593
    0.343137    0.969930    0.034823   -0.336749    0.000000       -1.367126        1.000000    6.092214    1.939377    0.076586    4.445593
    0.352941    0.968171    0.044292   -0.112041    0.000000       -1.143904        1.000000    6.357345    2.067861    0.076586    4.445593
    0.362745    0.966186    0.045747    0.033443    0.000000       -1.000471        1.000000    6.621933    2.195813    0.076586    4.445593
    0.372549    0.964256    0.042260    0.118108    0.000000       -0.918035        1.000000    6.885993    2.323250    0.076586    4.445593
    0.382353    0.962543    0.036062    0.160625    0.000000       -0.877614        1.000000    7.149583    2.450229    0.076586    4.445593
    0.392157    0.961130    0.028663    0.175172    0.000000       -0.864842        1.000000    7.412786    2.576828    0.076586    4.445593
    0.401961    0.960047    0.021055    0.171574    0.000000       -0.869810        1.000000    7.675693    2.703125    0.076586    4.445593
    0.411765    0.959289    0.013873    0.156502    0.000000       -0.885837        1.000000    7.938393    2.829201    0.076586    4.445593
    0.421569    0.958826    0.007512    0.134550    0.000000       -0.908362        1.000000    8.200965    2.955129    0.076586    4.445593
    0.431373    0.958619    0.002196    0.108984    0.000000       -0.934182        1.000000    8.463481    3.080976    0.076586    4.445593
    0.441176    0.958618   -0.001971    0.082205    0.000000       -0.960961        1.000000    8.725996    3.206798    0.076586    4.445593
    0.450980    0.958774   -0.004978    0.056028    0.000000       -0.986958        1.000000    8.988554    3.332641    0.076586    4.445593
    0.460784    0.959036   -0.006883    0.031823    0.000000       -1.010866        1.000000    9.251184    3.458538    0.076586    4.445593
    0.470588    0.959359   -0.007795    0.010576    0.000000       -1.031755        1.000000    9.513903    3.584512    0.076586    4.445593
    0.480392    0.959703   -0.007858   -0.007088    0.000000       -1.049044        1.000000    9.776715    3.710574    0.076586    4.445593
    0.490196    0.960034   -0.007233   -0.020906    0.000000       -1.062508        1.000000   10.039619    3.836725    0.076586    4.445593
    0.500000    0.960326   -0.006090   -0.030974    0.000000       -1.072267        1.000000   10.302602    3.962960    0.076586    4.445593
    0.509804    0.960560   -0.004582   -0.037715    0.000000       -1.078763        1.000000   10.565649    4.089265    0.076586    4.445593
    0.519608    0.960722   -0.002840   -0.041836    0.000000       -1.082715        1.000000   10.828741    4.215623    0.076586    4.445593
    0.529412    0.960805   -0.000960   -0.044258    0.000000       -1.085051        1.000000   11.091855    4.342015    0.076586    4.445593
    0.539216    0.960805    0.001008   -0.046041    0.000000       -1.086835        1.000000   11.354970    4.468418    0.076586    4.445593
    0.549020    0.960716    0.003060   -0.048320    0.000000       -1.089205        1.000000   11.618060    4.594808    0.076586    4.445593
    0.558824    0.960536    0.005244   -0.052258    0.000000       -1.093329        1.000000   11.881100    4.721163    0.076586    4.445593
    0.568627    0.960256    0.007657   -0.059015    0.000000       -1.100374        1.000000   12.144064    4.847456    0.076586    4.445593
    0.578431    0.959863    0.010446   -0.069746    0.000000       -1.111505        1.000000   12.406921    4.973658    0.076586    4.445593
    0.588235    0.959337    0.013811   -0.085599    0.000000       -1.127886        1.000000   12.669633    5.099736    0.076586    4.445593
    0.598039    0.958647    0.017998   -0.107701    0.000000       -1.150668        1.000000   12.932157    5.225648    0.076586    4.445593
    0.607843    0.957752    0.023305   -0.137118    0.000000       -1.180946        1.000000   13.194435    5.351343    0.076586    4.445593
    0.617647    0.956595    0.030070   -0.174762    0.000000       -1.219664        1.000000   13.456396    5.476752    0.076586    4.445593
    0.627451    0.955105    0.038667   -0.221233    0.000000       -1.267456        1.000000   13.717950    5.601787    0.076586    4.445593
    0.637255    0.953193    0.049485   -0.276612    0.000000       -1.324434        1.000000   13.978980    5.726332    0.076586    4.445593
    0.647059    0.950755    0.062900   -0.340247    0.000000       -1.389963        1.000000   14.239342    5.850238    0.076586    4.445593
    0.656863    0.947671    0.079242   -0.410618    0.000000       -1.462524        1.000000   14.498860    5.973312    0.076586    4.445593
    0.666667    0.943809    0.098757   -0.485368    0.000000       -1.539742        1.000000   14.757320    6.095315    0.076586    4.445593
    0.676471    0.939030    0.121572   -0.561563    0.000000       -1.618633        1.000000   15.014471    6.215954    0.076586    4.445593
    0.686275    0.933192    0.147683   -0.636119    0.000000       -1.696046        1.000000   15.270024    6.334881    0.076586    4.445593
    0.696078    0.926159    0.176957   -0.706289    0.000000       -1.769155        1.000000   15.523650    6.451696    0.076586    4.445593
    0.705882    0.917808    0.209155   -0.770032    0.000000       -1.835840        1.000000   15.774990    6.565957    0.076586    4.445593
    0.715686    0.908026    0.243969   -0.826180    0.000000       -1.894857        1.000000   16.023651    6.677188    0.076586    4.445593
    0.725490    0.896724    0.281057   -0.874388    0.000000       -1.945802        1.000000   16.269217    6.784896    0.076586    4.445593
    0.735294    0.883827    0.320077   -0.914945    0.000000       -1.988923        1.000000   16.511251    6.888590    0.076586    4.445593
    0.745098    0.869282    0.360710   -0.948543    0.000000       -2.024887        1.000000   16.749302    6.987794    0.076586    4.445593
    0.754902    0.853053    0.402672   -0.976073    0.000000       -2.054573        1.000000   16.982909    7.082067    0.076586    4.445593
    0.764706    0.835119    0.445718   -0.998466    0.000000       -2.078913        1.000000   17.211604    7.171012    0.076586    4.445593
    0.774510    0.815474    0.489645   -1.016602    0.000000       -2.098794        1.000000   17.434920    7.254294    0.076586    4.445593
    0.784314    0.794127    0.534283   -1.031260    0.000000       -2.115009        1.000000   17.652390    7.331645    0.076586    4.445593
    0.794118    0.771094    0.579497   -1.043105    0.000000       -2.128237        1.000000   17.863553    7.402873    0.076586    4.445593
    0.803922    0.746404    0.625176   -1.052688    0.000000       -2.139043        1.000000   18.067954    7.467864    0.076586    4.445593
    0.813725    0.720093    0.671232   -1.060454    0.000000       -2.147891        1.000000   18.265150    7.526585    0.076586    4.445593
    0.823529    0.692205    0.717593   -1.066764    0.000000       -2.155156        1.000000   18.454709    7.579087    0.076586    4.445593
    0.833333    0.662791    0.764203   -1.071905    0.000000       -2.161138        1.000000   18.636212    7.625496    0.076586    4.445593
    0.843137    0.631908    0.811016   -1.076107    0.000000       -2.166080        1.000000   18.809259    7.666014    0.076586    4.445593
    0.852941    0.599617    0.857995   -1.079549    0.000000       -2.170172        1.000000   18.973463    7.700912    0.076586    4.445593
    0.862745    0.565985    0.905110   -1.082377    0.000000       -2.173571        1.000000   19.128456    7.730522    0.076586    4.445593
    0.872549    0.531084    0.952337   -1.084706    0.000000       -2.176400        1.000000   19.273892    7.755226    0.076586    4.445593
    0.882353    0.494988    0.999656   -1.086626    0.000000       -2.178757        1.000000   19.409444    7.775451    0.076586    4.445593
    0.892157    0.457777    1.047051   -1.088210    0.000000       -2.180722        1.000000   19.534805    7.791655    0.076586    4.445593
    0.901961    0.419532    1.094510   -1.089517    0.000000       -2.182359        1.000000   19.649693    7.804314    0.076586    4.445593
    0.911765    0.380339    1.142020   -1.090594    0.000000       -2.183721        1.000000   19.753848    7.813916    0.076586    4.445593
    0.921569    0.340284    1.189572   -1.091477    0.000000       -2.184849        1.000000   19.847034    7.820943    0.076586    4.445593
    0.931373    0.299458    1.237160   -1.092199    0.000000       -2.185777        1.000000   19.929040    7.825866    0.076586    4.445593
    0.941176    0.257953    1.284775   -1.092781    0.000000       -2.186534        1.000000   19.999680    7.829128    0.076586    4.445593
    0.950980    0.215863    1.332414   -1.093245    0.000000       -2.187140        1.000000   20.058794    7.831136    0.076586    4.445593
    0.960784    0.173282    1.380070   -1.093605    0.000000       -2.187613        1.000000   20.106246    7.832253    0.076586    4.445593
    0.970588    0.130307    1.427741   -1.093873    0.000000       -2.187967        1.000000   20.141931    7.832788    0.076586    4.445593
    0.980392    0.087036    1.475421   -1.094058    0.000000       -2.188213        1.000000   20.165765    7.832988    0.076586    4.445593
    0.990196    0.043568    1.523107   -1.094167    0.000000       -2.188358        1.000000   20.177696    7.833035    0.076586    4.445593
    1.000000    0.000000    1.570796   -1.094203    0.000000       -2.188405        1.000000   20.177696    7.833038    0.076586    4.445593
