           t           r         psi          cs          qs               p             sig           A           V          Q2           S
    0.000000    0.000000   -1.570796   -1.078648    0.000000       -2.157295        1.000000    0.000000    0.000000    0.441219    3.533117
    0.009804    0.034630   -1.533426   -1.079278    0.000000       -2.158135        1.000000    0.000000    0.000001    0.441219    3.533117
    0.019608    0.069212   -1.496013   -1.081179    0.000000       -2.160668        1.000000    0.015063    0.000019    0.441219    3.533117
    0.029412    0.103697   -1.458511   -1.084385    0.000000       -2.164932        1.000000    0.037632    0.000098    0.441219    3.533117
    0.039216    0.138036   -1.420874   -1.088951    0.000000       -2.170991        1.000000    0.067674    0.000311    0.441219    3.533117
    0.049020    0.172180   -1.383055   -1.094950    0.000000       -2.178930        1.000000    0.105147    0.000756    0.441219    3.533117
    0.058824    0.206079   -1.345002   -1.102479    0.000000       -2.188861        1.000000    0.149998    0.001561    0.441219    3.533117
    0.068627    0.239682   -1.306660   -1.111654    0.000000       -2.200914        1.000000    0.202163    0.002880    0.441219    3.533117
    0.078431    0.272936   -1.267970   -1.122609    0.000000       -2.215245        1.000000    0.261564    0.004888    0.441219    3.533117
    0.088235    0.305788   -1.228867   -1.135500    0.000000       -2.232029        1.000000    0.328116    0.007785    0.441219    3.533117
    0.098039    0.338183   -1.189281   -1.150500    0.000000       -2.251462        1.000000    0.401718    0.011788    0.441219    3.533117
    0.107843    0.370065   -1.149137   -1.167799    0.000000       -2.273754        1.000000    0.482258    0.017134    0.441219    3.533117
    0.117647    0.401372   -1.108351   -1.187597    0.000000       -2.299128        1.000000    0.569613    0.024072    0.441219    3.533117
    0.127451    0.432044   -1.066833   -1.210101    0.000000       -2.327812        1.000000    0.663643    0.032865    0.441219    3.533117
    0.137255    0.462014   -1.024486   -1.235511    0.000000       -2.360019        1.000000    0.764195    0.043780    0.441219    3.533117
    0.147059    0.491213   -0.981205   -1.264004    0.000000       -2.395939        1.000000    0.871102    0.057091    0.441219    3.533117
    0.156863    0.519569   -0.936882   -1.295710    0.000000       -2.435698        1.000000    0.984181    0.073069    0.441219    3.533117
    0.166667    0.547004   -0.891405   -1.330673    0.000000       -2.479330        1.000000    1.103231    0.091977    0.441219    3.533117
    0.176471    0.573435   -0.844661   -1.368802    0.000000       -2.526709        1.000000    1.228033    0.114066    0.441219    3.533117
    0.186275    0.598776   -0.796546   -1.409800    0.000000       -2.577484        1.000000    1.358350    0.139568    0.441219    3.533117
    0.196078    0.622933   -0.746968   -1.453078    0.000000       -2.630978        1.000000    1.493925    0.168686    0.441219    3.533117
    0.205882    0.645811   -0.695866   -1.497646    0.000000       -2.686074        1.000000    1.634479    0.201585    0.441219    3.533117
    0.215686    0.667309   -0.643218   -1.541990    0.000000       -2.741089        1.000000    1.779712    0.238383    0.441219    3.533117
    0.225490    0.687327   -0.589069   -1.583956    0.000000       -2.793653        1.000000    1.929301    0.279143    0.441219    3.533117
    0.235294    0.705766   -0.533547   -1.620671    0.000000       -2.840634        1.000000    2.082904    0.323857    0.441219    3.533117
    0.245098    0.722531   -0.476896   -1.648550    0.000000       -2.878150        1.000000    2.240155    0.372441    0.441219    3.533117
    0.254902    0.737541   -0.419491   -1.663442    0.000000       -2.901742        1.000000    2.400673    0.424729    0.441219    3.533117
    0.264706    0.750729   -0.361858   -1.660980    0.000000       -2.906756        1.000000    2.564062    0.480467    0.441219    3.533117
    0.274510    0.762057   -0.304671   -1.637146    0.000000       -2.888950        1.000000    2.729915    0.539322    0.441219    3.533117
    0.284314    0.771513   -0.248724   -1.588975    0.000000       -2.845243        1.000000    2.897827    0.600892    0.441219    3.533117
    0.294118    0.779125   -0.194887   -1.515258    0.000000       -2.774451        1.000000    3.067395    0.664725    0.441219    3.533117
    0.303922    0.784957   -0.144036   -1.417005    0.000000       -2.677768        1.000000    3.238233    0.730346    0.441219    3.533117
    0.313725    0.789109   -0.096968   -1.297505    0.000000       -2.558805        1.000000    3.409974    0.797283    0.441219    3.533117
    0.323529    0.791713   -0.054335   -1.161904    0.000000       -2.423125        1.000000    3.582282    0.865092    0.441219    3.533117
    0.333333    0.792926   -0.016589   -1.016424    0.000000       -2.277402        1.000000    3.754854    0.933378    0.441219    3.533117
    0.343137    0.792921    0.016040   -0.867466    0.000000       -2.128463        1.000000    3.927425    1.001809    0.441219    3.533117
    0.352941    0.791875    0.043534   -0.720829    0.000000       -1.982459        1.000000    4.099768    1.070117    0.441219    3.533117
    0.362745    0.789964    0.066058   -0.581211    0.000000       -1.844332        1.000000    4.271696    1.138096    0.441219    3.533117
    0.372549    0.787356    0.083919   -0.452002    0.000000       -1.717606        1.000000    4.443055    1.205596    0.441219    3.533117
    0.382353    0.784206    0.097516   -0.335326    0.000000       -1.604443        1.000000    4.613730    1.272515    0.441219    3.533117
    0.392157    0.780655    0.107306   -0.232239    0.000000       -1.505848        1.000000    4.783631    1.338787    0.441219    3.533117
    0.401961    0.776825    0.113765   -0.142971    0.000000       -1.421941        1.000000    4.952699    1.404378    0.441219    3.533117
    0.411765    0.772823    0.117367   -0.067175    0.000000       -1.352230        1.000000    5.120896    1.469273    0.441219    3.533117
    0.421569    0.768740    0.118566   -0.004134    0.000000       -1.295831        1.000000    5.288204    1.533473    0.441219    3.533117
    0.431373    0.764651    0.117790    0.047073    0.000000       -1.251651        1.000000    5.454622    1.596992    0.441219    3.533117
    0.441176    0.760617    0.115430    0.087460    0.000000       -1.218512        1.000000    5.620162    1.659851    0.441219    3.533117
    0.450980    0.756686    0.111844    0.118054    0.000000       -1.195240        1.000000    5.784847    1.722077    0.441219    3.533117
    0.460784    0.752896    0.107353    0.139848    0.000000       -1.180712        1.000000    5.948707    1.783698    0.441219    3.533117
    0.470588    0.749271    0.102246    0.153771    0.000000       -1.173890        1.000000    6.111778    1.844746    0.441219    3.533117
    0.480392    0.745829    0.096781    0.160679    0.000000       -1.173837        1.000000    6.274100    1.905255    0.441219    3.533117
    0.490196    0.742578    0.091187    0.161346    0.000000       -1.179719        1.000000    6.435714    1.965255    0.441219    3.533117
    0.500000    0.739520    0.085668    0.156468    0.000000       -1.190803        1.000000    6.596663    2.024777    0.441219    3.533117
    0.509804    0.736648    0.080404    0.146663    0.000000       -1.206453        1.000000    6.756986    2.083852    0.441219    3.533117
    0.519608    0.733951    0.075558    0.132479    0.000000       -1.226124        1.000000    6.916723    2.142506    0.441219    3.533117
    0.529412    0.731412    0.071272    0.114395    0.000000       -1.249353        1.000000    7.075907    2.200764    0.441219    3.533117
    0.539216    0.729009    0.067673    0.092832    0.000000       -1.275753        1.000000    7.234568    2.258646    0.441219    3.533117
    0.549020    0.726718    0.064876    0.068149    0.000000       -1.305006        1.000000    7.392731    2.316170    0.441219    3.533117
    0.558824    0.724508    0.062984    0.040656    0.000000       -1.336855        1.000000    7.550412    2.373347    0.441219    3.533117
    0.568627    0.722346    0.062089    0.010610    0.000000       -1.371100        1.000000    7.707623    2.430186    0.441219    3.533117
    0.578431    0.720197    0.062276   -0.021775    0.000000       -1.407593        1.000000    7.864367    2.486689    0.441219    3.533117
    0.588235    0.718021    0.063623   -0.056330    0.000000       -1.446229        1.000000    8.020636    2.542851    0.441219    3.533117
    0.598039    0.715778    0.066202   -0.092924    0.000000       -1.486945        1.000000    8.176418    2.598662    0.441219    3.533117
    0.607843    0.713423    0.070083   -0.131462    0.000000       -1.529713        1.000000    8.331687    2.654105    0.441219    3.533117
    0.617647    0.710911    0.075331   -0.171876    0.000000       -1.574533        1.000000    8.486409    2.709153    0.441219    3.533117
    0.627451    0.708193    0.082011   -0.214126    0.000000       -1.621425        1.000000    8.640540    2.763774    0.441219    3.533117
    0.637255    0.705219    0.090186   -0.258190    0.000000       -1.670427        1.000000    8.794023    2.817925    0.441219    3.533117
    0.647059    0.701936    0.099918   -0.304054    0.000000       -1.721580        1.000000    8.946792    2.871555    0.441219    3.533117
    0.656863    0.698290    0.111271   -0.351709    0.000000       -1.774924        1.000000    9.098768    2.924602    0.441219    3.533117
    0.666667    0.694224    0.124304   -0.401140    0.000000       -1.830483        1.000000    9.249858    2.976996    0.441219    3.533117
    0.676471    0.689681    0.139080   -0.452315    0.000000       -1.888261        1.000000    9.399960    3.028655    0.441219    3.533117
    0.686275    0.684600    0.155659   -0.505177    0.000000       -1.948224        1.000000    9.548956    3.079486    0.441219    3.533117
    0.696078    0.678920    0.174096   -0.559637    0.000000       -2.010299        1.000000    9.696716    3.129388    0.441219    3.533117
    0.705882    0.672579    0.194446   -0.615561    0.000000       -2.074357        1.000000    9.843096    3.178248    0.441219    3.533117
    0.715686    0.665513    0.216755   -0.672772    0.000000       -2.140212        1.000000    9.987938    3.225942    0.441219    3.533117
    0.725490    0.657659    0.241065   -0.731041    0.000000       -2.207618        1.000000   10.131070    3.272341    0.441219    3.533117
    0.735294    0.648953    0.267408   -0.790088    0.000000       -2.276265        1.000000   10.272308    3.317306    0.441219    3.533117
    0.745098    0.639333    0.295805   -0.849588    0.000000       -2.345785        1.000000   10.411452    3.360692    0.441219    3.533117
    0.754902    0.628738    0.326266   -0.909177    0.000000       -2.415759        1.000000   10.548290    3.402352    0.441219    3.533117
    0.764706    0.617110    0.358787   -0.968461    0.000000       -2.485731        1.000000   10.682598    3.442139    0.441219    3.533117
    0.774510    0.604395    0.393350   -1.027026    0.000000       -2.555216        1.000000   10.814138    3.479910    0.441219    3.533117
    0.784314    0.590542    0.429923   -1.084459    0.000000       -2.623720        1.000000   10.942663    3.515526    0.441219    3.533117
    0.794118    0.575507    0.468460   -1.140356    0.000000       -2.690755        1.000000   11.067916    3.548863    0.441219    3.533117
    0.803922    0.559251    0.508901   -1.194340    0.000000       -2.755858        1.000000   11.189632    3.579811    0.441219    3.533117
    0.813725    0.541745    0.551174   -1.246070    0.000000       -2.818601        1.000000   11.307537    3.608281    0.441219    3.533117
    0.823529    0.522966    0.595195   -1.295254    0.000000       -2.878606        1.000000   11.421355    3.634209    0.441219    3.533117
    0.833333    0.502901    0.640873   -1.341651    0.000000       -2.935553        1.000000   11.530806    3.657562    0.441219    3.533117
    0.843137    0.481546    0.688106   -1.385081    0.000000       -2.989185        1.000000   11.635609    3.678335    0.441219    3.533117
    0.852941    0.458909    0.736791   -1.425419    0.000000       -3.039310        1.000000   11.735486    3.696562    0.441219    3.533117
    0.862745    0.435005    0.786818   -1.462595    0.000000       -3.085798        1.000000   11.830160    3.712310    0.441219    3.533117
    0.872549    0.409864    0.838078   -1.496591    0.000000       -3.128579        1.000000   11.919363    3.725682    0.441219    3.533117
    0.882353    0.383522    0.890461   -1.527432    0.000000       -3.167634        1.000000   12.002832    3.736816    0.441219    3.533117
    0.892157    0.356029    0.943858   -1.555177    0.000000       -3.202990        1.000000   12.080318    3.745881    0.441219    3.533117
    0.901961    0.327441    0.998164   -1.579918    0.000000       -3.234710        1.000000   12.151582    3.753070    0.441219    3.533117
    0.911765    0.297827    1.053276   -1.601762    0.000000       -3.262884        1.000000   12.216401    3.758599    0.441219    3.533117
    0.921569    0.267263    1.109097   -1.620835    0.000000       -3.287623        1.000000   12.274568    3.762698    0.441219    3.533117
    0.931373    0.235833    1.165532   -1.637265    0.000000       -3.309049        1.000000   12.325895    3.765603    0.441219    3.533117
    0.941176    0.203629    1.222492   -1.651182    0.000000       -3.327288        1.000000   12.370212    3.767548    0.441219    3.533117
    0.950980    0.170750    1.279893   -1.662710    0.000000       -3.342465        1.000000   12.407374    3.768755    0.441219    3.533117
    0.960784    0.137299    1.337653   -1.671966    0.000000       -3.354698        1.000000   12.437256    3.769432    0.441219    3.533117
    0.970588    0.103384    1.395696   -1.679049    0.000000       -3.364091        1.000000   12.459756    3.769758    0.441219    3.533117
    0.980392    0.069119    1.453948   -1.684045    0.000000       -3.370732        1.000000   12.474799    3.769881    0.441219    3.533117
    0.990196    0.034619    1.512338   -1.687016    0.000000       -3.374689        1.000000   12.482334    3.769909    0.441219    3.533117
    1.000000    0.000000    1.570796   -1.688001    0.000000       -3.376003        1.000000   12.482334    3.769911    0.441219    3.533117
