           t           r         psi          cs          qs               p             sig           A           V          Q2           S
    0.000000   -0.000000   -1.570796   -1.035331    0.000000       -2.070662        1.000000    0.000000    0.000000    0.087032    3.033176
    0.009804    0.029732   -1.540009   -1.035331    0.000000       -2.070662        1.000000    0.000000    0.000001    0.087032    3.033176
    0.019608    0.059436   -1.509221   -1.035332    0.000000       -2.070663        1.000000    0.011105    0.000010    0.087032    3.033176
    0.029412    0.089084   -1.478433   -1.035333    0.000000       -2.070664        1.000000    0.027750    0.000051    0.087032    3.033176
    0.039216    0.118648   -1.447646   -1.035334    0.000000       -2.070666        1.000000    0.049919    0.000162    0.087032    3.033176
    0.049020    0.148099   -1.416858   -1.035335    0.000000       -2.070668        1.000000    0.077590    0.000394    0.087032    3.033176
    0.058824    0.177409   -1.386070   -1.035337    0.000000       -2.070671        1.000000    0.110737    0.000815    0.087032    3.033176
    0.068627    0.206552   -1.355282   -1.035340    0.000000       -2.070674        1.000000    0.149330    0.001503    0.087032    3.033176
    0.078431    0.235498   -1.324494   -1.035343    0.000000       -2.070678        1.000000    0.193331    0.002552    0.087032    3.033176
    0.088235    0.264222   -1.293706   -1.035346    0.000000       -2.070682        1.000000    0.242699    0.004066    0.087032    3.033176
    0.098039    0.292695   -1.262918   -1.035350    0.000000       -2.070687        1.000000    0.297387    0.006161    0.087032    3.033176
    0.107843    0.320890   -1.232130   -1.035355    0.000000       -2.070693        1.000000    0.357344    0.008960    0.087032    3.033176
    0.117647    0.348781   -1.201341   -1.035360    0.000000       -2.070700        1.000000    0.422511    0.012598    0.087032    3.033176
    0.127451    0.376342   -1.170553   -1.035366    0.000000       -2.070708        1.000000    0.492828    0.017216    0.087032    3.033176
    0.137255    0.403546   -1.139764   -1.035373    0.000000       -2.070717        1.000000    0.568228    0.022959    0.087032    3.033176
    0.147059    0.430368   -1.108975   -1.035381    0.000000       -2.070727        1.000000    0.648639    0.029980    0.087032    3.033176
    0.156863    0.456782   -1.078185   -1.035391    0.000000       -2.070739        1.000000    0.733986    0.038431    0.087032    3.033176
    0.166667    0.482762   -1.047396   -1.035401    0.000000       -2.070752        1.000000    0.824187    0.048469    0.087032    3.033176
    0.176471    0.508285   -1.016606   -1.035413    0.000000       -2.070767        1.000000    0.919156    0.060248    0.087032    3.033176
    0.186275    0.533327   -0.985816   -1.035427    0.000000       -2.070783        1.000000    1.018805    0.073923    0.087032    3.033176
    0.196078    0.557862   -0.955025   -1.035443    0.000000       -2.070803        1.000000    1.123038    0.089643    0.087032    3.033176
    0.205882    0.581869   -0.924234   -1.035461    0.000000       -2.070824        1.000000    1.231756    0.107556    0.087032    3.033176
    0.215686    0.605325   -0.893442   -1.035481    0.000000       -2.070849        1.000000    1.344857    0.127799    0.087032    3.033176
    0.225490    0.628206   -0.862649   -1.035505    0.000000       -2.070877        1.000000    1.462233    0.150506    0.087032    3.033176
    0.235294    0.650492   -0.831856   -1.035532    0.000000       -2.070909        1.000000    1.583773    0.175799    0.087032    3.033176
    0.245098    0.672161   -0.801062   -1.035564    0.000000       -2.070946        1.000000    1.709362    0.203789    0.087032    3.033176
    0.254902    0.693193   -0.770267   -1.035600    0.000000       -2.070989        1.000000    1.838880    0.234579    0.087032    3.033176
    0.264706    0.713568   -0.739471   -1.035642    0.000000       -2.071037        1.000000    1.972205    0.268255    0.087032    3.033176
    0.274510    0.733266   -0.708673   -1.035691    0.000000       -2.071094        1.000000    2.109211    0.304890    0.087032    3.033176
    0.284314    0.752269   -0.677874   -1.035748    0.000000       -2.071158        1.000000    2.249768    0.344545    0.087032    3.033176
    0.294118    0.770559   -0.647073   -1.035814    0.000000       -2.071234        1.000000    2.393741    0.387261    0.087032    3.033176
    0.303922    0.788118   -0.616270   -1.035892    0.000000       -2.071321        1.000000    2.540996    0.433065    0.087032    3.033176
    0.313725    0.804929   -0.585464   -1.035983    0.000000       -2.071423        1.000000    2.691392    0.481966    0.087032    3.033176
    0.323529    0.820977   -0.554655   -1.036090    0.000000       -2.071541        1.000000    2.844786    0.533955    0.087032    3.033176
    0.333333    0.836246   -0.523843   -1.036216    0.000000       -2.071680        1.000000    3.001032    0.589007    0.087032    3.033176
    0.343137    0.850722   -0.493027   -1.036364    0.000000       -2.071842        1.000000    3.159984    0.647077    0.087032    3.033176
    0.352941    0.864391   -0.462206   -1.036539    0.000000       -2.072032        1.000000    3.321490    0.708102    0.087032    3.033176
    0.362745    0.877239   -0.431380   -1.036744    0.000000       -2.072254        1.000000    3.485396    0.772003    0.087032    3.033176
    0.372549    0.889254   -0.400547   -1.036984    0.000000       -2.072512        1.000000    3.651547    0.838679    0.087032    3.033176
    0.382353    0.900425   -0.369706   -1.037263    0.000000       -2.072811        1.000000    3.819785    0.908017    0.087032    3.033176
    0.392157    0.910741   -0.338856   -1.037583    0.000000       -2.073152        1.000000    3.989951    0.979883    0.087032    3.033176
    0.401961    0.920192   -0.307996   -1.037944    0.000000       -2.073536        1.000000    4.161882    1.054129    0.087032    3.033176
    0.411765    0.928768   -0.277125   -1.038339    0.000000       -2.073954        1.000000    4.335416    1.130591    0.087032    3.033176
    0.421569    0.936461   -0.246242   -1.038750    0.000000       -2.074389        1.000000    4.510388    1.209091    0.087032    3.033176
    0.431373    0.943263   -0.215347   -1.039144    0.000000       -2.074808        1.000000    4.686630    1.289436    0.087032    3.033176
    0.441176    0.949167   -0.184440   -1.039467    0.000000       -2.075153        1.000000    4.863975    1.371424    0.087032    3.033176
    0.450980    0.954168   -0.153527   -1.039638    0.000000       -2.075344        1.000000    5.042255    1.454838    0.087032    3.033176
    0.460784    0.958261   -0.122612   -1.039558    0.000000       -2.075281        1.000000    5.221300    1.539456    0.087032    3.033176
    0.470588    0.961441   -0.091704   -1.039130    0.000000       -2.074865        1.000000    5.400938    1.625043    0.087032    3.033176
    0.480392    0.963706   -0.060814   -1.038302    0.000000       -2.074044        1.000000    5.581000    1.711361    0.087032    3.033176
    0.490196    0.965055   -0.029955   -1.037110    0.000000       -2.072855        1.000000    5.761314    1.798167    0.087032    3.033176
    0.500000    0.965488    0.000865   -1.035702    0.000000       -2.071447        1.000000    5.941709    1.885214    0.087032    3.033176
    0.509804    0.965004    0.031642   -1.034300    0.000000       -2.070046        1.000000    6.122014    1.972254    0.087032    3.033176
    0.519608    0.963607    0.062381   -1.033125    0.000000       -2.068874        1.000000    6.302057    2.059039    0.087032    3.033176
    0.529412    0.961298    0.093090   -1.032319    0.000000       -2.068075        1.000000    6.481669    2.145326    0.087032    3.033176
    0.539216    0.958080    0.123781   -1.031911    0.000000       -2.067679        1.000000    6.660680    2.230873    0.087032    3.033176
    0.549020    0.953956    0.154465   -1.031845    0.000000       -2.067631        1.000000    6.838920    2.315442    0.087032    3.033176
    0.558824    0.948931    0.185152   -1.032025    0.000000       -2.067831        1.000000    7.016221    2.398806    0.087032    3.033176
    0.568627    0.943009    0.215845   -1.032352    0.000000       -2.068181        1.000000    7.192416    2.480741    0.087032    3.033176
    0.578431    0.936195    0.246550   -1.032748    0.000000       -2.068601        1.000000    7.367338    2.561034    0.087032    3.033176
    0.588235    0.928496    0.277267   -1.033159    0.000000       -2.069036        1.000000    7.540821    2.639484    0.087032    3.033176
    0.598039    0.919918    0.307996   -1.033553    0.000000       -2.069453        1.000000    7.712701    2.715899    0.087032    3.033176
    0.607843    0.910469    0.338737   -1.033913    0.000000       -2.069836        1.000000    7.882816    2.790102    0.087032    3.033176
    0.617647    0.900158    0.369487   -1.034232    0.000000       -2.070176        1.000000    8.051004    2.861930    0.087032    3.033176
    0.627451    0.888994    0.400246   -1.034511    0.000000       -2.070474        1.000000    8.217107    2.931234    0.087032    3.033176
    0.637255    0.876987    0.431013   -1.034750    0.000000       -2.070732        1.000000    8.380966    2.997882    0.087032    3.033176
    0.647059    0.864150    0.461787   -1.034954    0.000000       -2.070953        1.000000    8.542426    3.061758    0.087032    3.033176
    0.656863    0.850493    0.492566   -1.035128    0.000000       -2.071142        1.000000    8.701335    3.122764    0.087032    3.033176
    0.666667    0.836030    0.523350   -1.035276    0.000000       -2.071304        1.000000    8.857542    3.180819    0.087032    3.033176
    0.676471    0.820774    0.554137   -1.035402    0.000000       -2.071443        1.000000    9.010898    3.235859    0.087032    3.033176
    0.686275    0.804739    0.584929   -1.035509    0.000000       -2.071561        1.000000    9.161258    3.287841    0.087032    3.033176
    0.696078    0.787941    0.615723   -1.035600    0.000000       -2.071663        1.000000    9.308479    3.336738    0.087032    3.033176
    0.705882    0.770395    0.646520   -1.035678    0.000000       -2.071750        1.000000    9.452422    3.382540    0.087032    3.033176
    0.715686    0.752118    0.677319   -1.035744    0.000000       -2.071825        1.000000    9.592950    3.425257    0.087032    3.033176
    0.725490    0.733128    0.708120   -1.035801    0.000000       -2.071890        1.000000    9.729930    3.464914    0.087032    3.033176
    0.735294    0.713442    0.738922   -1.035850    0.000000       -2.071946        1.000000    9.863232    3.501554    0.087032    3.033176
    0.745098    0.693079    0.769726   -1.035892    0.000000       -2.071995        1.000000    9.992729    3.535236    0.087032    3.033176
    0.754902    0.672058    0.800531   -1.035928    0.000000       -2.072037        1.000000   10.118299    3.566032    0.087032    3.033176
    0.764706    0.650400    0.831337   -1.035960    0.000000       -2.072074        1.000000   10.239822    3.594030    0.087032    3.033176
    0.774510    0.628124    0.862144   -1.035987    0.000000       -2.072106        1.000000   10.357182    3.619331    0.087032    3.033176
    0.784314    0.605252    0.892951   -1.036011    0.000000       -2.072134        1.000000   10.470270    3.642045    0.087032    3.033176
    0.794118    0.581806    0.923759   -1.036031    0.000000       -2.072159        1.000000   10.578976    3.662297    0.087032    3.033176
    0.803922    0.557807    0.954568   -1.036049    0.000000       -2.072181        1.000000   10.683198    3.680217    0.087032    3.033176
    0.813725    0.533279    0.985377   -1.036065    0.000000       -2.072200        1.000000   10.782838    3.695945    0.087032    3.033176
    0.823529    0.508244    1.016187   -1.036079    0.000000       -2.072217        1.000000   10.877800    3.709626    0.087032    3.033176
    0.833333    0.482727    1.046997   -1.036091    0.000000       -2.072232        1.000000   10.967994    3.721412    0.087032    3.033176
    0.843137    0.456752    1.077807   -1.036101    0.000000       -2.072245        1.000000   11.053335    3.731455    0.087032    3.033176
    0.852941    0.430344    1.108618   -1.036110    0.000000       -2.072256        1.000000   11.133742    3.739911    0.087032    3.033176
    0.862745    0.403526    1.139429   -1.036118    0.000000       -2.072267        1.000000   11.209138    3.746936    0.087032    3.033176
    0.872549    0.376326    1.170240   -1.036125    0.000000       -2.072276        1.000000   11.279452    3.752683    0.087032    3.033176
    0.882353    0.348769    1.201052   -1.036132    0.000000       -2.072283        1.000000   11.344617    3.757304    0.087032    3.033176
    0.892157    0.320880    1.231863   -1.036137    0.000000       -2.072290        1.000000   11.404571    3.760944    0.087032    3.033176
    0.901961    0.292687    1.262675   -1.036142    0.000000       -2.072296        1.000000   11.459258    3.763746    0.087032    3.033176
    0.911765    0.264216    1.293487   -1.036146    0.000000       -2.072302        1.000000   11.508625    3.765842    0.087032    3.033176
    0.921569    0.235494    1.324299   -1.036149    0.000000       -2.072306        1.000000   11.552626    3.767357    0.087032    3.033176
    0.931373    0.206549    1.355111   -1.036152    0.000000       -2.072310        1.000000   11.591218    3.768407    0.087032    3.033176
    0.941176    0.177407    1.385923   -1.036154    0.000000       -2.072313        1.000000   11.624365    3.769096    0.087032    3.033176
    0.950980    0.148098    1.416735   -1.036156    0.000000       -2.072316        1.000000   11.652036    3.769517    0.087032    3.033176
    0.960784    0.118647    1.447547   -1.036158    0.000000       -2.072318        1.000000   11.674205    3.769749    0.087032    3.033176
    0.970588    0.089084    1.478359   -1.036159    0.000000       -2.072319        1.000000   11.690849    3.769860    0.087032    3.033176
    0.980392    0.059436    1.509172   -1.036160    0.000000       -2.072321        1.000000   11.701955    3.769901    0.087032    3.033176
    0.990196    0.029732    1.539984   -1.036161    0.000000       -2.072321        1.000000   11.707510    3.769911    0.087032    3.033176
    1.000000    0.000000    1.570796   -1.036161    0.000000       -2.072321        1.000000   11.707510    3.769911    0.087032    3.033176
