           t           r         psi          cs          qs               p             sig           A           V          Q2           S
    0.000000    0.000000   -1.570796   -1.030889    0.000000       -2.061777        1.000000    0.000000    0.000000    0.087470    3.033411
    0.009804    0.029735   -1.540138   -1.030891    0.000000       -2.061780        1.000000    0.000000    0.000001    0.087470    3.033411
    0.019608    0.059441   -1.509480   -1.030897    0.000000       -2.061788        1.000000    0.011107    0.000010    0.087470    3.033411
    0.029412    0.089092   -1.478822   -1.030907    0.000000       -2.061802        1.000000    0.027755    0.000051    0.087470    3.033411
    0.039216    0.118659   -1.448163   -1.030922    0.000000       -2.061822        1.000000    0.049927    0.000161    0.087470    3.033411
    0.049020    0.148115   -1.417504   -1.030942    0.000000       -2.061848        1.000000    0.077603    0.000393    0.087470    3.033411
    0.058824    0.177431   -1.386844   -1.030967    0.000000       -2.061881        1.000000    0.110758    0.000812    0.087470    3.033411
    0.068627    0.206581   -1.356184   -1.030997    0.000000       -2.061920        1.000000    0.149359    0.001497    0.087470    3.033411
    0.078431    0.235536   -1.325522   -1.031033    0.000000       -2.061967        1.000000    0.193371    0.002543    0.087470    3.033411
    0.088235    0.264270   -1.294859   -1.031075    0.000000       -2.062023        1.000000    0.242752    0.004051    0.087470    3.033411
    0.098039    0.292756   -1.264195   -1.031125    0.000000       -2.062087        1.000000    0.297455    0.006138    0.087470    3.033411
    0.107843    0.320966   -1.233529   -1.031182    0.000000       -2.062161        1.000000    0.357430    0.008928    0.087470    3.033411
    0.117647    0.348875   -1.202861   -1.031248    0.000000       -2.062246        1.000000    0.422620    0.012554    0.087470    3.033411
    0.127451    0.376455   -1.172192   -1.031324    0.000000       -2.062342        1.000000    0.492964    0.017156    0.087470    3.033411
    0.137255    0.403682   -1.141520   -1.031410    0.000000       -2.062453        1.000000    0.568395    0.022882    0.087470    3.033411
    0.147059    0.430529   -1.110845   -1.031510    0.000000       -2.062578        1.000000    0.648843    0.029881    0.087470    3.033411
    0.156863    0.456971   -1.080167   -1.031623    0.000000       -2.062720        1.000000    0.734231    0.038308    0.087470    3.033411
    0.166667    0.482983   -1.049485   -1.031753    0.000000       -2.062882        1.000000    0.824480    0.048318    0.087470    3.033411
    0.176471    0.508541   -1.018799   -1.031901    0.000000       -2.063065        1.000000    0.919505    0.060068    0.087470    3.033411
    0.186275    0.533620   -0.988109   -1.032071    0.000000       -2.063273        1.000000    1.019216    0.073710    0.087470    3.033411
    0.196078    0.558197   -0.957413   -1.032265    0.000000       -2.063509        1.000000    1.123519    0.089396    0.087470    3.033411
    0.205882    0.582248   -0.926711   -1.032487    0.000000       -2.063778        1.000000    1.232317    0.107272    0.087470    3.033411
    0.215686    0.605751   -0.896002   -1.032742    0.000000       -2.064084        1.000000    1.345506    0.127479    0.087470    3.033411
    0.225490    0.628684   -0.865284   -1.033034    0.000000       -2.064433        1.000000    1.462980    0.150150    0.087470    3.033411
    0.235294    0.651024   -0.834558   -1.033372    0.000000       -2.064832        1.000000    1.584629    0.175408    0.087470    3.033411
    0.245098    0.672750   -0.803820   -1.033761    0.000000       -2.065289        1.000000    1.710338    0.203367    0.087470    3.033411
    0.254902    0.693842   -0.773070   -1.034211    0.000000       -2.065813        1.000000    1.839988    0.234129    0.087470    3.033411
    0.264706    0.714280   -0.742306   -1.034732    0.000000       -2.066417        1.000000    1.973456    0.267782    0.087470    3.033411
    0.274510    0.734043   -0.711525   -1.035338    0.000000       -2.067113        1.000000    2.110618    0.304404    0.087470    3.033411
    0.284314    0.753113   -0.680725   -1.036044    0.000000       -2.067918        1.000000    2.251343    0.344054    0.087470    3.033411
    0.294118    0.771470   -0.649901   -1.036869    0.000000       -2.068851        1.000000    2.395498    0.386776    0.087470    3.033411
    0.303922    0.789098   -0.619052   -1.037835    0.000000       -2.069937        1.000000    2.542947    0.432601    0.087470    3.033411
    0.313725    0.805978   -0.588171   -1.038969    0.000000       -2.071203        1.000000    2.693550    0.481537    0.087470    3.033411
    0.323529    0.822093   -0.557253   -1.040303    0.000000       -2.072681        1.000000    2.847164    0.533581    0.087470    3.033411
    0.333333    0.837428   -0.526293   -1.041874    0.000000       -2.074411        1.000000    3.003644    0.588706    0.087470    3.033411
    0.343137    0.851966   -0.495281   -1.043726    0.000000       -2.076438        1.000000    3.162840    0.646871    0.087470    3.033411
    0.352941    0.865692   -0.464210   -1.045909    0.000000       -2.078812        1.000000    3.324601    0.708015    0.087470    3.033411
    0.362745    0.878591   -0.433068   -1.048478    0.000000       -2.081590        1.000000    3.488773    0.772058    0.087470    3.033411
    0.372549    0.890648   -0.401844   -1.051486    0.000000       -2.084826        1.000000    3.655197    0.838903    0.087470    3.033411
    0.382353    0.901849   -0.370522   -1.054983    0.000000       -2.088569        1.000000    3.823714    0.908434    0.087470    3.033411
    0.392157    0.912180   -0.339089   -1.058995    0.000000       -2.092845        1.000000    3.994162    0.980519    0.087470    3.033411
    0.401961    0.921629   -0.307530   -1.063503    0.000000       -2.097633        1.000000    4.166376    1.055007    0.087470    3.033411
    0.411765    0.930181   -0.275830   -1.068399    0.000000       -2.102821        1.000000    4.340187    1.131731    0.087470    3.033411
    0.421569    0.937823   -0.243981   -1.073430    0.000000       -2.108149        1.000000    4.515427    1.210508    0.087470    3.033411
    0.431373    0.944545   -0.211987   -1.078120    0.000000       -2.113131        1.000000    4.691922    1.291139    0.087470    3.033411
    0.441176    0.950334   -0.179867   -1.081694    0.000000       -2.116980        1.000000    4.869499    1.373411    0.087470    3.033411
    0.450980    0.955183   -0.147671   -1.083067    0.000000       -2.118592        1.000000    5.047983    1.457097    0.087470    3.033411
    0.460784    0.959084   -0.115483   -1.080961    0.000000       -2.116677        1.000000    5.227195    1.541958    0.087470    3.033411
    0.470588    0.962037   -0.083423   -1.074269    0.000000       -2.110116        1.000000    5.406959    1.627748    0.087470    3.033411
    0.480392    0.964042   -0.051636   -1.062626    0.000000       -2.098542        1.000000    5.587097    1.714211    0.087470    3.033411
    0.490196    0.965110   -0.020260   -1.046927    0.000000       -2.082866        1.000000    5.767436    1.801092    0.087470    3.033411
    0.500000    0.965252    0.010615   -1.029374    0.000000       -2.065314        1.000000    5.947800    1.888137    0.087470    3.033411
    0.509804    0.964484    0.040976   -1.012806    0.000000       -2.048759        1.000000    6.128022    1.975098    0.087470    3.033411
    0.519608    0.962820    0.070890   -0.999662    0.000000       -2.035668        1.000000    6.307932    2.061733    0.087470    3.033411
    0.529412    0.960275    0.100481   -0.991212    0.000000       -2.027328        1.000000    6.487367    2.147808    0.087470    3.033411
    0.539216    0.956857    0.129893   -0.987458    0.000000       -2.023742        1.000000    6.666163    2.233096    0.087470    3.033411
    0.549020    0.952572    0.159252   -0.987536    0.000000       -2.024041        1.000000    6.844158    2.317376    0.087470    3.033411
    0.558824    0.947425    0.188656   -0.990265    0.000000       -2.027029        1.000000    7.021192    2.400433    0.087470    3.033411
    0.568627    0.941418    0.218167   -0.994530    0.000000       -2.031578        1.000000    7.197103    2.482057    0.087470    3.033411
    0.578431    0.934552    0.247816   -0.999470    0.000000       -2.036812        1.000000    7.371731    2.562047    0.087470    3.033411
    0.588235    0.926830    0.277615   -1.004506    0.000000       -2.042142        1.000000    7.544916    2.640208    0.087470    3.033411
    0.598039    0.918253    0.307560   -1.009293    0.000000       -2.047215        1.000000    7.716499    2.716355    0.087470    3.033411
    0.607843    0.908825    0.337642   -1.013653    0.000000       -2.051849        1.000000    7.886320    2.790315    0.087470    3.033411
    0.617647    0.898551    0.367846   -1.017520    0.000000       -2.055974        1.000000    8.054221    2.861927    0.087470    3.033411
    0.627451    0.887438    0.398158   -1.020891    0.000000       -2.059585        1.000000    8.220046    2.931044    0.087470    3.033411
    0.637255    0.875493    0.428563   -1.023797    0.000000       -2.062714        1.000000    8.383638    2.997533    0.087470    3.033411
    0.647059    0.862724    0.459048   -1.026286    0.000000       -2.065408        1.000000    8.544845    3.061279    0.087470    3.033411
    0.656863    0.849142    0.489601   -1.028410    0.000000       -2.067719        1.000000    8.703513    3.122182    0.087470    3.033411
    0.666667    0.834757    0.520213   -1.030218    0.000000       -2.069699        1.000000    8.859494    3.180158    0.087470    3.033411
    0.676471    0.819581    0.550874   -1.031758    0.000000       -2.071395        1.000000    9.012639    3.235144    0.087470    3.033411
    0.686275    0.803628    0.581578   -1.033069    0.000000       -2.072850        1.000000    9.162803    3.287093    0.087470    3.033411
    0.696078    0.786912    0.612318   -1.034188    0.000000       -2.074098        1.000000    9.309844    3.335974    0.087470    3.033411
    0.705882    0.769447    0.643089   -1.035143    0.000000       -2.075173        1.000000    9.453621    3.381778    0.087470    3.033411
    0.715686    0.751250    0.673886   -1.035962    0.000000       -2.076099        1.000000    9.593997    3.424510    0.087470    3.033411
    0.725490    0.732336    0.704705   -1.036664    0.000000       -2.076899        1.000000    9.730840    3.464194    0.087470    3.033411
    0.735294    0.712725    0.735544   -1.037267    0.000000       -2.077593        1.000000    9.864018    3.500870    0.087470    3.033411
    0.745098    0.692433    0.766400   -1.037788    0.000000       -2.078195        1.000000    9.993405    3.534594    0.087470    3.033411
    0.754902    0.671480    0.797269   -1.038238    0.000000       -2.078719        1.000000   10.118876    3.565439    0.087470    3.033411
    0.764706    0.649886    0.828152   -1.038627    0.000000       -2.079177        1.000000   10.240312    3.593488    0.087470    3.033411
    0.774510    0.627670    0.859045   -1.038965    0.000000       -2.079577        1.000000   10.357597    3.618842    0.087470    3.033411
    0.784314    0.604854    0.889948   -1.039259    0.000000       -2.079927        1.000000   10.470619    3.641610    0.087470    3.033411
    0.794118    0.581460    0.920858   -1.039515    0.000000       -2.080234        1.000000   10.579269    3.661915    0.087470    3.033411
    0.803922    0.557510    0.951776   -1.039738    0.000000       -2.080504        1.000000   10.683444    3.679885    0.087470    3.033411
    0.813725    0.533026    0.982700   -1.039933    0.000000       -2.080742        1.000000   10.783044    3.695661    0.087470    3.033411
    0.823529    0.508031    1.013630   -1.040104    0.000000       -2.080951        1.000000   10.877973    3.709388    0.087470    3.033411
    0.833333    0.482551    1.044564   -1.040253    0.000000       -2.081136        1.000000   10.968142    3.721214    0.087470    3.033411
    0.843137    0.456608    1.075502   -1.040384    0.000000       -2.081299        1.000000   11.053462    3.731294    0.087470    3.033411
    0.852941    0.430228    1.106445   -1.040498    0.000000       -2.081442        1.000000   11.133854    3.739782    0.087470    3.033411
    0.862745    0.403436    1.137390   -1.040598    0.000000       -2.081569        1.000000   11.209239    3.746835    0.087470    3.033411
    0.872549    0.376257    1.168338   -1.040686    0.000000       -2.081680        1.000000   11.279546    3.752606    0.087470    3.033411
    0.882353    0.348718    1.199288   -1.040763    0.000000       -2.081777        1.000000   11.344706    3.757246    0.087470    3.033411
    0.892157    0.320845    1.230241   -1.040829    0.000000       -2.081863        1.000000   11.404659    3.760902    0.087470    3.033411
    0.901961    0.292665    1.261195   -1.040887    0.000000       -2.081938        1.000000   11.459345    3.763717    0.087470    3.033411
    0.911765    0.264204    1.292151   -1.040937    0.000000       -2.082002        1.000000   11.508714    3.765822    0.087470    3.033411
    0.921569    0.235489    1.323109   -1.040980    0.000000       -2.082058        1.000000   11.552717    3.767344    0.087470    3.033411
    0.931373    0.206549    1.354067   -1.041016    0.000000       -2.082106        1.000000   11.591312    3.768399    0.087470    3.033411
    0.941176    0.177411    1.385027   -1.041046    0.000000       -2.082146        1.000000   11.624463    3.769092    0.087470    3.033411
    0.950980    0.148103    1.415987   -1.041071    0.000000       -2.082179        1.000000   11.652137    3.769515    0.087470    3.033411
    0.960784    0.118653    1.446948   -1.041091    0.000000       -2.082205        1.000000   11.674308    3.769748    0.087470    3.033411
    0.970588    0.089090    1.477910   -1.041106    0.000000       -2.082225        1.000000   11.690955    3.769860    0.087470    3.033411
    0.980392    0.059441    1.508872   -1.041117    0.000000       -2.082239        1.000000   11.702062    3.769901    0.087470    3.033411
    0.990196    0.029735    1.539834   -1.041123    0.000000       -2.082248        1.000000   11.707618    3.769911    0.087470    3.033411
    1.000000    0.000000    1.570796   -1.041125    0.000000       -2.082250        1.000000   11.707618    3.769911    0.087470    3.033411
