           t           r         psi          cs          qs               p             sig           A           V          Q2           S
    0.000000    0.000000   -1.570796   -1.035349    0.000000       -2.070699        1.000000    0.000000    0.000000    0.087032    3.033176
    0.009804    0.029732   -1.540008   -1.035350    0.000000       -2.070699        1.000000    0.000000    0.000001    0.087032    3.033176
    0.019608    0.059436   -1.509220   -1.035350    0.000000       -2.070700        1.000000    0.011105    0.000010    0.087032    3.033176
    0.029412    0.089084   -1.478432   -1.035351    0.000000       -2.070701        1.000000    0.027750    0.000051    0.087032    3.033176
    0.039216    0.118648   -1.447643   -1.035352    0.000000       -2.070702        1.000000    0.049919    0.000162    0.087032    3.033176
    0.049020    0.148099   -1.416855   -1.035354    0.000000       -2.070704        1.000000    0.077590    0.000394    0.087032    3.033176
    0.058824    0.177409   -1.386067   -1.035356    0.000000       -2.070707        1.000000    0.110737    0.000815    0.087032    3.033176
    0.068627    0.206551   -1.355278   -1.035358    0.000000       -2.070710        1.000000    0.149330    0.001503    0.087032    3.033176
    0.078431    0.235498   -1.324490   -1.035361    0.000000       -2.070714        1.000000    0.193331    0.002552    0.087032    3.033176
    0.088235    0.264221   -1.293701   -1.035364    0.000000       -2.070718        1.000000    0.242699    0.004066    0.087032    3.033176
    0.098039    0.292694   -1.262913   -1.035368    0.000000       -2.070723        1.000000    0.297387    0.006161    0.087032    3.033176
    0.107843    0.320890   -1.232124   -1.035372    0.000000       -2.070729        1.000000    0.357343    0.008960    0.087032    3.033176
    0.117647    0.348781   -1.201335   -1.035377    0.000000       -2.070735        1.000000    0.422511    0.012599    0.087032    3.033176
    0.127451    0.376342   -1.170546   -1.035383    0.000000       -2.070743        1.000000    0.492828    0.017216    0.087032    3.033176
    0.137255    0.403546   -1.139756   -1.035390    0.000000       -2.070751        1.000000    0.568228    0.022960    0.087032    3.033176
    0.147059    0.430367   -1.108967   -1.035398    0.000000       -2.070761        1.000000    0.648639    0.029980    0.087032    3.033176
    0.156863    0.456781   -1.078177   -1.035406    0.000000       -2.070772        1.000000    0.733985    0.038431    0.087032    3.033176
    0.166667    0.482762   -1.047387   -1.035416    0.000000       -2.070785        1.000000    0.824186    0.048469    0.087032    3.033176
    0.176471    0.508284   -1.016597   -1.035428    0.000000       -2.070799        1.000000    0.919155    0.060249    0.087032    3.033176
    0.186275    0.533326   -0.985806   -1.035441    0.000000       -2.070815        1.000000    1.018804    0.073924    0.087032    3.033176
    0.196078    0.557861   -0.955015   -1.035456    0.000000       -2.070833        1.000000    1.123036    0.089644    0.087032    3.033176
    0.205882    0.581868   -0.924223   -1.035473    0.000000       -2.070854        1.000000    1.231754    0.107557    0.087032    3.033176
    0.215686    0.605323   -0.893431   -1.035493    0.000000       -2.070877        1.000000    1.344855    0.127801    0.087032    3.033176
    0.225490    0.628204   -0.862638   -1.035516    0.000000       -2.070904        1.000000    1.462230    0.150508    0.087032    3.033176
    0.235294    0.650490   -0.831845   -1.035542    0.000000       -2.070935        1.000000    1.583770    0.175800    0.087032    3.033176
    0.245098    0.672159   -0.801050   -1.035572    0.000000       -2.070971        1.000000    1.709358    0.203791    0.087032    3.033176
    0.254902    0.693191   -0.770255   -1.035606    0.000000       -2.071011        1.000000    1.838876    0.234581    0.087032    3.033176
    0.264706    0.713565   -0.739459   -1.035646    0.000000       -2.071058        1.000000    1.972201    0.268257    0.087032    3.033176
    0.274510    0.733263   -0.708661   -1.035693    0.000000       -2.071111        1.000000    2.109207    0.304893    0.087032    3.033176
    0.284314    0.752266   -0.677862   -1.035748    0.000000       -2.071173        1.000000    2.249762    0.344547    0.087032    3.033176
    0.294118    0.770555   -0.647061   -1.035811    0.000000       -2.071245        1.000000    2.393735    0.387263    0.087032    3.033176
    0.303922    0.788114   -0.616258   -1.035885    0.000000       -2.071328        1.000000    2.540989    0.433067    0.087032    3.033176
    0.313725    0.804925   -0.585452   -1.035972    0.000000       -2.071425        1.000000    2.691384    0.481968    0.087032    3.033176
    0.323529    0.820973   -0.554644   -1.036074    0.000000       -2.071539        1.000000    2.844777    0.533957    0.087032    3.033176
    0.333333    0.836242   -0.523833   -1.036195    0.000000       -2.071671        1.000000    3.001023    0.589009    0.087032    3.033176
    0.343137    0.850717   -0.493017   -1.036336    0.000000       -2.071826        1.000000    3.159974    0.647079    0.087032    3.033176
    0.352941    0.864385   -0.462197   -1.036503    0.000000       -2.072008        1.000000    3.321478    0.708103    0.087032    3.033176
    0.362745    0.877233   -0.431372   -1.036699    0.000000       -2.072219        1.000000    3.485383    0.772003    0.087032    3.033176
    0.372549    0.889248   -0.400540   -1.036928    0.000000       -2.072466        1.000000    3.651533    0.838679    0.087032    3.033176
    0.382353    0.900419   -0.369701   -1.037194    0.000000       -2.072751        1.000000    3.819770    0.908016    0.087032    3.033176
    0.392157    0.910735   -0.338854   -1.037500    0.000000       -2.073077        1.000000    3.989935    0.979881    0.087032    3.033176
    0.401961    0.920186   -0.307997   -1.037845    0.000000       -2.073444        1.000000    4.161866    1.054126    0.087032    3.033176
    0.411765    0.928762   -0.277129   -1.038222    0.000000       -2.073843        1.000000    4.335398    1.130587    0.087032    3.033176
    0.421569    0.936455   -0.246249   -1.038615    0.000000       -2.074259        1.000000    4.510369    1.209086    0.087032    3.033176
    0.431373    0.943257   -0.215358   -1.038992    0.000000       -2.074659        1.000000    4.686610    1.289430    0.087032    3.033176
    0.441176    0.949162   -0.184457   -1.039300    0.000000       -2.074989        1.000000    4.863954    1.371416    0.087032    3.033176
    0.450980    0.954164   -0.153548   -1.039464    0.000000       -2.075171        1.000000    5.042233    1.454830    0.087032    3.033176
    0.460784    0.958257   -0.122638   -1.039387    0.000000       -2.075111        1.000000    5.221277    1.539446    0.087032    3.033176
    0.470588    0.961438   -0.091735   -1.038979    0.000000       -2.074715        1.000000    5.400915    1.625033    0.087032    3.033176
    0.480392    0.963704   -0.060850   -1.038189    0.000000       -2.073931        1.000000    5.580977    1.711350    0.087032    3.033176
    0.490196    0.965054   -0.029993   -1.037051    0.000000       -2.072796        1.000000    5.761290    1.798156    0.087032    3.033176
    0.500000    0.965488    0.000826   -1.035706    0.000000       -2.071451        1.000000    5.941685    1.885202    0.087032    3.033176
    0.509804    0.965006    0.031605   -1.034366    0.000000       -2.070112        1.000000    6.121990    1.972242    0.087032    3.033176
    0.519608    0.963609    0.062346   -1.033244    0.000000       -2.068993        1.000000    6.302034    2.059028    0.087032    3.033176
    0.529412    0.961301    0.093059   -1.032473    0.000000       -2.068229        1.000000    6.481646    2.145316    0.087032    3.033176
    0.539216    0.958084    0.123755   -1.032083    0.000000       -2.067850        1.000000    6.660658    2.230863    0.087032    3.033176
    0.549020    0.953961    0.154445   -1.032020    0.000000       -2.067803        1.000000    6.838899    2.315434    0.087032    3.033176
    0.558824    0.948936    0.185136   -1.032191    0.000000       -2.067994        1.000000    7.016201    2.398799    0.087032    3.033176
    0.568627    0.943014    0.215835   -1.032503    0.000000       -2.068329        1.000000    7.192397    2.480735    0.087032    3.033176
    0.578431    0.936201    0.246544   -1.032882    0.000000       -2.068730        1.000000    7.367320    2.561030    0.087032    3.033176
    0.588235    0.928502    0.277264   -1.033275    0.000000       -2.069146        1.000000    7.540804    2.639480    0.087032    3.033176
    0.598039    0.919924    0.307997   -1.033651    0.000000       -2.069544        1.000000    7.712685    2.715897    0.087032    3.033176
    0.607843    0.910475    0.338739   -1.033995    0.000000       -2.069910        1.000000    7.882801    2.790101    0.087032    3.033176
    0.617647    0.900164    0.369492   -1.034300    0.000000       -2.070235        1.000000    8.050991    2.861929    0.087032    3.033176
    0.627451    0.889000    0.400253   -1.034566    0.000000       -2.070519        1.000000    8.217094    2.931234    0.087032    3.033176
    0.637255    0.876993    0.431021   -1.034794    0.000000       -2.070765        1.000000    8.380955    2.997883    0.087032    3.033176
    0.647059    0.864155    0.461796   -1.034990    0.000000       -2.070977        1.000000    8.542416    3.061760    0.087032    3.033176
    0.656863    0.850498    0.492576   -1.035156    0.000000       -2.071158        1.000000    8.701326    3.122766    0.087032    3.033176
    0.666667    0.836035    0.523361   -1.035297    0.000000       -2.071312        1.000000    8.857533    3.180821    0.087032    3.033176
    0.676471    0.820778    0.554149   -1.035417    0.000000       -2.071445        1.000000    9.010890    3.235862    0.087032    3.033176
    0.686275    0.804743    0.584941   -1.035519    0.000000       -2.071558        1.000000    9.161251    3.287844    0.087032    3.033176
    0.696078    0.787945    0.615736   -1.035606    0.000000       -2.071655        1.000000    9.308473    3.336740    0.087032    3.033176
    0.705882    0.770399    0.646533   -1.035681    0.000000       -2.071738        1.000000    9.452417    3.382543    0.087032    3.033176
    0.715686    0.752122    0.677332   -1.035744    0.000000       -2.071810        1.000000    9.592946    3.425259    0.087032    3.033176
    0.725490    0.733131    0.708132   -1.035798    0.000000       -2.071872        1.000000    9.729926    3.464917    0.087032    3.033176
    0.735294    0.713445    0.738935   -1.035845    0.000000       -2.071925        1.000000    9.863229    3.501557    0.087032    3.033176
    0.745098    0.693082    0.769738   -1.035885    0.000000       -2.071972        1.000000    9.992726    3.535238    0.087032    3.033176
    0.754902    0.672061    0.800543   -1.035920    0.000000       -2.072012        1.000000   10.118296    3.566034    0.087032    3.033176
    0.764706    0.650402    0.831349   -1.035950    0.000000       -2.072048        1.000000   10.239819    3.594032    0.087032    3.033176
    0.774510    0.628126    0.862155   -1.035976    0.000000       -2.072078        1.000000   10.357180    3.619332    0.087032    3.033176
    0.784314    0.605254    0.892962   -1.035999    0.000000       -2.072105        1.000000   10.470268    3.642047    0.087032    3.033176
    0.794118    0.581807    0.923770   -1.036018    0.000000       -2.072129        1.000000   10.578975    3.662298    0.087032    3.033176
    0.803922    0.557808    0.954578   -1.036035    0.000000       -2.072150        1.000000   10.683197    3.680218    0.087032    3.033176
    0.813725    0.533280    0.985387   -1.036050    0.000000       -2.072168        1.000000   10.782837    3.695946    0.087032    3.033176
    0.823529    0.508245    1.016196   -1.036064    0.000000       -2.072184        1.000000   10.877799    3.709627    0.087032    3.033176
    0.833333    0.482728    1.047006   -1.036075    0.000000       -2.072198        1.000000   10.967994    3.721413    0.087032    3.033176
    0.843137    0.456753    1.077816   -1.036085    0.000000       -2.072211        1.000000   11.053335    3.731456    0.087032    3.033176
    0.852941    0.430344    1.108626   -1.036094    0.000000       -2.072222        1.000000   11.133742    3.739912    0.087032    3.033176
    0.862745    0.403527    1.139437   -1.036102    0.000000       -2.072232        1.000000   11.209138    3.746936    0.087032    3.033176
    0.872549    0.376327    1.170247   -1.036108    0.000000       -2.072240        1.000000   11.279452    3.752683    0.087032    3.033176
    0.882353    0.348769    1.201058   -1.036114    0.000000       -2.072248        1.000000   11.344617    3.757304    0.087032    3.033176
    0.892157    0.320880    1.231869   -1.036119    0.000000       -2.072254        1.000000   11.404571    3.760945    0.087032    3.033176
    0.901961    0.292687    1.262680   -1.036124    0.000000       -2.072260        1.000000   11.459258    3.763746    0.087032    3.033176
    0.911765    0.264216    1.293492   -1.036128    0.000000       -2.072265        1.000000   11.508625    3.765842    0.087032    3.033176
    0.921569    0.235494    1.324303   -1.036131    0.000000       -2.072269        1.000000   11.552625    3.767357    0.087032    3.033176
    0.931373    0.206549    1.355114   -1.036134    0.000000       -2.072273        1.000000   11.591218    3.768407    0.087032    3.033176
    0.941176    0.177408    1.385926   -1.036136    0.000000       -2.072276        1.000000   11.624365    3.769096    0.087032    3.033176
    0.950980    0.148098    1.416738   -1.036138    0.000000       -2.072279        1.000000   11.652036    3.769517    0.087032    3.033176
    0.960784    0.118647    1.447549   -1.036139    0.000000       -2.072281        1.000000   11.674205    3.769749    0.087032    3.033176
    0.970588    0.089084    1.478361   -1.036141    0.000000       -2.072282        1.000000   11.690849    3.769860    0.087032    3.033176
    0.980392    0.059436    1.509173   -1.036141    0.000000       -2.072283        1.000000   11.701955    3.769901    0.087032    3.033176
    0.990196    0.029732    1.539985   -1.036142    0.000000       -2.072284        1.000000   11.707510    3.769911    0.087032    3.033176
    1.000000    0.000000    1.570796   -1.036142    0.000000       -2.072284        1.000000   11.707510    3.769911    0.087032    3.033176
