           t           r         psi          cs          qs               p             sig           A           V          Q2           S
    0.000000    0.000000   -1.570796   -0.993394    0.000000       -1.986788        1.000000    0.000000    0.000000    0.033964    5.741774
    0.009804    0.056263   -1.514876   -0.993408    0.000000       -1.986807        1.000000    0.000000    0.000008    0.033964    5.741774
    0.019608    0.112349   -1.458954   -0.993453    0.000000       -1.986867        1.000000    0.039737    0.000125    0.033964    5.741774
    0.029412    0.168085   -1.403029   -0.993531    0.000000       -1.986970        1.000000    0.099187    0.000629    0.033964    5.741774
    0.039216    0.223294   -1.347098   -0.993646    0.000000       -1.987121        1.000000    0.178165    0.001972    0.033964    5.741774
    0.049020    0.277806   -1.291159   -0.993805    0.000000       -1.987329        1.000000    0.276423    0.004771    0.033964    5.741774
    0.058824    0.331449   -1.235210   -0.994018    0.000000       -1.987603        1.000000    0.393654    0.009780    0.033964    5.741774
    0.068627    0.384054   -1.179248   -0.994297    0.000000       -1.987959        1.000000    0.529491    0.017876    0.033964    5.741774
    0.078431    0.435457   -1.123267   -0.994659    0.000000       -1.988417        1.000000    0.683509    0.030023    0.033964    5.741774
    0.088235    0.485497   -1.067263   -0.995128    0.000000       -1.989002        1.000000    0.855225    0.047247    0.033964    5.741774
    0.098039    0.534016   -1.011229   -0.995738    0.000000       -1.989752        1.000000    1.044103    0.070602    0.033964    5.741774
    0.107843    0.580860   -0.955156   -0.996533    0.000000       -1.990716        1.000000    1.249548    0.101131    0.033964    5.741774
    0.117647    0.625881   -0.899031   -0.997578    0.000000       -1.991966        1.000000    1.470918    0.139840    0.033964    5.741774
    0.127451    0.668935   -0.842838   -0.998965    0.000000       -1.993601        1.000000    1.707515    0.187654    0.033964    5.741774
    0.137255    0.709883   -0.786555   -1.000831    0.000000       -1.995767        1.000000    1.958595    0.245395    0.033964    5.741774
    0.147059    0.748592   -0.730148   -1.003380    0.000000       -1.998683        1.000000    2.223367    0.313743    0.033964    5.741774
    0.156863    0.784932   -0.673572   -1.006926    0.000000       -2.002679        1.000000    2.500991    0.393216    0.033964    5.741774
    0.166667    0.818779   -0.616757   -1.011966    0.000000       -2.008277        1.000000    2.790587    0.484143    0.033964    5.741774
    0.176471    0.850009   -0.559598   -1.019314    0.000000       -2.016325        1.000000    3.091229    0.586650    0.033964    5.741774
    0.186275    0.878502   -0.501930   -1.030351    0.000000       -2.028249        1.000000    3.401949    0.700644    0.033964    5.741774
    0.196078    0.904132   -0.443484   -1.047497    0.000000       -2.046535        1.000000    3.721733    0.825804    0.033964    5.741774
    0.205882    0.926762   -0.383804   -1.075137    0.000000       -2.075660        1.000000    4.049522    0.961579    0.033964    5.741774
    0.215686    0.946229   -0.322098   -1.121246    0.000000       -2.123724        1.000000    4.384196    1.107183    0.033964    5.741774
    0.225490    0.962317   -0.256979   -1.198951    0.000000       -2.203985        1.000000    4.724560    1.261586    0.033964    5.741774
    0.235294    0.974720   -0.186312   -1.317611    0.000000       -2.325792        1.000000    5.069312    1.423476    0.033964    5.741774
    0.245098    0.983025   -0.109010   -1.406275    0.000000       -2.417505        1.000000    5.417000    1.591158    0.033964    5.741774
    0.254902    0.986992   -0.034355   -1.160718    0.000000       -2.173300        1.000000    5.766092    1.762398    0.033964    5.741774
    0.264706    0.987396    0.014078   -0.543200    0.000000       -1.555865        1.000000    6.115326    1.934802    0.033964    5.741774
    0.274510    0.986029    0.030130   -0.077900    0.000000       -1.091609        1.000000    6.464077    2.106953    0.033964    5.741774
    0.284314    0.984342    0.027974    0.119847    0.000000       -0.895662        1.000000    6.812231    2.278517    0.033964    5.741774
    0.294118    0.982997    0.019368    0.169924    0.000000       -0.847182        1.000000    7.159910    2.449571    0.033964    5.741774
    0.303922    0.982173    0.010043    0.154628    0.000000       -0.863471        1.000000    7.507297    2.620277    0.033964    5.741774
    0.313725    0.981833    0.002434    0.113424    0.000000       -0.905076        1.000000    7.854564    2.790799    0.033964    5.741774
    0.323529    0.981851   -0.002615    0.066037    0.000000       -0.952444        1.000000    8.201837    2.961273    0.033964    5.741774
    0.333333    0.982079   -0.005096    0.023596    0.000000       -0.994639        1.000000    8.549191    3.131792    0.033964    5.741774
    0.343137    0.982385   -0.005486   -0.007545    0.000000       -1.025461        1.000000    8.896654    3.302407    0.033964    5.741774
    0.352941    0.982671   -0.004507   -0.024954    0.000000       -1.042578        1.000000    9.244217    3.473127    0.033964    5.741774
    0.362745    0.982881   -0.002914   -0.029783    0.000000       -1.047196        1.000000    9.591855    3.643935    0.033964    5.741774
    0.372549    0.982999   -0.001321   -0.025735    0.000000       -1.043028        1.000000    9.939534    3.814801    0.033964    5.741774
    0.382353    0.983037   -0.000098   -0.017354    0.000000       -1.034610        1.000000   10.287227    3.985694    0.033964    5.741774
    0.392157    0.983020    0.000624   -0.008470    0.000000       -1.025743        1.000000   10.634913    4.156589    0.033964    5.741774
    0.401961    0.982975    0.000891   -0.001421    0.000000       -1.018740        1.000000   10.982584    4.327474    0.033964    5.741774
    0.411765    0.982926    0.000836    0.002923    0.000000       -1.014448        1.000000   11.330238    4.498341    0.033964    5.741774
    0.421569    0.982884    0.000610    0.004722    0.000000       -1.012692        1.000000   11.677876    4.669192    0.033964    5.741774
    0.431373    0.982858    0.000339    0.004659    0.000000       -1.012782        1.000000   12.025506    4.840031    0.033964    5.741774
    0.441176    0.982846    0.000105    0.003549    0.000000       -1.013905        1.000000   12.373131    5.010864    0.033964    5.741774
    0.450980    0.982844   -0.000054    0.002093    0.000000       -1.015362        1.000000   12.720755    5.181694    0.033964    5.741774
    0.460784    0.982850   -0.000133    0.000771    0.000000       -1.016678        1.000000   13.068382    5.352525    0.033964    5.741774
    0.470588    0.982858   -0.000148   -0.000169    0.000000       -1.017609        1.000000   13.416012    5.523359    0.033964    5.741774
    0.480392    0.982866   -0.000123   -0.000672    0.000000       -1.018105        1.000000   13.763644    5.694196    0.033964    5.741774
    0.490196    0.982872   -0.000079   -0.000807    0.000000       -1.018234        1.000000   14.111278    5.865035    0.033964    5.741774
    0.500000    0.982875   -0.000036   -0.000700    0.000000       -1.018123        1.000000   14.458914    6.035875    0.033964    5.741774
    0.509804    0.982876   -0.000003   -0.000477    0.000000       -1.017900        1.000000   14.806549    6.206717    0.033964    5.741774
    0.519608    0.982876    0.000017   -0.000242    0.000000       -1.017664        1.000000   15.154185    6.377558    0.033964    5.741774
    0.529412    0.982874    0.000025   -0.000054    0.000000       -1.017479        1.000000   15.501820    6.548399    0.033964    5.741774
    0.539216    0.982873    0.000025    0.000058    0.000000       -1.017367        1.000000   15.849455    6.719240    0.033964    5.741774
    0.549020    0.982872    0.000020    0.000097    0.000000       -1.017330        1.000000   16.197089    6.890080    0.033964    5.741774
    0.558824    0.982871    0.000015    0.000074    0.000000       -1.017354        1.000000   16.544723    7.060920    0.033964    5.741774
    0.568627    0.982870    0.000013    0.000005    0.000000       -1.017424        1.000000   16.892357    7.231759    0.033964    5.741774
    0.578431    0.982869    0.000015   -0.000104    0.000000       -1.017534        1.000000   17.239990    7.402598    0.033964    5.741774
    0.588235    0.982868    0.000025   -0.000261    0.000000       -1.017692        1.000000   17.587623    7.573437    0.033964    5.741774
    0.598039    0.982866    0.000046   -0.000496    0.000000       -1.017929        1.000000   17.935255    7.744275    0.033964    5.741774
    0.607843    0.982862    0.000084   -0.000873    0.000000       -1.018309        1.000000   18.282886    7.915113    0.033964    5.741774
    0.617647    0.982856    0.000149   -0.001507    0.000000       -1.018950        1.000000   18.630515    8.085949    0.033964    5.741774
    0.627451    0.982845    0.000262   -0.002596    0.000000       -1.020051        1.000000   18.978140    8.256781    0.033964    5.741774
    0.637255    0.982825    0.000456   -0.004481    0.000000       -1.021956        1.000000   19.325757    8.427609    0.033964    5.741774
    0.647059    0.982791    0.000792   -0.007743    0.000000       -1.025254        1.000000   19.673363    8.598427    0.033964    5.741774
    0.656863    0.982731    0.001372   -0.013364    0.000000       -1.030935        1.000000   20.020948    8.769229    0.033964    5.741774
    0.666667    0.982629    0.002371   -0.022979    0.000000       -1.040655        1.000000   20.368496    8.940004    0.033964    5.741774
    0.676471    0.982451    0.004083   -0.039233    0.000000       -1.057087        1.000000   20.715981    9.110730    0.033964    5.741774
    0.686275    0.982147    0.006987   -0.066176    0.000000       -1.084329        1.000000   21.063359    9.281373    0.033964    5.741774
    0.696078    0.981628    0.011838   -0.109433    0.000000       -1.128077        1.000000   21.410554    9.451872    0.033964    5.741774
    0.705882    0.980757    0.019736   -0.175447    0.000000       -1.194869        1.000000   21.757440    9.622121    0.033964    5.741774
    0.715686    0.979323    0.032108   -0.268817    0.000000       -1.289405        1.000000   22.103819    9.791941    0.033964    5.741774
    0.725490    0.977030    0.050486   -0.387709    0.000000       -1.409915        1.000000   22.449387    9.961040    0.033964    5.741774
    0.735294    0.973507    0.076026   -0.520638    0.000000       -1.544885        1.000000   22.793709   10.128954    0.033964    5.741774
    0.745098    0.968340    0.109028   -0.649775    0.000000       -1.676338        1.000000   23.136204   10.295008    0.033964    5.741774
    0.754902    0.961132    0.148817   -0.759894    0.000000       -1.788834        1.000000   23.476149   10.458300    0.033964    5.741774
    0.764706    0.951550    0.194098   -0.844602    0.000000       -1.875784        1.000000   23.812705   10.617741    0.033964    5.741774
    0.774510    0.939350    0.243455   -0.905412    0.000000       -1.938584        1.000000   24.144946   10.772125    0.033964    5.741774
    0.784314    0.924371    0.295680   -0.947425    0.000000       -1.982295        1.000000   24.471889   10.920221    0.033964    5.741774
    0.794118    0.906525    0.349868   -0.976009    0.000000       -2.012294        1.000000   24.792520   11.060849    0.033964    5.741774
    0.803922    0.885776    0.405392   -0.995448    0.000000       -2.032898        1.000000   25.105812   11.192941    0.033964    5.741774
    0.813725    0.862132    0.461826   -1.008779    0.000000       -2.047183        1.000000   25.410742   11.315591    0.033964    5.741774
    0.823529    0.835627    0.518888   -1.018039    0.000000       -2.057224        1.000000   25.706297   11.428087    0.033964    5.741774
    0.833333    0.806323    0.576390   -1.024568    0.000000       -2.064394        1.000000   25.991487   11.529926    0.033964    5.741774
    0.843137    0.774298    0.634203   -1.029240    0.000000       -2.069594        1.000000   26.265350   11.620836    0.033964    5.741774
    0.852941    0.739647    0.692242   -1.032634    0.000000       -2.073424        1.000000   26.526958   11.700765    0.033964    5.741774
    0.862745    0.702478    0.750444   -1.035133    0.000000       -2.076285        1.000000   26.775419   11.769886    0.033964    5.741774
    0.872549    0.662911    0.808769   -1.036996    0.000000       -2.078448        1.000000   27.009886   11.828579    0.033964    5.741774
    0.882353    0.621076    0.867185   -1.038400    0.000000       -2.080102        1.000000   27.229555   11.877412    0.033964    5.741774
    0.892157    0.577112    0.925670   -1.039468    0.000000       -2.081379        1.000000   27.433676   11.917115    0.033964    5.741774
    0.901961    0.531169    0.984207   -1.040287    0.000000       -2.082372        1.000000   27.621546   11.948552    0.033964    5.741774
    0.911765    0.483402    1.042786   -1.040918    0.000000       -2.083148        1.000000   27.792522   11.972685    0.033964    5.741774
    0.921569    0.433974    1.101395   -1.041407    0.000000       -2.083757        1.000000   27.946015   11.990541    0.033964    5.741774
    0.931373    0.383053    1.160029   -1.041785    0.000000       -2.084234        1.000000   28.081498   12.003168    0.033964    5.741774
    0.941176    0.330814    1.218682   -1.042076    0.000000       -2.084606        1.000000   28.198504   12.011604    0.033964    5.741774
    0.950980    0.277437    1.277349   -1.042299    0.000000       -2.084893        1.000000   28.296632   12.016834    0.033964    5.741774
    0.960784    0.223105    1.336027   -1.042465    0.000000       -2.085111        1.000000   28.375542   12.019761    0.033964    5.741774
    0.970588    0.168004    1.394713   -1.042586    0.000000       -2.085269        1.000000   28.434964   12.021169    0.033964    5.741774
    0.980392    0.112325    1.453404   -1.042668    0.000000       -2.085377        1.000000   28.474693   12.021697    0.033964    5.741774
    0.990196    0.056260    1.512099   -1.042715    0.000000       -2.085440        1.000000   28.494591   12.021820    0.033964    5.741774
    1.000000    0.000000    1.570796   -1.042730    0.000000       -2.085461        1.000000   28.494591   12.021828    0.033964    5.741774
