           t           r         psi          cs          qs               p             sig           A           V          Q2           S
    0.000000    0.000000   -1.570796   -0.991401    0.000000       -1.982802        1.000000    0.000000    0.000000    0.106167    6.001583
    0.009804    0.058806   -1.512461   -0.991503    0.000000       -1.982937        1.000000    0.000000    0.000009    0.106167    6.001583
    0.019608    0.117411   -1.454114   -0.991814    0.000000       -1.983352        1.000000    0.043407    0.000149    0.106167    6.001583
    0.029412    0.175617   -1.395742   -0.992356    0.000000       -1.984068        1.000000    0.108332    0.000748    0.106167    6.001583
    0.039216    0.233225   -1.337330   -0.993160    0.000000       -1.985124        1.000000    0.194554    0.002347    0.106167    6.001583
    0.049020    0.290037   -1.278863   -0.994276    0.000000       -1.986577        1.000000    0.301780    0.005673    0.106167    6.001583
    0.058824    0.345859   -1.220318   -0.995772    0.000000       -1.988507        1.000000    0.429643    0.011620    0.106167    6.001583
    0.068627    0.400498   -1.161673   -0.997744    0.000000       -1.991022        1.000000    0.577706    0.021219    0.106167    6.001583
    0.078431    0.453762   -1.102894   -1.000321    0.000000       -1.994267        1.000000    0.745460    0.035600    0.106167    6.001583
    0.088235    0.505465   -1.043942   -1.003680    0.000000       -1.998441        1.000000    0.932329    0.055955    0.106167    6.001583
    0.098039    0.555421   -0.984763   -1.008064    0.000000       -2.003814        1.000000    1.137666    0.083497    0.106167    6.001583
    0.107843    0.603447   -0.925288   -1.013813    0.000000       -2.010760        1.000000    1.360759    0.119420    0.106167    6.001583
    0.117647    0.649361   -0.865423   -1.021404    0.000000       -2.019797        1.000000    1.600825    0.164849    0.106167    6.001583
    0.127451    0.692983   -0.805042   -1.031514    0.000000       -2.031656        1.000000    1.857019    0.220804    0.106167    6.001583
    0.137255    0.734129   -0.743968   -1.045118    0.000000       -2.047376        1.000000    2.128424    0.288159    0.106167    6.001583
    0.147059    0.772612   -0.681959   -1.063618    0.000000       -2.068443        1.000000    2.414056    0.367602    0.106167    6.001583
    0.156863    0.808236   -0.618669   -1.089028    0.000000       -2.096966        1.000000    2.712858    0.459600    0.106167    6.001583
    0.166667    0.840785   -0.553614   -1.124156    0.000000       -2.135865        1.000000    3.023694    0.564368    0.106167    6.001583
    0.176471    0.870021   -0.486119   -1.172602    0.000000       -2.188845        1.000000    3.345337    0.681833    0.106167    6.001583
    0.186275    0.895663   -0.415293   -1.237823    0.000000       -2.259411        1.000000    3.676461    0.811594    0.106167    6.001583
    0.196078    0.917379   -0.340130   -1.319115    0.000000       -2.346728        1.000000    4.015613    0.952865    0.106167    6.001583
    0.205882    0.934790   -0.260050   -1.399764    0.000000       -2.433554        1.000000    4.361202    1.104392    0.106167    6.001583
    0.215686    0.947534   -0.176453   -1.425433    0.000000       -2.464416        1.000000    4.711502    1.264338    0.106167    6.001583
    0.225490    0.955465   -0.095223   -1.303975    0.000000       -2.345844        1.000000    5.064734    1.430258    0.106167    6.001583
    0.235294    0.958963   -0.026790   -0.995496    0.000000       -2.037916        1.000000    5.419259    1.599413    0.106167    6.001583
    0.245098    0.959041    0.020249   -0.602760    0.000000       -1.645255        1.000000    5.773814    1.769481    0.106167    6.001583
    0.254902    0.957015    0.045309   -0.265844    0.000000       -1.309687        1.000000    6.127619    1.939077    0.106167    6.001583
    0.264706    0.954037    0.053727   -0.038538    0.000000       -1.085202        1.000000    6.480323    2.107647    0.106167    6.001583
    0.274510    0.950899    0.051738    0.092570    0.000000       -0.957660        1.000000    6.831867    2.275098    0.106167    6.001583
    0.284314    0.948061    0.044139    0.156880    0.000000       -0.896878        1.000000    7.182362    2.441533    0.106167    6.001583
    0.294118    0.945753    0.034106    0.178667    0.000000       -0.878077        1.000000    7.532004    2.607129    0.106167    6.001583
    0.303922    0.944056    0.023622    0.174386    0.000000       -0.884577        1.000000    7.881018    2.772082    0.106167    6.001583
    0.313725    0.942959    0.013884    0.154717    0.000000       -0.905673        1.000000    8.229627    2.936590    0.106167    6.001583
    0.323529    0.942394    0.005577    0.126707    0.000000       -0.934404        1.000000    8.578027    3.100831    0.106167    6.001583
    0.333333    0.942267   -0.000959    0.095208    0.000000       -0.966062        1.000000    8.926380    3.264962    0.106167    6.001583
    0.343137    0.942470   -0.005627    0.063708    0.000000       -0.997317        1.000000    9.274808    3.429109    0.106167    6.001583
    0.352941    0.942894   -0.008507    0.034760    0.000000       -1.025766        1.000000    9.623393    3.593365    0.106167    6.001583
    0.362745    0.943440   -0.009804    0.010165    0.000000       -1.049735        1.000000    9.972180    3.757790    0.106167    6.001583
    0.372549    0.944023   -0.009811   -0.008966    0.000000       -1.068211        1.000000   10.321182    3.922414    0.106167    6.001583
    0.382353    0.944576   -0.008865   -0.022189    0.000000       -1.080823        1.000000   10.670388    4.087238    0.106167    6.001583
    0.392157    0.945054   -0.007312   -0.029689    0.000000       -1.087801        1.000000   11.019772    4.252244    0.106167    6.001583
    0.401961    0.945431   -0.005470   -0.032173    0.000000       -1.089876        1.000000   11.369294    4.417403    0.106167    6.001583
    0.411765    0.945697   -0.003604   -0.030704    0.000000       -1.088118        1.000000   11.718916    4.582676    0.106167    6.001583
    0.421569    0.945858   -0.001910   -0.026511    0.000000       -1.083749        1.000000   12.068596    4.748024    0.106167    6.001583
    0.431373    0.945928   -0.000514   -0.020797    0.000000       -1.077959        1.000000   12.418303    4.913413    0.106167    6.001583
    0.441176    0.945926    0.000528   -0.014602    0.000000       -1.071767        1.000000   12.768008    5.078813    0.106167    6.001583
    0.450980    0.945873    0.001211   -0.008720    0.000000       -1.065944        1.000000   13.117694    5.244202    0.106167    6.001583
    0.460784    0.945790    0.001571   -0.003676    0.000000       -1.060993        1.000000   13.467350    5.409567    0.106167    6.001583
    0.470588    0.945693    0.001666    0.000251    0.000000       -1.057173        1.000000   13.816969    5.574901    0.106167    6.001583
    0.480392    0.945597    0.001565    0.002984    0.000000       -1.054547        1.000000   14.166554    5.740200    0.106167    6.001583
    0.490196    0.945512    0.001337    0.004595    0.000000       -1.053033        1.000000   14.516106    5.905467    0.106167    6.001583
    0.500000    0.945441    0.001043    0.005243    0.000000       -1.052463        1.000000   14.865633    6.070708    0.106167    6.001583
    0.509804    0.945389    0.000734    0.005138    0.000000       -1.052627        1.000000   15.215140    6.235926    0.106167    6.001583
    0.519608    0.945355    0.000449    0.004497    0.000000       -1.053307        1.000000   15.564634    6.401130    0.106167    6.001583
    0.529412    0.945335    0.000212    0.003524    0.000000       -1.054302        1.000000   15.914122    6.566324    0.106167    6.001583
    0.539216    0.945328    0.000037    0.002385    0.000000       -1.055448        1.000000   16.263606    6.731514    0.106167    6.001583
    0.549020    0.945330   -0.000068    0.001208    0.000000       -1.056624        1.000000   16.613092    6.896703    0.106167    6.001583
    0.558824    0.945335   -0.000106    0.000069    0.000000       -1.057757        1.000000   16.962579    7.061893    0.106167    6.001583
    0.568627    0.945341   -0.000078   -0.001000    0.000000       -1.058820        1.000000   17.312068    7.227086    0.106167    6.001583
    0.578431    0.945343    0.000011   -0.002015    0.000000       -1.059832        1.000000   17.661558    7.392279    0.106167    6.001583
    0.588235    0.945338    0.000159   -0.003033    0.000000       -1.060856        1.000000   18.011047    7.557473    0.106167    6.001583
    0.598039    0.945323    0.000370   -0.004154    0.000000       -1.061994        1.000000   18.360529    7.722663    0.106167    6.001583
    0.607843    0.945293    0.000653   -0.005520    0.000000       -1.063393        1.000000   18.710001    7.887845    0.106167    6.001583
    0.617647    0.945244    0.001028   -0.007322    0.000000       -1.065249        1.000000   19.059455    8.053014    0.106167    6.001583
    0.627451    0.945170    0.001528   -0.009810    0.000000       -1.067820        1.000000   19.408881    8.218161    0.106167    6.001583
    0.637255    0.945061    0.002202   -0.013314    0.000000       -1.071444        1.000000   19.758267    8.383277    0.106167    6.001583
    0.647059    0.944906    0.003123   -0.018265    0.000000       -1.076566        1.000000   20.107596    8.548346    0.106167    6.001583
    0.656863    0.944687    0.004391   -0.025236    0.000000       -1.083777        1.000000   20.456843    8.713350    0.106167    6.001583
    0.666667    0.944380    0.006147   -0.034978    0.000000       -1.093854        1.000000   20.805977    8.878262    0.106167    6.001583
    0.676471    0.943950    0.008581   -0.048468    0.000000       -1.107807        1.000000   21.154953    9.043045    0.106167    6.001583
    0.686275    0.943352    0.011948   -0.066941    0.000000       -1.126916        1.000000   21.503707    9.207645    0.106167    6.001583
    0.696078    0.942519    0.016585   -0.091897    0.000000       -1.152738        1.000000   21.852153    9.371990    0.106167    6.001583
    0.705882    0.941367    0.022923   -0.125041    0.000000       -1.187047        1.000000   22.200173    9.535977    0.106167    6.001583
    0.715686    0.939778    0.031495   -0.168107    0.000000       -1.231660        1.000000   22.547606    9.699463    0.106167    6.001583
    0.725490    0.937605    0.042929   -0.222535    0.000000       -1.288100        1.000000   22.894236    9.862248    0.106167    6.001583
    0.735294    0.934659    0.057919   -0.288981    0.000000       -1.357097        1.000000   23.239776   10.024059    0.106167    6.001583
    0.745098    0.930710    0.077159   -0.366774    0.000000       -1.438026        1.000000   23.583856   10.184527    0.106167    6.001583
    0.754902    0.925493    0.101257   -0.453538    0.000000       -1.528509        1.000000   23.926008   10.343160    0.106167    6.001583
    0.764706    0.918713    0.130629   -0.545267    0.000000       -1.624473        1.000000   24.265653   10.499329    0.106167    6.001583
    0.774510    0.910062    0.165423   -0.636988    0.000000       -1.720814        1.000000   24.602100   10.652253    0.106167    6.001583
    0.784314    0.899238    0.205492   -0.723821    0.000000       -1.812478        1.000000   24.934545   10.801006    0.106167    6.001583
    0.794118    0.885964    0.250430   -0.801994    0.000000       -1.895500        1.000000   25.262083   10.944547    0.106167    6.001583
    0.803922    0.870004    0.299656   -0.869373    0.000000       -1.967573        1.000000   25.583720   11.081764    0.106167    6.001583
    0.813725    0.851173    0.352513   -0.925429    0.000000       -2.028034        1.000000   25.898396   11.211535    0.106167    6.001583
    0.823529    0.829340    0.408349   -0.970819    0.000000       -2.077456        1.000000   26.205000   11.332800    0.106167    6.001583
    0.833333    0.804426    0.466574   -1.006866    0.000000       -2.117116        1.000000   26.502394   11.444622    0.106167    6.001583
    0.843137    0.776403    0.526683   -1.035123    0.000000       -2.148565        1.000000   26.789428   11.546244    0.106167    6.001583
    0.852941    0.745285    0.588262   -1.057102    0.000000       -2.173328        1.000000   27.064957   11.637138    0.106167    6.001583
    0.862745    0.711125    0.650983   -1.074129    0.000000       -2.192763        1.000000   27.327857   11.717026    0.106167    6.001583
    0.872549    0.674009    0.714588   -1.087303    0.000000       -2.208004        1.000000   27.577036   11.785901    0.106167    6.001583
    0.882353    0.634052    0.778877   -1.097499    0.000000       -2.219967        1.000000   27.811443   11.844018    0.106167    6.001583
    0.892157    0.591393    0.843695   -1.105403    0.000000       -2.229371        1.000000   28.030079   11.891888    0.106167    6.001583
    0.901961    0.546191    0.908924   -1.111537    0.000000       -2.236776        1.000000   28.232004   11.930243    0.106167    6.001583
    0.911765    0.498625    0.974472   -1.116305    0.000000       -2.242611        1.000000   28.416344   11.960005    0.106167    6.001583
    0.921569    0.448891    1.040268   -1.120009    0.000000       -2.247209        1.000000   28.582298   11.982237    0.106167    6.001583
    0.931373    0.397195    1.106256   -1.122882    0.000000       -2.250821        1.000000   28.729139   11.998093    0.106167    6.001583
    0.941176    0.343758    1.172394   -1.125097    0.000000       -2.253641        1.000000   28.856226   12.008765    0.106167    6.001583
    0.950980    0.288811    1.238645   -1.126787    0.000000       -2.255819        1.000000   28.962998   12.015423    0.106167    6.001583
    0.960784    0.232593    1.304983   -1.128052    0.000000       -2.257465        1.000000   29.048987   12.019169    0.106167    6.001583
    0.970588    0.175349    1.371385   -1.128966    0.000000       -2.258665        1.000000   29.113813   12.020978    0.106167    6.001583
    0.980392    0.117332    1.437832   -1.129582    0.000000       -2.259480        1.000000   29.157190   12.021659    0.106167    6.001583
    0.990196    0.058796    1.504307   -1.129937    0.000000       -2.259952        1.000000   29.178927   12.021817    0.106167    6.001583
    1.000000    0.000000    1.570796   -1.130053    0.000000       -2.260106        1.000000   29.178927   12.021828    0.106167    6.001583
