           t           r         psi          cs          qs               p             sig           A           V          Q2           S
    0.000000   -0.000000   -1.570796   -1.034330    0.000000       -2.068660        1.000000    0.000000   -0.000000    0.329683    4.446278
    0.009804    0.043576   -1.525702   -1.034805    0.000000       -2.069293        1.000000    0.000000    0.000003    0.329683    4.446278
    0.019608    0.087064   -1.480566   -1.036247    0.000000       -2.071212        1.000000    0.023846    0.000047    0.329683    4.446278
    0.029412    0.130374   -1.435345   -1.038697    0.000000       -2.074466        1.000000    0.059554    0.000236    0.329683    4.446278
    0.039216    0.173417   -1.389995   -1.042230    0.000000       -2.079141        1.000000    0.107051    0.000744    0.329683    4.446278
    0.049020    0.216105   -1.344465   -1.046947    0.000000       -2.085353        1.000000    0.166240    0.001807    0.329683    4.446278
    0.058824    0.258346   -1.298701   -1.052981    0.000000       -2.093257        1.000000    0.236998    0.003723    0.329683    4.446278
    0.068627    0.300049   -1.252642   -1.060499    0.000000       -2.103043        1.000000    0.319179    0.006846    0.329683    4.446278
    0.078431    0.341121   -1.206220   -1.069705    0.000000       -2.114946        1.000000    0.412608    0.011578    0.329683    4.446278
    0.088235    0.381469   -1.159355   -1.080844    0.000000       -2.129242        1.000000    0.517089    0.018364    0.329683    4.446278
    0.098039    0.420995   -1.111957   -1.094209    0.000000       -2.146259        1.000000    0.632395    0.027682    0.329683    4.446278
    0.107843    0.459599   -1.063923   -1.110139    0.000000       -2.166377        1.000000    0.758275    0.040035    0.329683    4.446278
    0.117647    0.497180   -1.015131   -1.129021    0.000000       -2.190024        1.000000    0.894447    0.055941    0.329683    4.446278
    0.127451    0.533628   -0.965443   -1.151288    0.000000       -2.217673        1.000000    1.040603    0.075922    0.329683    4.446278
    0.137255    0.568831   -0.914703   -1.177402    0.000000       -2.249823        1.000000    1.196400    0.100492    0.329683    4.446278
    0.147059    0.602668   -0.862733   -1.207817    0.000000       -2.286959        1.000000    1.361465    0.130144    0.329683    4.446278
    0.156863    0.635012   -0.809335   -1.242920    0.000000       -2.329482        1.000000    1.535388    0.165335    0.329683    4.446278
    0.166667    0.665725   -0.754301   -1.282915    0.000000       -2.377586        1.000000    1.717724    0.206473    0.329683    4.446278
    0.176471    0.694662   -0.697419   -1.327634    0.000000       -2.431053        1.000000    1.907985    0.253893    0.329683    4.446278
    0.186275    0.721663   -0.638498   -1.376251    0.000000       -2.488946        1.000000    2.105641    0.307844    0.329683    4.446278
    0.196078    0.746565   -0.577405   -1.426855    0.000000       -2.549171        1.000000    2.310118    0.368456    0.329683    4.446278
    0.205882    0.769194   -0.514123   -1.475932    0.000000       -2.607927        1.000000    2.520793    0.435722    0.329683    4.446278
    0.215686    0.789383   -0.448834   -1.517830    0.000000       -2.659168        1.000000    2.736997    0.509468    0.329683    4.446278
    0.225490    0.806976   -0.382016   -1.544509    0.000000       -2.694375        1.000000    2.958020    0.589332    0.329683    4.446278
    0.235294    0.821851   -0.314546   -1.546027    0.000000       -2.703095        1.000000    3.183116    0.674751    0.329683    4.446278
    0.245098    0.833938   -0.247745   -1.512246    0.000000       -2.674765        1.000000    3.411524    0.764972    0.329683    4.446278
    0.254902    0.843247   -0.183329   -1.435782    0.000000       -2.601801        1.000000    3.642481    0.859092    0.329683    4.446278
    0.264706    0.849882   -0.123215   -1.315225    0.000000       -2.482938        1.000000    3.875255    0.956130    0.329683    4.446278
    0.274510    0.854045   -0.069218   -1.156839    0.000000       -2.324934        1.000000    4.109169    1.055110    0.329683    4.446278
    0.284314    0.856019   -0.022725   -0.973385    0.000000       -2.141282        1.000000    4.343625    1.155155    0.329683    4.446278
    0.294118    0.856145    0.015508   -0.780511    0.000000       -1.948397        1.000000    4.578114    1.255545    0.329683    4.446278
    0.303922    0.854788    0.045396   -0.592687    0.000000       -1.761362        1.000000    4.812232    1.355738    0.329683    4.446278
    0.313725    0.852304    0.067409   -0.420547    0.000000       -1.591173        1.000000    5.045670    1.455363    0.329683    4.446278
    0.323529    0.849019    0.082379   -0.270195    0.000000       -1.444031        1.000000    5.278208    1.554189    0.329683    4.446278
    0.333333    0.845218    0.091316   -0.143880    0.000000       -1.322078        1.000000    5.509704    1.652095    0.329683    4.446278
    0.343137    0.841141    0.095267   -0.041211    0.000000       -1.224682        1.000000    5.740085    1.749033    0.329683    4.446278
    0.352941    0.836982    0.095225    0.039707    0.000000       -1.149648        1.000000    5.969326    1.845006    0.329683    4.446278
    0.362745    0.832896    0.092084    0.101436    0.000000       -1.094108        1.000000    6.197448    1.940051    0.329683    4.446278
    0.372549    0.828999    0.086621    0.146677    0.000000       -1.055074        1.000000    6.424502    2.034225    0.329683    4.446278
    0.382353    0.825378    0.079499    0.177999    0.000000       -1.029741        1.000000    6.650565    2.127599    0.329683    4.446278
    0.392157    0.822092    0.071272    0.197709    0.000000       -1.015612        1.000000    6.875728    2.220250    0.329683    4.446278
    0.401961    0.819179    0.062401    0.207824    0.000000       -1.010535        1.000000    7.100093    2.312261    0.329683    4.446278
    0.411765    0.816659    0.053267    0.210076    0.000000       -1.012689        1.000000    7.323768    2.403715    0.329683    4.446278
    0.421569    0.814536    0.044179    0.205949    0.000000       -1.020545        1.000000    7.546861    2.494695    0.329683    4.446278
    0.431373    0.812804    0.035386    0.196712    0.000000       -1.032826        1.000000    7.769480    2.585282    0.329683    4.446278
    0.441176    0.811445    0.027088    0.183453    0.000000       -1.048465        1.000000    7.991727    2.675552    0.329683    4.446278
    0.450980    0.810433    0.019437    0.167108    0.000000       -1.066567        1.000000    8.213696    2.765580    0.329683    4.446278
    0.460784    0.809739    0.012552    0.148486    0.000000       -1.086382        1.000000    8.435476    2.855432    0.329683    4.446278
    0.470588    0.809327    0.006515    0.128286    0.000000       -1.107283        1.000000    8.657143    2.945169    0.329683    4.446278
    0.480392    0.809158    0.001382    0.107110    0.000000       -1.128741        1.000000    8.878763    3.034845    0.329683    4.446278
    0.490196    0.809193   -0.002816    0.085471    0.000000       -1.150323        1.000000    9.100393    3.124509    0.329683    4.446278
    0.500000    0.809390   -0.006069    0.063801    0.000000       -1.171674        1.000000    9.322077    3.214198    0.329683    4.446278
    0.509804    0.809708   -0.008383    0.042452    0.000000       -1.192518        1.000000    9.543848    3.303943    0.329683    4.446278
    0.519608    0.810107   -0.009779    0.021696    0.000000       -1.212649        1.000000    9.765728    3.393767    0.329683    4.446278
    0.529412    0.810548   -0.010286    0.001728    0.000000       -1.231940        1.000000    9.987729    3.483685    0.329683    4.446278
    0.539216    0.810992   -0.009943   -0.017337    0.000000       -1.250334        1.000000   10.209852    3.573701    0.329683    4.446278
    0.549020    0.811403   -0.008789   -0.035462    0.000000       -1.267848        1.000000   10.432087    3.663813    0.329683    4.446278
    0.558824    0.811747   -0.006864   -0.052692    0.000000       -1.284574        1.000000   10.654416    3.754011    0.329683    4.446278
    0.568627    0.811991   -0.004206   -0.069151    0.000000       -1.300681        1.000000   10.876813    3.844277    0.329683    4.446278
    0.578431    0.812103   -0.000844   -0.085037    0.000000       -1.316407        1.000000   11.099240    3.934583    0.329683    4.446278
    0.588235    0.812054    0.003203   -0.100621    0.000000       -1.332060        1.000000   11.321653    4.024898    0.329683    4.446278
    0.598039    0.811814    0.007929   -0.116242    0.000000       -1.348013        1.000000   11.544001    4.115180    0.329683    4.446278
    0.607843    0.811353    0.013344   -0.132295    0.000000       -1.364694        1.000000   11.766223    4.205380    0.329683    4.446278
    0.617647    0.810640    0.019475   -0.149222    0.000000       -1.382580        1.000000   11.988249    4.295444    0.329683    4.446278
    0.627451    0.809644    0.026373   -0.167500    0.000000       -1.402181        1.000000   12.210003    4.385307    0.329683    4.446278
    0.637255    0.808329    0.034105   -0.187628    0.000000       -1.424028        1.000000   12.431396    4.474897    0.329683    4.446278
    0.647059    0.806658    0.042765   -0.210106    0.000000       -1.448656        1.000000   12.652332    4.564133    0.329683    4.446278
    0.656863    0.804587    0.052464   -0.235420    0.000000       -1.476583        1.000000   12.872700    4.652921    0.329683    4.446278
    0.666667    0.802069    0.063337   -0.264014    0.000000       -1.508289        1.000000   13.092379    4.741157    0.329683    4.446278
    0.676471    0.799050    0.075535   -0.296273    0.000000       -1.544191        1.000000   13.311231    4.828723    0.329683    4.446278
    0.686275    0.795469    0.089224   -0.332494    0.000000       -1.584614        1.000000   13.529102    4.915485    0.329683    4.446278
    0.696078    0.791258    0.104582   -0.372859    0.000000       -1.629764        1.000000   13.745819    5.001290    0.329683    4.446278
    0.705882    0.786341    0.121792   -0.417413    0.000000       -1.679705        1.000000   13.961191    5.085967    0.329683    4.446278
    0.715686    0.780637    0.141032   -0.466045    0.000000       -1.734331        1.000000   14.174999    5.169322    0.329683    4.446278
    0.725490    0.774056    0.162477   -0.518473    0.000000       -1.793355        1.000000   14.387006    5.251141    0.329683    4.446278
    0.735294    0.766502    0.186283   -0.574242    0.000000       -1.856300        1.000000   14.596943    5.331182    0.329683    4.446278
    0.745098    0.757875    0.212581   -0.632734    0.000000       -1.922511        1.000000   14.804517    5.409182    0.329683    4.446278
    0.754902    0.748073    0.241474   -0.693193    0.000000       -1.991176        1.000000   15.009407    5.484858    0.329683    4.446278
    0.764706    0.736993    0.273031   -0.754757    0.000000       -2.061362        1.000000   15.211262    5.557904    0.329683    4.446278
    0.774510    0.724531    0.307278   -0.816511    0.000000       -2.132065        1.000000   15.409704    5.628006    0.329683    4.446278
    0.784314    0.710591    0.344205   -0.877535    0.000000       -2.202268        1.000000   15.604328    5.694840    0.329683    4.446278
    0.794118    0.695083    0.383760   -0.936957    0.000000       -2.270990        1.000000   15.794704    5.758087    0.329683    4.446278
    0.803922    0.677925    0.425856   -0.994001    0.000000       -2.337345        1.000000   15.980381    5.817444    0.329683    4.446278
    0.813725    0.659047    0.470375   -1.048019    0.000000       -2.400575        1.000000   16.160888    5.872633    0.329683    4.446278
    0.823529    0.638396    0.517173   -1.098513    0.000000       -2.460082        1.000000   16.335738    5.923416    0.329683    4.446278
    0.833333    0.615932    0.566089   -1.145143    0.000000       -2.515432        1.000000   16.504436    5.969607    0.329683    4.446278
    0.843137    0.591633    0.616950   -1.187719    0.000000       -2.566355        1.000000   16.666478    6.011084    0.329683    4.446278
    0.852941    0.565495    0.669577   -1.226186    0.000000       -2.612732        1.000000   16.821362    6.047799    0.329683    4.446278
    0.862745    0.537531    0.723792   -1.260604    0.000000       -2.654570        1.000000   16.968586    6.079783    0.329683    4.446278
    0.872549    0.507774    0.779422   -1.291118    0.000000       -2.691978        1.000000   17.107660    6.107149    0.329683    4.446278
    0.882353    0.476273    0.836301   -1.317940    0.000000       -2.725143        1.000000   17.238107    6.130094    0.329683    4.446278
    0.892157    0.443095    0.894273   -1.341319    0.000000       -2.754303        1.000000   17.359466    6.148891    0.329683    4.446278
    0.901961    0.408323    0.953193   -1.361526    0.000000       -2.779725        1.000000   17.471301    6.163886    0.329683    4.446278
    0.911765    0.372053    1.012931   -1.378838    0.000000       -2.801690        1.000000   17.573203    6.175477    0.329683    4.446278
    0.921569    0.334398    1.073365   -1.393525    0.000000       -2.820478        1.000000   17.664791    6.184109    0.329683    4.446278
    0.931373    0.295480    1.134387   -1.405841    0.000000       -2.836356        1.000000   17.745720    6.190250    0.329683    4.446278
    0.941176    0.255433    1.195898   -1.416017    0.000000       -2.849573        1.000000   17.815681    6.194374    0.329683    4.446278
    0.950980    0.214402    1.257810   -1.424261    0.000000       -2.860353        1.000000   17.874403    6.196943    0.329683    4.446278
    0.960784    0.172539    1.320042   -1.430752    0.000000       -2.868891        1.000000   17.921660    6.198386    0.329683    4.446278
    0.970588    0.130001    1.382522   -1.435639    0.000000       -2.875353        1.000000   17.957266    6.199083    0.329683    4.446278
    0.980392    0.086953    1.445182   -1.439043    0.000000       -2.879870        1.000000   17.981082    6.199344    0.329683    4.446278
    0.990196    0.043562    1.507960   -1.441049    0.000000       -2.882540        1.000000   17.993013    6.199405    0.329683    4.446278
    1.000000    0.000000    1.570796   -1.441712    0.000000       -2.883423        1.000000   17.993013    6.199410    0.329683    4.446278
