           t           r         psi          cs          qs               p             sig           A           V          Q2           S
    0.000000    0.000000   -1.570796   -1.001110    0.000000       -2.002220        1.000000    0.000000    0.000000    0.187588    4.078591
    0.009804    0.039976   -1.530764   -1.001235    0.000000       -2.002387        1.000000    0.000000    0.000002    0.187588    4.078591
    0.019608    0.079887   -1.490722   -1.001614    0.000000       -2.002892        1.000000    0.020071    0.000032    0.187588    4.078591
    0.029412    0.119670   -1.450659   -1.002258    0.000000       -2.003746        1.000000    0.050137    0.000162    0.187588    4.078591
    0.039216    0.159262   -1.410565   -1.003183    0.000000       -2.004972        1.000000    0.090150    0.000510    0.187588    4.078591
    0.049020    0.198597   -1.370428   -1.004416    0.000000       -2.006598        1.000000    0.140046    0.001240    0.187588    4.078591
    0.058824    0.237613   -1.330235   -1.005989    0.000000       -2.008662        1.000000    0.199744    0.002558    0.187588    4.078591
    0.068627    0.276245   -1.289972   -1.007945    0.000000       -2.011213        1.000000    0.269148    0.004708    0.187588    4.078591
    0.078431    0.314431   -1.249621   -1.010335    0.000000       -2.014311        1.000000    0.348146    0.007971    0.187588    4.078591
    0.088235    0.352107   -1.209166   -1.013225    0.000000       -2.018031        1.000000    0.436609    0.012658    0.187588    4.078591
    0.098039    0.389210   -1.168584   -1.016692    0.000000       -2.022461        1.000000    0.534395    0.019108    0.187588    4.078591
    0.107843    0.425677   -1.127850   -1.020833    0.000000       -2.027709        1.000000    0.641342    0.027679    0.187588    4.078591
    0.117647    0.461443   -1.086935   -1.025765    0.000000       -2.033908        1.000000    0.757275    0.038747    0.187588    4.078591
    0.127451    0.496447   -1.045804   -1.031630    0.000000       -2.041215        1.000000    0.882003    0.052695    0.187588    4.078591
    0.137255    0.530624   -1.004418   -1.038600    0.000000       -2.049822        1.000000    1.015317    0.069911    0.187588    4.078591
    0.147059    0.563910   -0.962728   -1.046884    0.000000       -2.059958        1.000000    1.156995    0.090779    0.187588    4.078591
    0.156863    0.596240   -0.920675   -1.056736    0.000000       -2.071902        1.000000    1.306794    0.115675    0.187588    4.078591
    0.166667    0.627547   -0.878193   -1.068464    0.000000       -2.085986        1.000000    1.464460    0.144957    0.187588    4.078591
    0.176471    0.657763   -0.835198   -1.082435    0.000000       -2.102607        1.000000    1.629716    0.178962    0.187588    4.078591
    0.186275    0.686817   -0.791592   -1.099084    0.000000       -2.122230        1.000000    1.802273    0.217995    0.187588    4.078591
    0.196078    0.714636   -0.747259   -1.118919    0.000000       -2.145392        1.000000    1.981818    0.262327    0.187588    4.078591
    0.205882    0.741142   -0.702060   -1.142505    0.000000       -2.172691        1.000000    2.168023    0.312185    0.187588    4.078591
    0.215686    0.766253   -0.655832   -1.170438    0.000000       -2.204745        1.000000    2.360537    0.367744    0.187588    4.078591
    0.225490    0.789880   -0.608392   -1.203261    0.000000       -2.242113        1.000000    2.558987    0.429124    0.187588    4.078591
    0.235294    0.811928   -0.559535   -1.241307    0.000000       -2.285121        1.000000    2.762976    0.496375    0.187588    4.078591
    0.245098    0.832293   -0.509054   -1.284396    0.000000       -2.333553        1.000000    2.972082    0.569469    0.187588    4.078591
    0.254902    0.850864   -0.456767   -1.331319    0.000000       -2.386109        1.000000    3.185854    0.648290    0.187588    4.078591
    0.264706    0.867525   -0.402573   -1.379045    0.000000       -2.439597        1.000000    3.403811    0.732621    0.187588    4.078591
    0.274510    0.882158   -0.346547   -1.421679    0.000000       -2.487873        1.000000    3.625445    0.822125    0.187588    4.078591
    0.284314    0.894655   -0.289073   -1.449543    0.000000       -2.520915        1.000000    3.850219    0.916336    0.187588    4.078591
    0.294118    0.904935   -0.230999   -1.449256    0.000000       -2.524956        1.000000    4.077575    1.014654    0.187588    4.078591
    0.303922    0.912965   -0.173745   -1.406185    0.000000       -2.485026        1.000000    4.306949    1.116355    0.187588    4.078591
    0.313725    0.918789   -0.119257   -1.309864    0.000000       -2.390523        1.000000    4.537786    1.220635    0.187588    4.078591
    0.323529    0.922541   -0.069707   -1.160334    0.000000       -2.241664        1.000000    4.769566    1.326671    0.187588    4.078591
    0.333333    0.924448   -0.027001   -0.970687    0.000000       -2.052019        1.000000    5.001825    1.433708    0.187588    4.078591
    0.343137    0.924807    0.007678   -0.762837    0.000000       -1.844112        1.000000    5.234174    1.541123    0.187588    4.078591
    0.352941    0.923945    0.034064   -0.559245    0.000000       -1.640932        1.000000    5.466306    1.648454    0.187588    4.078591
    0.362745    0.922187    0.052682   -0.376330    0.000000       -1.459205        1.000000    5.697997    1.755398    0.187588    4.078591
    0.372549    0.919824    0.064551   -0.222482    0.000000       -1.307382        1.000000    5.929094    1.861778    0.187588    4.078591
    0.382353    0.917102    0.070888   -0.099548    0.000000       -1.187201        1.000000    6.159507    1.967507    0.187588    4.078591
    0.392157    0.914217    0.072897   -0.005436    0.000000       -1.096363        1.000000    6.389196    2.072558    0.187588    4.078591
    0.401961    0.911320    0.071656    0.063699    0.000000       -1.030794        1.000000    6.618157    2.176943    0.187588    4.078591
    0.411765    0.908522    0.068079    0.112089    0.000000       -0.986050        1.000000    6.846414    2.280693    0.187588    4.078591
    0.421569    0.905901    0.062915    0.143667    0.000000       -0.958022        1.000000    7.074014    2.383856    0.187588    4.078591
    0.431373    0.903507    0.056768    0.161814    0.000000       -0.943201        1.000000    7.301011    2.486486    0.187588    4.078591
    0.441176    0.901370    0.050116    0.169313    0.000000       -0.938716        1.000000    7.527472    2.588640    0.187588    4.078591
    0.450980    0.899503    0.043340    0.168412    0.000000       -0.942270        1.000000    7.753464    2.690374    0.187588    4.078591
    0.460784    0.897903    0.036736    0.160907    0.000000       -0.952047        1.000000    7.979054    2.791747    0.187588    4.078591
    0.470588    0.896560    0.030540    0.148232    0.000000       -0.966622        1.000000    8.204306    2.892813    0.187588    4.078591
    0.480392    0.895453    0.024935    0.131525    0.000000       -0.984880        1.000000    8.429280    2.993621    0.187588    4.078591
    0.490196    0.894556    0.020063    0.111693    0.000000       -1.005955        1.000000    8.654029    3.094219    0.187588    4.078591
    0.500000    0.893838    0.016035    0.089450    0.000000       -1.029177        1.000000    8.878598    3.194644    0.187588    4.078591
    0.509804    0.893262    0.012934    0.065353    0.000000       -1.054046        1.000000    9.103021    3.294930    0.187588    4.078591
    0.519608    0.892790    0.010827    0.039822    0.000000       -1.080197        1.000000    9.327326    3.395103    0.187588    4.078591
    0.529412    0.892382    0.009765    0.013150    0.000000       -1.107393        1.000000    9.551529    3.495180    0.187588    4.078591
    0.539216    0.891995    0.009789   -0.014479    0.000000       -1.135509        1.000000    9.775634    3.595169    0.187588    4.078591
    0.549020    0.891584    0.010935   -0.042992    0.000000       -1.164524        1.000000    9.999637    3.695069    0.187588    4.078591
    0.558824    0.891105    0.013239   -0.072414    0.000000       -1.194518        1.000000   10.223518    3.794869    0.187588    4.078591
    0.568627    0.890510    0.016739   -0.102865    0.000000       -1.225660        1.000000   10.447250    3.894544    0.187588    4.078591
    0.578431    0.889750    0.021482   -0.134546    0.000000       -1.258198        1.000000   10.670792    3.994063    0.187588    4.078591
    0.588235    0.888774    0.027519   -0.167723    0.000000       -1.292442        1.000000   10.894088    4.093376    0.187588    4.078591
    0.598039    0.887531    0.034919   -0.202705    0.000000       -1.328739        1.000000   11.117072    4.192425    0.187588    4.078591
    0.607843    0.885963    0.043758   -0.239807    0.000000       -1.367441        1.000000   11.339662    4.291133    0.187588    4.078591
    0.617647    0.884012    0.054129   -0.279319    0.000000       -1.408868        1.000000   11.561762    4.389410    0.187588    4.078591
    0.627451    0.881615    0.066131   -0.321460    0.000000       -1.453263        1.000000   11.783259    4.487145    0.187588    4.078591
    0.637255    0.878705    0.079873   -0.366336    0.000000       -1.500747        1.000000   12.004026    4.584212    0.187588    4.078591
    0.647059    0.875210    0.095464   -0.413902    0.000000       -1.551283        1.000000   12.223914    4.680462    0.187588    4.078591
    0.656863    0.871056    0.113007   -0.463937    0.000000       -1.604646        1.000000   12.442759    4.775724    0.187588    4.078591
    0.666667    0.866165    0.132594   -0.516034    0.000000       -1.660414        1.000000   12.660374    4.869804    0.187588    4.078591
    0.676471    0.860456    0.154295   -0.569613    0.000000       -1.717980        1.000000   12.876556    4.962484    0.187588    4.078591
    0.686275    0.853847    0.178157   -0.623952    0.000000       -1.776585        1.000000   13.091077    5.053524    0.187588    4.078591
    0.696078    0.846257    0.204194   -0.678245    0.000000       -1.835370        1.000000   13.303691    5.142662    0.187588    4.078591
    0.705882    0.837604    0.232386   -0.731655    0.000000       -1.893444        1.000000   13.514131    5.229616    0.187588    4.078591
    0.715686    0.827814    0.262683   -0.783386    0.000000       -1.949948        1.000000   13.722112    5.314089    0.187588    4.078591
    0.725490    0.816815    0.295004   -0.832738    0.000000       -2.004118        1.000000   13.927329    5.395776    0.187588    4.078591
    0.735294    0.804543    0.329240   -0.879142    0.000000       -2.055324        1.000000   14.129463    5.474370    0.187588    4.078591
    0.745098    0.790941    0.365266   -0.922192    0.000000       -2.103101        1.000000   14.328179    5.549568    0.187588    4.078591
    0.754902    0.775963    0.402942   -0.961640    0.000000       -2.147150        1.000000   14.523133    5.621081    0.187588    4.078591
    0.764706    0.759571    0.442121   -0.997390    0.000000       -2.187333        1.000000   14.713968    5.688645    0.187588    4.078591
    0.774510    0.741739    0.482657   -1.029472    0.000000       -2.223646        1.000000   14.900323    5.752024    0.187588    4.078591
    0.784314    0.722449    0.524404   -1.058019    0.000000       -2.256197        1.000000   15.081831    5.811023    0.187588    4.078591
    0.794118    0.701696    0.567225   -1.083236    0.000000       -2.285174        1.000000   15.258126    5.865492    0.187588    4.078591
    0.803922    0.679483    0.610991   -1.105372    0.000000       -2.310817        1.000000   15.428840    5.915332    0.187588    4.078591
    0.813725    0.655824    0.655586   -1.124704    0.000000       -2.333398        1.000000   15.593609    5.960498    0.187588    4.078591
    0.823529    0.630739    0.700903   -1.141511    0.000000       -2.353201        1.000000   15.752077    6.001004    0.187588    4.078591
    0.833333    0.604260    0.746846   -1.156070    0.000000       -2.370506        1.000000   15.903891    6.036920    0.187588    4.078591
    0.843137    0.576426    0.793330   -1.168642    0.000000       -2.385583        1.000000   16.048713    6.068374    0.187588    4.078591
    0.852941    0.547281    0.840282   -1.179468    0.000000       -2.398683        1.000000   16.186212    6.095547    0.187588    4.078591
    0.862745    0.516878    0.887635   -1.188766    0.000000       -2.410037        1.000000   16.316073    6.118670    0.187588    4.078591
    0.872549    0.485276    0.935332   -1.196733    0.000000       -2.419852        1.000000   16.437994    6.138016    0.187588    4.078591
    0.882353    0.452539    0.983325   -1.203540    0.000000       -2.428314        1.000000   16.551690    6.153896    0.187588    4.078591
    0.892157    0.418736    1.031569   -1.209338    0.000000       -2.435585        1.000000   16.656894    6.166651    0.187588    4.078591
    0.901961    0.383940    1.080027   -1.214259    0.000000       -2.441808        1.000000   16.753355    6.176639    0.187588    4.078591
    0.911765    0.348229    1.128666   -1.218415    0.000000       -2.447107        1.000000   16.840844    6.184230    0.187588    4.078591
    0.921569    0.311685    1.177457   -1.221903    0.000000       -2.451589        1.000000   16.919152    6.189797    0.187588    4.078591
    0.931373    0.274392    1.226376   -1.224804    0.000000       -2.455344        1.000000   16.988091    6.193704    0.187588    4.078591
    0.941176    0.236439    1.275401   -1.227188    0.000000       -2.458450        1.000000   17.047494    6.196296    0.187588    4.078591
    0.950980    0.197914    1.324512   -1.229113    0.000000       -2.460973        1.000000   17.097218    6.197894    0.187588    4.078591
    0.960784    0.158911    1.373691   -1.230625    0.000000       -2.462965        1.000000   17.137142    6.198784    0.187588    4.078591
    0.970588    0.119522    1.422923   -1.231762    0.000000       -2.464471        1.000000   17.167171    6.199210    0.187588    4.078591
    0.980392    0.079843    1.472193   -1.232554    0.000000       -2.465522        1.000000   17.187231    6.199370    0.187588    4.078591
    0.990196    0.039970    1.521488   -1.233020    0.000000       -2.466143        1.000000   17.197273    6.199407    0.187588    4.078591
    1.000000    0.000000    1.570796   -1.233174    0.000000       -2.466348        1.000000   17.197273    6.199410    0.187588    4.078591
