           t           r         psi          cs          qs               p             sig           A           V          Q2           S
    0.000000   -0.000000   -1.570796   -1.007077    0.000000       -2.014154        1.000000    0.000000    0.000000    0.220454    4.182884
    0.009804    0.040997   -1.529495   -1.007256    0.000000       -2.014392        1.000000    0.000000    0.000002    0.220454    4.182884
    0.019608    0.081924   -1.488179   -1.007797    0.000000       -2.015113        1.000000    0.021109    0.000036    0.220454    4.182884
    0.029412    0.122711   -1.446833   -1.008717    0.000000       -2.016334        1.000000    0.052727    0.000180    0.220454    4.182884
    0.039216    0.163289   -1.405441   -1.010040    0.000000       -2.018087        1.000000    0.094801    0.000568    0.220454    4.182884
    0.049020    0.203587   -1.363986   -1.011806    0.000000       -2.020414        1.000000    0.147258    0.001380    0.220454    4.182884
    0.058824    0.243535   -1.322449   -1.014061    0.000000       -2.023371        1.000000    0.210009    0.002844    0.220454    4.182884
    0.068627    0.283064   -1.280808   -1.016868    0.000000       -2.027030        1.000000    0.282945    0.005233    0.220454    4.182884
    0.078431    0.322105   -1.239040   -1.020304    0.000000       -2.031480        1.000000    0.365940    0.008857    0.220454    4.182884
    0.088235    0.360586   -1.197116   -1.024462    0.000000       -2.036827        1.000000    0.458850    0.014060    0.220454    4.182884
    0.098039    0.398439   -1.155004   -1.029460    0.000000       -2.043203        1.000000    0.561514    0.021215    0.220454    4.182884
    0.107843    0.435592   -1.112669   -1.035435    0.000000       -2.050766        1.000000    0.673751    0.030717    0.220454    4.182884
    0.117647    0.471975   -1.070065   -1.042558    0.000000       -2.059704        1.000000    0.795362    0.042977    0.220454    4.182884
    0.127451    0.507516   -1.027142   -1.051034    0.000000       -2.070246        1.000000    0.926131    0.058412    0.220454    4.182884
    0.137255    0.542143   -0.983840   -1.061108    0.000000       -2.082663        1.000000    1.065823    0.077446    0.220454    4.182884
    0.147059    0.575781   -0.940087   -1.073074    0.000000       -2.097278        1.000000    1.214181    0.100492    0.220454    4.182884
    0.156863    0.608355   -0.895799   -1.087282    0.000000       -2.114471        1.000000    1.370933    0.127952    0.220454    4.182884
    0.166667    0.639786   -0.850875   -1.104143    0.000000       -2.134683        1.000000    1.535784    0.160205    0.220454    4.182884
    0.176471    0.669993   -0.805197   -1.124124    0.000000       -2.158418        1.000000    1.708417    0.197601    0.220454    4.182884
    0.186275    0.698889   -0.758628   -1.147747    0.000000       -2.186225        1.000000    1.888496    0.240452    0.220454    4.182884
    0.196078    0.726383   -0.711005   -1.175548    0.000000       -2.218670        1.000000    2.075660    0.289024    0.220454    4.182884
    0.205882    0.752379   -0.662148   -1.208016    0.000000       -2.256255        1.000000    2.269522    0.343523    0.220454    4.182884
    0.215686    0.776772   -0.611859   -1.245453    0.000000       -2.299277        1.000000    2.469669    0.404093    0.220454    4.182884
    0.225490    0.799450   -0.559933   -1.287729    0.000000       -2.347570        1.000000    2.675659    0.470794    0.220454    4.182884
    0.235294    0.820293   -0.506189   -1.333872    0.000000       -2.400075        1.000000    2.887020    0.543597    0.220454    4.182884
    0.245098    0.839173   -0.450512   -1.381449    0.000000       -2.454200        1.000000    3.103246    0.622364    0.220454    4.182884
    0.254902    0.855963   -0.392930   -1.425738    0.000000       -2.504980        1.000000    3.323798    0.706833    0.220454    4.182884
    0.264706    0.870539   -0.333727   -1.458938    0.000000       -2.544275        1.000000    3.548105    0.796602    0.220454    4.182884
    0.274510    0.882800   -0.273574   -1.469969    0.000000       -2.560602        1.000000    3.775572    0.891119    0.220454    4.182884
    0.284314    0.892687   -0.213645   -1.445835    0.000000       -2.540579        1.000000    4.005586    0.989688    0.220454    4.182884
    0.294118    0.900205   -0.155628   -1.375287    0.000000       -2.472719        1.000000    4.237538    1.091497    0.220454    4.182884
    0.303922    0.905446   -0.101546   -1.254017    0.000000       -2.352755        1.000000    4.470840    1.195677    0.220454    4.182884
    0.313725    0.908597   -0.053388   -1.088406    0.000000       -2.187437        1.000000    4.704953    1.301381    0.220454    4.182884
    0.323529    0.909923   -0.012666   -0.894602    0.000000       -1.993508        1.000000    4.939409    1.407863    0.220454    4.182884
    0.333333    0.909747    0.019879   -0.692955    0.000000       -1.791944        1.000000    5.173819    1.514531    0.220454    4.182884
    0.343137    0.908405    0.044311   -0.501510    0.000000       -1.601260        1.000000    5.407883    1.620961    0.220454    4.182884
    0.352941    0.906216    0.061317   -0.332193    0.000000       -1.433609        1.000000    5.641383    1.726879    0.220454    4.182884
    0.362745    0.903466    0.071936   -0.190443    0.000000       -1.294429        1.000000    5.874175    1.832129    0.220454    4.182884
    0.372549    0.900392    0.077323   -0.076850    0.000000       -1.184158        1.000000    6.106174    1.936641    0.220454    4.182884
    0.382353    0.897186    0.078594    0.010799    0.000000       -1.100356        1.000000    6.337348    2.040397    0.220454    4.182884
    0.392157    0.893995    0.076745    0.075929    0.000000       -1.039352        1.000000    6.567699    2.143417    0.220454    4.182884
    0.401961    0.890929    0.072624    0.122201    0.000000       -0.997264        1.000000    6.797261    2.245740    0.220454    4.182884
    0.411765    0.888066    0.066934    0.153016    0.000000       -0.970505        1.000000    7.026084    2.347420    0.220454    4.182884
    0.421569    0.885457    0.060245    0.171327    0.000000       -0.955984        1.000000    7.254235    2.448516    0.220454    4.182884
    0.431373    0.883135    0.053019    0.179604    0.000000       -0.951135        1.000000    7.481788    2.549093    0.220454    4.182884
    0.441176    0.881113    0.045624    0.179878    0.000000       -0.953869        1.000000    7.708820    2.649215    0.220454    4.182884
    0.450980    0.879393    0.038352    0.173807    0.000000       -0.962505        1.000000    7.935409    2.748947    0.220454    4.182884
    0.460784    0.877963    0.031437    0.162740    0.000000       -0.975697        1.000000    8.161630    2.848349    0.220454    4.182884
    0.470588    0.876807    0.025058    0.147776    0.000000       -0.992367        1.000000    8.387552    2.947481    0.220454    4.182884
    0.480392    0.875899    0.019357    0.129815    0.000000       -1.011655        1.000000    8.613241    3.046395    0.220454    4.182884
    0.490196    0.875209    0.014442    0.109588    0.000000       -1.032877        1.000000    8.838752    3.145139    0.220454    4.182884
    0.500000    0.874703    0.010392    0.087690    0.000000       -1.055494        1.000000    9.064132    3.243756    0.220454    4.182884
    0.509804    0.874344    0.007266    0.064593    0.000000       -1.079091        1.000000    9.289420    3.342280    0.220454    4.182884
    0.519608    0.874094    0.005106    0.040663    0.000000       -1.103364        1.000000    9.514643    3.440738    0.220454    4.182884
    0.529412    0.873912    0.003939    0.016164    0.000000       -1.128107        1.000000    9.739820    3.539148    0.220454    4.182884
    0.539216    0.873757    0.003785   -0.008736    0.000000       -1.153211        1.000000    9.964956    3.637522    0.220454    4.182884
    0.549020    0.873587    0.004660   -0.033967    0.000000       -1.178660        1.000000   10.190049    3.735860    0.220454    4.182884
    0.558824    0.873360    0.006576   -0.059549    0.000000       -1.204527        1.000000   10.415084    3.834154    0.220454    4.182884
    0.568627    0.873033    0.009550   -0.085596    0.000000       -1.230975        1.000000   10.640034    3.932384    0.220454    4.182884
    0.578431    0.872562    0.013605   -0.112304    0.000000       -1.258248        1.000000   10.864863    4.030523    0.220454    4.182884
    0.588235    0.871902    0.018774   -0.139948    0.000000       -1.286664        1.000000   11.089522    4.128528    0.220454    4.182884
    0.598039    0.871007    0.025101   -0.168866    0.000000       -1.316601        1.000000   11.313950    4.226349    0.220454    4.182884
    0.607843    0.869827    0.032646   -0.199436    0.000000       -1.348477        1.000000   11.538074    4.323921    0.220454    4.182884
    0.617647    0.868312    0.041486   -0.232053    0.000000       -1.382721        1.000000   11.761808    4.421166    0.220454    4.182884
    0.627451    0.866407    0.051712   -0.267093    0.000000       -1.419742        1.000000   11.985050    4.517991    0.220454    4.182884
    0.637255    0.864053    0.063430   -0.304879    0.000000       -1.459888        1.000000   12.207686    4.614288    0.220454    4.182884
    0.647059    0.861186    0.076758   -0.345639    0.000000       -1.503410        1.000000   12.429584    4.709928    0.220454    4.182884
    0.656863    0.857740    0.091820   -0.389472    0.000000       -1.550416        1.000000   12.650594    4.804768    0.220454    4.182884
    0.666667    0.853641    0.108742   -0.436313    0.000000       -1.600846        1.000000   12.870547    4.898639    0.220454    4.182884
    0.676471    0.848812    0.127643   -0.485916    0.000000       -1.654449        1.000000   13.089256    4.991353    0.220454    4.182884
    0.686275    0.843173    0.148628   -0.537853    0.000000       -1.710774        1.000000   13.306512    5.082697    0.220454    4.182884
    0.696078    0.836639    0.171780   -0.591525    0.000000       -1.769192        1.000000   13.522085    5.172436    0.220454    4.182884
    0.705882    0.829124    0.197157   -0.646199    0.000000       -1.828926        1.000000   13.735721    5.260309    0.220454    4.182884
    0.715686    0.820545    0.224783   -0.701060    0.000000       -1.889104        1.000000   13.947147    5.346039    0.220454    4.182884
    0.725490    0.810816    0.254647   -0.755264    0.000000       -1.948818        1.000000   14.156066    5.429328    0.220454    4.182884
    0.735294    0.799858    0.286707   -0.808002    0.000000       -2.007190        1.000000   14.362161    5.509867    0.220454    4.182884
    0.745098    0.787598    0.320887   -0.858551    0.000000       -2.063425        1.000000   14.565098    5.587341    0.220454    4.182884
    0.754902    0.773969    0.357085   -0.906317    0.000000       -2.116857        1.000000   14.764523    5.661438    0.220454    4.182884
    0.764706    0.758912    0.395177   -0.950854    0.000000       -2.166975        1.000000   14.960068    5.731855    0.220454    4.182884
    0.774510    0.742380    0.435024   -0.991873    0.000000       -2.213431        1.000000   15.151353    5.798312    0.220454    4.182884
    0.784314    0.724337    0.476478   -1.029233    0.000000       -2.256033        1.000000   15.337989    5.860557    0.220454    4.182884
    0.794118    0.704756    0.519388   -1.062924    0.000000       -2.294730        1.000000   15.519580    5.918379    0.220454    4.182884
    0.803922    0.683625    0.563607   -1.093040    0.000000       -2.329586        1.000000   15.695727    5.971611    0.220454    4.182884
    0.813725    0.660941    0.608990   -1.119753    0.000000       -2.360752        1.000000   15.866028    6.020145    0.220454    4.182884
    0.823529    0.636713    0.655403   -1.143290    0.000000       -2.388440        1.000000   16.030086    6.063928    0.220454    4.182884
    0.833333    0.610961    0.702720   -1.163909    0.000000       -2.412903        1.000000   16.187510    6.102974    0.220454    4.182884
    0.843137    0.583717    0.750827   -1.181879    0.000000       -2.434412        1.000000   16.337913    6.137358    0.220454    4.182884
    0.852941    0.555021    0.799622   -1.197471    0.000000       -2.453241        1.000000   16.480923    6.167218    0.220454    4.182884
    0.862745    0.524921    0.849012   -1.210946    0.000000       -2.469660        1.000000   16.616177    6.192755    0.220454    4.182884
    0.872549    0.493477    0.898915   -1.222546    0.000000       -2.483922        1.000000   16.743328    6.214221    0.220454    4.182884
    0.882353    0.460753    0.949259   -1.232494    0.000000       -2.496263        1.000000   16.862048    6.231920    0.220454    4.182884
    0.892157    0.426823    0.999981   -1.240991    0.000000       -2.506898        1.000000   16.972026    6.246193    0.220454    4.182884
    0.901961    0.391766    1.051024   -1.248216    0.000000       -2.516019        1.000000   17.072970    6.257411    0.220454    4.182884
    0.911765    0.355667    1.102341   -1.254326    0.000000       -2.523797        1.000000   17.164613    6.265967    0.220454    4.182884
    0.921569    0.318616    1.153887   -1.259457    0.000000       -2.530380        1.000000   17.246709    6.272261    0.220454    4.182884
    0.931373    0.280707    1.205626   -1.263727    0.000000       -2.535900        1.000000   17.319038    6.276690    0.220454    4.182884
    0.941176    0.242040    1.257525   -1.267236    0.000000       -2.540467        1.000000   17.381403    6.279636    0.220454    4.182884
    0.950980    0.202716    1.309553   -1.270067    0.000000       -2.544176        1.000000   17.433636    6.281455    0.220454    4.182884
    0.960784    0.162841    1.361684   -1.272291    0.000000       -2.547105        1.000000   17.475594    6.282471    0.220454    4.182884
    0.970588    0.122522    1.413895   -1.273963    0.000000       -2.549317        1.000000   17.507164    6.282958    0.220454    4.182884
    0.980392    0.081868    1.466164   -1.275126    0.000000       -2.550861        1.000000   17.528258    6.283140    0.220454    4.182884
    0.990196    0.040990    1.518471   -1.275811    0.000000       -2.551774        1.000000   17.538820    6.283182    0.220454    4.182884
    1.000000    0.000000    1.570796   -1.276038    0.000000       -2.552075        1.000000   17.538820    6.283185    0.220454    4.182884
