           t           r         psi          cs          qs               p             sig           A           V          Q2           S
    0.000000    0.000000   -1.570796   -3.498150    0.000000       -6.996301        1.000000    0.000000    0.000000    0.964639   56.893762
    0.009804    0.186844    0.109589    1.071217    0.000000       -4.248728        1.000000    0.000000    0.049771    0.964639   56.893762
    0.019608    0.188884    0.009256   -0.008138    0.000000       -5.302166        1.000000    0.661972    0.110397    0.964639   56.893762
    0.029412    0.188122    0.000009   -0.008238    0.000000       -5.323940        1.000000    1.321273    0.172334    0.964639   56.893762
    0.039216    0.188046   -0.000063   -0.000630    0.000000       -5.318486        1.000000    1.980307    0.234305    0.964639   56.893762
    0.049020    0.188045   -0.000005    0.000004    0.000000       -5.317884        1.000000    2.639337    0.296269    0.964639   56.893762
    0.058824    0.188045   -0.000000    0.000005    0.000000       -5.317871        1.000000    3.298369    0.358233    0.964639   56.893762
    0.068627    0.188045    0.000000    0.000000    0.000000       -5.317874        1.000000    3.957400    0.420197    0.964639   56.893762
    0.078431    0.188045    0.000000   -0.000000    0.000000       -5.317874        1.000000    4.616432    0.482161    0.964639   56.893762
    0.088235    0.188045    0.000000   -0.000000    0.000000       -5.317874        1.000000    5.275464    0.544124    0.964639   56.893762
    0.098039    0.188045   -0.000000   -0.000000    0.000000       -5.317874        1.000000    5.934495    0.606088    0.964639   56.893762
    0.107843    0.188045   -0.000000    0.000000    0.000000       -5.317874        1.000000    6.593527    0.668052    0.964639   56.893762
    0.117647    0.188045   -0.000000    0.000000    0.000000       -5.317874        1.000000    7.252559    0.730016    0.964639   56.893762
    0.127451    0.188045    0.000000    0.000000    0.000000       -5.317874        1.000000    7.911590    0.791980    0.964639   56.893762
    0.137255    0.188045    0.000000   -0.000000    0.000000       -5.317874        1.000000    8.570622    0.853944    0.964639   56.893762
    0.147059    0.188045   -0.000000   -0.000000    0.000000       -5.317874        1.000000    9.229654    0.915907    0.964639   56.893762
    0.156863    0.188045   -0.000000   -0.000000    0.000000       -5.317874        1.000000    9.888685    0.977871    0.964639   56.893762
    0.166667    0.188045    0.000000   -0.000000    0.000000       -5.317874        1.000000   10.547717    1.039835    0.964639   56.893762
    0.176471    0.188045   -0.000000   -0.000000    0.000000       -5.317874        1.000000   11.206749    1.101799    0.964639   56.893762
    0.186275    0.188045   -0.000000   -0.000000    0.000000       -5.317874        1.000000   11.865780    1.163763    0.964639   56.893762
    0.196078    0.188045   -0.000000    0.000000    0.000000       -5.317874        1.000000   12.524812    1.225727    0.964639   56.893762
    0.205882    0.188045   -0.000000    0.000000    0.000000       -5.317874        1.000000   13.183844    1.287690    0.964639   56.893762
    0.215686    0.188045   -0.000000   -0.000000    0.000000       -5.317874        1.000000   13.842875    1.349654    0.964639   56.893762
    0.225490    0.188045   -0.000000    0.000000    0.000000       -5.317874        1.000000   14.501907    1.411618    0.964639   56.893762
    0.235294    0.188045   -0.000000   -0.000000    0.000000       -5.317874        1.000000   15.160939    1.473582    0.964639   56.893762
    0.245098    0.188045    0.000000    0.000000    0.000000       -5.317874        1.000000   15.819970    1.535546    0.964639   56.893762
    0.254902    0.188045   -0.000000   -0.000000    0.000000       -5.317874        1.000000   16.479002    1.597509    0.964639   56.893762
    0.264706    0.188045   -0.000000   -0.000000    0.000000       -5.317874        1.000000   17.138034    1.659473    0.964639   56.893762
    0.274510    0.188045   -0.000000    0.000000    0.000000       -5.317874        1.000000   17.797065    1.721437    0.964639   56.893762
    0.284314    0.188045   -0.000000   -0.000000    0.000000       -5.317874        1.000000   18.456097    1.783401    0.964639   56.893762
    0.294118    0.188045   -0.000000   -0.000000    0.000000       -5.317874        1.000000   19.115129    1.845365    0.964639   56.893762
    0.303922    0.188045   -0.000000   -0.000000    0.000000       -5.317874        1.000000   19.774161    1.907329    0.964639   56.893762
    0.313725    0.188045   -0.000000   -0.000000    0.000000       -5.317874        1.000000   20.433192    1.969292    0.964639   56.893762
    0.323529    0.188045   -0.000000   -0.000000    0.000000       -5.317874        1.000000   21.092224    2.031256    0.964639   56.893762
    0.333333    0.188045   -0.000000   -0.000000    0.000000       -5.317874        1.000000   21.751256    2.093220    0.964639   56.893762
    0.343137    0.188045   -0.000000   -0.000000    0.000000       -5.317874        1.000000   22.410287    2.155184    0.964639   56.893762
    0.352941    0.188045   -0.000000   -0.000000    0.000000       -5.317874        1.000000   23.069319    2.217148    0.964639   56.893762
    0.362745    0.188045    0.000000    0.000000    0.000000       -5.317874        1.000000   23.728351    2.279112    0.964639   56.893762
    0.372549    0.188045   -0.000000    0.000000    0.000000       -5.317874        1.000000   24.387382    2.341075    0.964639   56.893762
    0.382353    0.188045   -0.000000   -0.000000    0.000000       -5.317874        1.000000   25.046414    2.403039    0.964639   56.893762
    0.392157    0.188045   -0.000000    0.000000    0.000000       -5.317874        1.000000   25.705446    2.465003    0.964639   56.893762
    0.401961    0.188045   -0.000000   -0.000000    0.000000       -5.317874        1.000000   26.364477    2.526967    0.964639   56.893762
    0.411765    0.188045   -0.000000   -0.000000    0.000000       -5.317874        1.000000   27.023509    2.588931    0.964639   56.893762
    0.421569    0.188045   -0.000000   -0.000000    0.000000       -5.317874        1.000000   27.682541    2.650895    0.964639   56.893762
    0.431373    0.188045   -0.000000   -0.000000    0.000000       -5.317874        1.000000   28.341572    2.712858    0.964639   56.893762
    0.441176    0.188045    0.000000    0.000000    0.000000       -5.317874        1.000000   29.000604    2.774822    0.964639   56.893762
    0.450980    0.188045   -0.000000   -0.000000    0.000000       -5.317874        1.000000   29.659636    2.836786    0.964639   56.893762
    0.460784    0.188045   -0.000000   -0.000000    0.000000       -5.317874        1.000000   30.318667    2.898750    0.964639   56.893762
    0.470588    0.188045   -0.000000   -0.000000    0.000000       -5.317874        1.000000   30.977699    2.960714    0.964639   56.893762
    0.480392    0.188045   -0.000000   -0.000000    0.000000       -5.317874        1.000000   31.636731    3.022678    0.964639   56.893762
    0.490196    0.188045   -0.000000   -0.000000    0.000000       -5.317874        1.000000   32.295762    3.084641    0.964639   56.893762
    0.500000    0.188045   -0.000000   -0.000000    0.000000       -5.317874        1.000000   32.954794    3.146605    0.964639   56.893762
    0.509804    0.188045    0.000000   -0.000000    0.000000       -5.317874        1.000000   33.613826    3.208569    0.964639   56.893762
    0.519608    0.188045    0.000000    0.000000    0.000000       -5.317874        1.000000   34.272857    3.270533    0.964639   56.893762
    0.529412    0.188045    0.000000    0.000000    0.000000       -5.317874        1.000000   34.931889    3.332497    0.964639   56.893762
    0.539216    0.188045   -0.000000    0.000000    0.000000       -5.317874        1.000000   35.590921    3.394460    0.964639   56.893762
    0.549020    0.188045   -0.000000   -0.000000    0.000000       -5.317874        1.000000   36.249953    3.456424    0.964639   56.893762
    0.558824    0.188045   -0.000000    0.000000    0.000000       -5.317874        1.000000   36.908984    3.518388    0.964639   56.893762
    0.568627    0.188045    0.000000    0.000000    0.000000       -5.317874        1.000000   37.568016    3.580352    0.964639   56.893762
    0.578431    0.188045   -0.000000    0.000000    0.000000       -5.317874        1.000000   38.227048    3.642316    0.964639   56.893762
    0.588235    0.188045    0.000000    0.000000    0.000000       -5.317874        1.000000   38.886079    3.704280    0.964639   56.893762
    0.598039    0.188045    0.000000    0.000000    0.000000       -5.317874        1.000000   39.545111    3.766243    0.964639   56.893762
    0.607843    0.188045    0.000000    0.000000    0.000000       -5.317874        1.000000   40.204143    3.828207    0.964639   56.893762
    0.617647    0.188045    0.000000   -0.000000    0.000000       -5.317874        1.000000   40.863174    3.890171    0.964639   56.893762
    0.627451    0.188045    0.000000    0.000000    0.000000       -5.317874        1.000000   41.522206    3.952135    0.964639   56.893762
    0.637255    0.188045    0.000000    0.000000    0.000000       -5.317874        1.000000   42.181238    4.014099    0.964639   56.893762
    0.647059    0.188045    0.000000   -0.000000    0.000000       -5.317874        1.000000   42.840269    4.076063    0.964639   56.893762
    0.656863    0.188045    0.000000   -0.000000    0.000000       -5.317874        1.000000   43.499301    4.138026    0.964639   56.893762
    0.666667    0.188045   -0.000000    0.000000    0.000000       -5.317874        1.000000   44.158333    4.199990    0.964639   56.893762
    0.676471    0.188045   -0.000000   -0.000000    0.000000       -5.317874        1.000000   44.817364    4.261954    0.964639   56.893762
    0.686275    0.188045   -0.000000   -0.000000    0.000000       -5.317874        1.000000   45.476396    4.323918    0.964639   56.893762
    0.696078    0.188045   -0.000000   -0.000000    0.000000       -5.317874        1.000000   46.135428    4.385882    0.964639   56.893762
    0.705882    0.188045    0.000000    0.000000    0.000000       -5.317874        1.000000   46.794459    4.447846    0.964639   56.893762
    0.715686    0.188045    0.000000    0.000000    0.000000       -5.317874        1.000000   47.453491    4.509809    0.964639   56.893762
    0.725490    0.188045   -0.000000   -0.000000    0.000000       -5.317874        1.000000   48.112523    4.571773    0.964639   56.893762
    0.735294    0.188045    0.000000    0.000000    0.000000       -5.317874        1.000000   48.771554    4.633737    0.964639   56.893762
    0.745098    0.188045    0.000000   -0.000000    0.000000       -5.317874        1.000000   49.430586    4.695701    0.964639   56.893762
    0.754902    0.188045   -0.000000    0.000000    0.000000       -5.317874        1.000000   50.089618    4.757665    0.964639   56.893762
    0.764706    0.188045   -0.000000    0.000000    0.000000       -5.317874        1.000000   50.748649    4.819629    0.964639   56.893762
    0.774510    0.188045   -0.000000   -0.000000    0.000000       -5.317874        1.000000   51.407681    4.881592    0.964639   56.893762
    0.784314    0.188045   -0.000000    0.000000    0.000000       -5.317874        1.000000   52.066713    4.943556    0.964639   56.893762
    0.794118    0.188045    0.000000    0.000000    0.000000       -5.317874        1.000000   52.725745    5.005520    0.964639   56.893762
    0.803922    0.188045    0.000000   -0.000000    0.000000       -5.317874        1.000000   53.384776    5.067484    0.964639   56.893762
    0.813725    0.188045    0.000000    0.000000    0.000000       -5.317874        1.000000   54.043808    5.129448    0.964639   56.893762
    0.823529    0.188045   -0.000000    0.000000    0.000000       -5.317874        1.000000   54.702840    5.191411    0.964639   56.893762
    0.833333    0.188045   -0.000000   -0.000000    0.000000       -5.317874        1.000000   55.361871    5.253375    0.964639   56.893762
    0.843137    0.188045   -0.000000    0.000000    0.000000       -5.317874        1.000000   56.020903    5.315339    0.964639   56.893762
    0.852941    0.188045    0.000000    0.000000    0.000000       -5.317874        1.000000   56.679935    5.377303    0.964639   56.893762
    0.862745    0.188045    0.000000    0.000000    0.000000       -5.317874        1.000000   57.338966    5.439267    0.964639   56.893762
    0.872549    0.188045   -0.000000   -0.000000    0.000000       -5.317874        1.000000   57.997998    5.501231    0.964639   56.893762
    0.882353    0.188045    0.000000   -0.000000    0.000000       -5.317874        1.000000   58.657030    5.563194    0.964639   56.893762
    0.892157    0.188045    0.000000    0.000000    0.000000       -5.317874        1.000000   59.316061    5.625158    0.964639   56.893762
    0.901961    0.188045    0.000000    0.000000    0.000000       -5.317874        1.000000   59.975093    5.687122    0.964639   56.893762
    0.911765    0.188045    0.000000   -0.000000    0.000000       -5.317874        1.000000   60.634125    5.749086    0.964639   56.893762
    0.921569    0.188045    0.000000    0.000000    0.000000       -5.317874        1.000000   61.293156    5.811050    0.964639   56.893762
    0.931373    0.188045    0.000000   -0.000000    0.000000       -5.317874        1.000000   61.952188    5.873014    0.964639   56.893762
    0.941176    0.188045    0.000000   -0.000000    0.000000       -5.317874        1.000000   62.611220    5.934977    0.964639   56.893762
    0.950980    0.188045    0.000000   -0.000000    0.000000       -5.317874        1.000000   63.270251    5.996941    0.964639   56.893762
    0.960784    0.188045    0.000000   -0.000000    0.000000       -5.317874        1.000000   63.929283    6.058905    0.964639   56.893762
    0.970588    0.188045    0.000001   -0.000007    0.000000       -5.317883        1.000000   64.588314    6.120869    0.964639   56.893762
    0.980392    0.188033    0.000111   -0.000994    0.000000       -5.319220        1.000000   65.247303    6.182831    0.964639   56.893762
    0.990196    0.186225    0.016259   -0.145072    0.000000       -5.514216        1.000000   65.899955    6.244556    0.964639   56.893762
    1.000000    0.000000    1.570796   -8.070159    0.000000      -16.140318        1.000000   65.899955    6.283185    0.964639   56.893762
