           t           r         psi          cs          qs               p             sig           A           V          Q2           S
    0.000000    0.000000   -1.570796   -1.155061    0.000000       -2.310121        1.000000    0.000000    0.000000    0.552132    9.149106
    0.009804    0.089536   -1.466947   -1.163245    0.000000       -2.321021        1.000000    0.000000    0.000059    0.552132    9.149106
    0.019608    0.178099   -1.361605   -1.188582    0.000000       -2.354613        1.000000    0.100373    0.000932    0.552132    9.149106
    0.029412    0.264667   -1.253146   -1.233223    0.000000       -2.413330        1.000000    0.249535    0.004669    0.552132    9.149106
    0.039216    0.348123   -1.139705   -1.300166    0.000000       -2.500495        1.000000    0.445732    0.014531    0.552132    9.149106
    0.049020    0.427189   -1.019155   -1.392064    0.000000       -2.618888        1.000000    0.686489    0.034740    0.552132    9.149106
    0.058824    0.500362   -0.889239   -1.508354    0.000000       -2.767447        1.000000    0.968485    0.070047    0.552132    9.149106
    0.068627    0.565869   -0.748111   -1.639186    0.000000       -2.934496        1.000000    1.287399    0.125046    0.552132    9.149106
    0.078431    0.621706   -0.595580   -1.755639    0.000000       -3.087173        1.000000    1.637782    0.203118    0.552132    9.149106
    0.088235    0.665897   -0.435222   -1.802529    0.000000       -3.164266        1.000000    2.013071    0.305088    0.552132    9.149106
    0.098039    0.697051   -0.276329   -1.713144    0.000000       -3.093334        1.000000    2.405918    0.428137    0.552132    9.149106
    0.107843    0.715095   -0.132933   -1.458140    0.000000       -2.844219        1.000000    2.808934    0.566061    0.552132    9.149106
    0.117647    0.721618   -0.018337   -1.084746    0.000000       -2.470288        1.000000    3.215626    0.711359    0.552132    9.149106
    0.127451    0.719440    0.060941   -0.686387    0.000000       -2.073776        1.000000    3.621091    0.857814    0.552132    9.149106
    0.137255    0.711714    0.106366   -0.338906    0.000000       -1.736024        1.000000    4.022201    1.001695    0.552132    9.149106
    0.147059    0.701218    0.124261   -0.074703    0.000000       -1.489798        1.000000    4.417395    1.141423    0.552132    9.149106
    0.156863    0.690068    0.122297    0.105282    0.000000       -1.333026        1.000000    4.806307    1.276726    0.552132    9.149106
    0.166667    0.679712    0.107521    0.213513    0.000000       -1.249202        1.000000    5.189381    1.407982    0.552132    9.149106
    0.176471    0.671026    0.085679    0.265360    0.000000       -1.219428        1.000000    5.567561    1.535847    0.552132    9.149106
    0.186275    0.664440    0.061173    0.275145    0.000000       -1.227067        1.000000    5.942028    1.661078    0.552132    9.149106
    0.196078    0.660043    0.037205    0.255249    0.000000       -1.258754        1.000000    6.314018    1.784444    0.552132    9.149106
    0.205882    0.657686    0.015954    0.216177    0.000000       -1.304113        1.000000    6.684679    1.906667    0.552132    9.149106
    0.215686    0.657060   -0.001268    0.166743    0.000000       -1.355186        1.000000    7.054987    2.028388    0.552132    9.149106
    0.225490    0.657774   -0.013866    0.114177    0.000000       -1.405955        1.000000    7.425698    2.150138    0.552132    9.149106
    0.235294    0.659409   -0.021827    0.064136    0.000000       -1.452013        1.000000    7.797330    2.272321    0.552132    9.149106
    0.245098    0.661563   -0.025571    0.020707    0.000000       -1.490370        1.000000    8.170176    2.395204    0.552132    9.149106
    0.254902    0.663891   -0.025817   -0.013576    0.000000       -1.519346        1.000000    8.544334    2.518927    0.552132    9.149106
    0.264706    0.666116   -0.023443   -0.037625    0.000000       -1.538453        1.000000    8.919746    2.643512    0.552132    9.149106
    0.274510    0.668045   -0.019369   -0.051613    0.000000       -1.548237        1.000000    9.296245    2.768891    0.552132    9.149106
    0.284314    0.669565   -0.014451   -0.056695    0.000000       -1.550046        1.000000    9.673601    2.894932    0.552132    9.149106
    0.294118    0.670634   -0.009411   -0.054670    0.000000       -1.545730        1.000000   10.051560    3.021472    0.552132    9.149106
    0.303922    0.671266   -0.004793   -0.047629    0.000000       -1.537333        1.000000   10.429874    3.148337    0.552132    9.149106
    0.313725    0.671517   -0.000954   -0.037650    0.000000       -1.526814        1.000000   10.808331    3.275370    0.552132    9.149106
    0.323529    0.671466    0.001928   -0.026566    0.000000       -1.515841        1.000000   11.186758    3.402438    0.552132    9.149106
    0.333333    0.671201    0.003822   -0.015822    0.000000       -1.505678        1.000000   11.565036    3.529443    0.552132    9.149106
    0.343137    0.670808    0.004807   -0.006428    0.000000       -1.497150        1.000000   11.943092    3.656321    0.552132    9.149106
    0.352941    0.670362    0.005034    0.001032    0.000000       -1.490681        1.000000   12.320897    3.783037    0.552132    9.149106
    0.362745    0.669922    0.004687    0.006334    0.000000       -1.486360        1.000000   12.698454    3.909584    0.552132    9.149106
    0.372549    0.669532    0.003960    0.009539    0.000000       -1.484030        1.000000   13.075791    4.035974    0.552132    9.149106
    0.382353    0.669218    0.003031    0.010900    0.000000       -1.483375        1.000000   13.452951    4.162231    0.552132    9.149106
    0.392157    0.668990    0.002049    0.010789    0.000000       -1.483999        1.000000   13.829983    4.288386    0.552132    9.149106
    0.401961    0.668848    0.001127    0.009619    0.000000       -1.485488        1.000000   14.206935    4.414472    0.552132    9.149106
    0.411765    0.668784    0.000343    0.007797    0.000000       -1.487455        1.000000   14.583850    4.540519    0.552132    9.149106
    0.421569    0.668781   -0.000263    0.005685    0.000000       -1.489572        1.000000   14.960765    4.666555    0.552132    9.149106
    0.431373    0.668825   -0.000677    0.003574    0.000000       -1.491585        1.000000   15.337703    4.792598    0.552132    9.149106
    0.441176    0.668897   -0.000911    0.001676    0.000000       -1.493321        1.000000   15.714683    4.918664    0.552132    9.149106
    0.450980    0.668984   -0.000988    0.000125    0.000000       -1.494679        1.000000   16.091711    5.044761    0.552132    9.149106
    0.460784    0.669071   -0.000945   -0.001017    0.000000       -1.495626        1.000000   16.468789    5.170890    0.552132    9.149106
    0.470588    0.669151   -0.000818   -0.001746    0.000000       -1.496177        1.000000   16.845911    5.297051    0.552132    9.149106
    0.480392    0.669217   -0.000643   -0.002100    0.000000       -1.496385        1.000000   17.223071    5.423240    0.552132    9.149106
    0.490196    0.669266   -0.000451   -0.002146    0.000000       -1.496321        1.000000   17.600258    5.549450    0.552132    9.149106
    0.500000    0.669298   -0.000265   -0.001963    0.000000       -1.496067        1.000000   17.977463    5.675676    0.552132    9.149106
    0.509804    0.669314   -0.000103   -0.001632    0.000000       -1.495700        1.000000   18.354677    5.801911    0.552132    9.149106
    0.519608    0.669317    0.000025   -0.001227    0.000000       -1.495287        1.000000   18.731893    5.928149    0.552132    9.149106
    0.529412    0.669310    0.000117   -0.000810    0.000000       -1.494885        1.000000   19.109106    6.054387    0.552132    9.149106
    0.539216    0.669297    0.000172   -0.000426    0.000000       -1.494530        1.000000   19.486311    6.180621    0.552132    9.149106
    0.549020    0.669281    0.000195   -0.000106    0.000000       -1.494247        1.000000   19.863506    6.306849    0.552132    9.149106
    0.558824    0.669263    0.000193    0.000135    0.000000       -1.494046        1.000000   20.240692    6.433070    0.552132    9.149106
    0.568627    0.669246    0.000173    0.000292    0.000000       -1.493926        1.000000   20.617868    6.559285    0.552132    9.149106
    0.578431    0.669232    0.000143    0.000372    0.000000       -1.493878        1.000000   20.995036    6.685494    0.552132    9.149106
    0.588235    0.669221    0.000109    0.000384    0.000000       -1.493891        1.000000   21.372198    6.811699    0.552132    9.149106
    0.598039    0.669213    0.000076    0.000343    0.000000       -1.493950        1.000000   21.749356    6.937899    0.552132    9.149106
    0.607843    0.669207    0.000048    0.000265    0.000000       -1.494041        1.000000   22.126510    7.064097    0.552132    9.149106
    0.617647    0.669204    0.000029    0.000161    0.000000       -1.494153        1.000000   22.503662    7.190294    0.552132    9.149106
    0.627451    0.669202    0.000020    0.000041    0.000000       -1.494277        1.000000   22.880813    7.316489    0.552132    9.149106
    0.637255    0.669200    0.000022   -0.000088    0.000000       -1.494410        1.000000   23.257963    7.442684    0.552132    9.149106
    0.647059    0.669197    0.000036   -0.000225    0.000000       -1.494553        1.000000   23.635112    7.568878    0.552132    9.149106
    0.656863    0.669193    0.000063   -0.000374    0.000000       -1.494711        1.000000   24.012258    7.695071    0.552132    9.149106
    0.666667    0.669186    0.000104   -0.000543    0.000000       -1.494897        1.000000   24.389400    7.821261    0.552132    9.149106
    0.676471    0.669174    0.000161   -0.000747    0.000000       -1.495126        1.000000   24.766536    7.947448    0.552132    9.149106
    0.686275    0.669156    0.000239   -0.001006    0.000000       -1.495425        1.000000   25.143661    8.073630    0.552132    9.149106
    0.696078    0.669130    0.000344   -0.001348    0.000000       -1.495825        1.000000   25.520772    8.199803    0.552132    9.149106
    0.705882    0.669093    0.000485   -0.001813    0.000000       -1.496372        1.000000   25.897862    8.325965    0.552132    9.149106
    0.715686    0.669042    0.000674   -0.002450    0.000000       -1.497125        1.000000   26.274923    8.452110    0.552132    9.149106
    0.725490    0.668970    0.000932   -0.003330    0.000000       -1.498164        1.000000   26.651944    8.578232    0.552132    9.149106
    0.735294    0.668872    0.001282   -0.004545    0.000000       -1.499599        1.000000   27.028909    8.704322    0.552132    9.149106
    0.745098    0.668737    0.001761   -0.006221    0.000000       -1.501576        1.000000   27.405798    8.830368    0.552132    9.149106
    0.754902    0.668551    0.002417   -0.008528    0.000000       -1.504296        1.000000   27.782582    8.956355    0.552132    9.149106
    0.764706    0.668296    0.003316   -0.011699    0.000000       -1.508034        1.000000   28.159223    9.082258    0.552132    9.149106
    0.774510    0.667946    0.004551   -0.016051    0.000000       -1.513163        1.000000   28.535666    9.208048    0.552132    9.149106
    0.784314    0.667466    0.006244   -0.022012    0.000000       -1.520187        1.000000   28.911839    9.333683    0.552132    9.149106
    0.794118    0.666807    0.008565   -0.030161    0.000000       -1.529790        1.000000   29.287640    9.459103    0.552132    9.149106
    0.803922    0.665904    0.011743   -0.041276    0.000000       -1.542891        1.000000   29.662933    9.584230    0.552132    9.149106
    0.813725    0.664666    0.016089   -0.056391    0.000000       -1.560711        1.000000   30.037527    9.708952    0.552132    9.149106
    0.823529    0.662971    0.022019   -0.076861    0.000000       -1.584858        1.000000   30.411167    9.833119    0.552132    9.149106
    0.833333    0.660652    0.030089   -0.104438    0.000000       -1.617408        1.000000   30.783499    9.956524    0.552132    9.149106
    0.843137    0.657488    0.041032   -0.141318    0.000000       -1.660978        1.000000   31.154049   10.078880    0.552132    9.149106
    0.852941    0.653180    0.055798   -0.190162    0.000000       -1.718752        1.000000   31.522170   10.199800    0.552132    9.149106
    0.862745    0.647334    0.075595   -0.254019    0.000000       -1.794405        1.000000   31.886997   10.318750    0.552132    9.149106
    0.872549    0.639438    0.101912   -0.336084    0.000000       -1.891842        1.000000   32.247374   10.435013    0.552132    9.149106
    0.882353    0.628840    0.136518   -0.439231    0.000000       -2.014666        1.000000   32.601778   10.547627    0.552132    9.149106
    0.892157    0.614726    0.181394   -0.565249    0.000000       -2.165300        1.000000   32.948228   10.655327    0.552132    9.149106
    0.901961    0.596129    0.238599   -0.713866    0.000000       -2.343833        1.000000   33.284196   10.756511    0.552132    9.149106
    0.911765    0.571944    0.310038   -0.881797    0.000000       -2.546858        1.000000   33.606534   10.849237    0.552132    9.149106
    0.921569    0.541007    0.397167   -1.062294    0.000000       -2.766820        1.000000   33.911437   10.931340    0.552132    9.149106
    0.931373    0.502207    0.500695   -1.245668    0.000000       -2.992457        1.000000   34.194472   11.000685    0.552132    9.149106
    0.941176    0.454648    0.620388   -1.420893    0.000000       -3.210526        1.000000   34.450704   11.055613    0.552132    9.149106
    0.950980    0.397835    0.755045   -1.577819    0.000000       -3.408330        1.000000   34.674918   11.095481    0.552132    9.149106
    0.960784    0.331833    0.902667   -1.709037    0.000000       -3.575994        1.000000   34.861933   11.121126    0.552132    9.149106
    0.970588    0.257370    1.060748   -1.810640    0.000000       -3.707594        1.000000   35.006983   11.134984    0.552132    9.149106
    0.980392    0.175845    1.226573   -1.881784    0.000000       -3.800888        1.000000   35.106087   11.140677    0.552132    9.149106
    0.990196    0.089248    1.397448   -1.923473    0.000000       -3.856090        1.000000   35.156385   11.142085    0.552132    9.149106
    1.000000    0.000000    1.570796   -1.937149    0.000000       -3.874297        1.000000   35.156385   11.142182    0.552132    9.149106
