           t           r         psi          cs          qs               p             sig           A           V          Q2           S
    0.000000    0.000000   -1.570796   -1.023911    0.000000       -2.047821        1.000000    0.000000    0.000000    0.301723    6.479028
    0.009804    0.063475   -1.505740   -1.024755    0.000000       -2.048946        1.000000    0.000000    0.000013    0.301723    6.479028
    0.019608    0.126681   -1.440575   -1.027344    0.000000       -2.052386        1.000000    0.050559    0.000208    0.301723    6.479028
    0.029412    0.189349   -1.375186   -1.031845    0.000000       -2.058336        1.000000    0.126130    0.001049    0.301723    6.479028
    0.039216    0.251208   -1.309443   -1.038541    0.000000       -2.067124        1.000000    0.226389    0.003286    0.301723    6.479028
    0.049020    0.311983   -1.243195   -1.047842    0.000000       -2.079222        1.000000    0.350904    0.007935    0.301723    6.479028
    0.058824    0.371398   -1.176259   -1.060309    0.000000       -2.095269        1.000000    0.499131    0.016231    0.301723    6.479028
    0.068627    0.429167   -1.108411   -1.076681    0.000000       -2.116100        1.000000    0.670415    0.029591    0.301723    6.479028
    0.078431    0.484997   -1.039375   -1.097911    0.000000       -2.142782        1.000000    0.863980    0.049549    0.301723    6.479028
    0.088235    0.538581   -0.968805   -1.125189    0.000000       -2.176628        1.000000    1.078932    0.077699    0.301723    6.479028
    0.098039    0.589592   -0.896273   -1.159936    0.000000       -2.219186        1.000000    1.314242    0.115625    0.301723    6.479028
    0.107843    0.637677   -0.821256   -1.203692    0.000000       -2.272105        1.000000    1.568744    0.164818    0.301723    6.479028
    0.117647    0.682450   -0.743137   -1.257778    0.000000       -2.336758        1.000000    1.841114    0.226591    0.301723    6.479028
    0.127451    0.723482   -0.661242   -1.322472    0.000000       -2.413350        1.000000    2.129861    0.301974    0.301723    6.479028
    0.137255    0.760299   -0.574954   -1.395276    0.000000       -2.499074        1.000000    2.433302    0.391589    0.301723    6.479028
    0.147059    0.792392   -0.483983   -1.467868    0.000000       -2.584928        1.000000    2.749551    0.495499    0.301723    6.479028
    0.156863    0.819248   -0.388856   -1.522154    0.000000       -2.651658        1.000000    3.076519    0.613045    0.301723    6.479028
    0.166667    0.840439   -0.291619   -1.528555    0.000000       -2.668173        1.000000    3.411944    0.742713    0.301723    6.479028
    0.176471    0.855755   -0.196404   -1.453493    0.000000       -2.599585        1.000000    3.753482    0.882129    0.301723    6.479028
    0.186275    0.865359   -0.109085   -1.279711    0.000000       -2.428433        1.000000    4.098853    1.028324    0.301723    6.479028
    0.196078    0.869862   -0.035561   -1.025280    0.000000       -2.174160        1.000000    4.446022    1.178261    0.301723    6.479028
    0.205882    0.870245    0.020461   -0.737571    0.000000       -1.886432        1.000000    4.793342    1.329402    0.301723    6.479028
    0.215686    0.867646    0.058488   -0.465580    0.000000       -1.616153        1.000000    5.139626    1.480013    0.301723    6.479028
    0.225490    0.863157    0.080586   -0.239018    0.000000       -1.393796        1.000000    5.484119    1.629127    0.301723    6.479028
    0.235294    0.857688    0.090010   -0.066701    0.000000       -1.227906        1.000000    5.826428    1.776330    0.301723    6.479028
    0.245098    0.851934    0.090130    0.055192    0.000000       -1.113844        1.000000    6.166441    1.921545    0.301723    6.479028
    0.254902    0.846387    0.083884    0.135303    0.000000       -1.042035        1.000000    6.504240    2.064877    0.301723    6.479028
    0.264706    0.841374    0.073632    0.182766    0.000000       -1.002546        1.000000    6.840038    2.206524    0.301723    6.479028
    0.274510    0.837088    0.061187    0.205526    0.000000       -0.986856        1.000000    7.174126    2.346728    0.301723    6.479028
    0.284314    0.833623    0.047908    0.210006    0.000000       -0.988201        1.000000    7.506831    2.485749    0.301723    6.479028
    0.294118    0.831000    0.034787    0.201268    0.000000       -1.001373        1.000000    7.838489    2.623847    0.301723    6.479028
    0.303922    0.829186    0.022533    0.183306    0.000000       -1.022389        1.000000    8.169423    2.761271    0.301723    6.479028
    0.313725    0.828109    0.011627    0.159303    0.000000       -1.048185        1.000000    8.499928    2.898257    0.301723    6.479028
    0.323529    0.827674    0.002369    0.131832    0.000000       -1.076369        1.000000    8.830258    3.035012    0.301723    6.479028
    0.333333    0.827770   -0.005092    0.102992    0.000000       -1.105057        1.000000    9.160628    3.171717    0.301723    6.479028
    0.343137    0.828282   -0.010723    0.074493    0.000000       -1.132756        1.000000    9.491201    3.308522    0.301723    6.479028
    0.352941    0.829095   -0.014592    0.047703    0.000000       -1.158303        1.000000    9.822099    3.445543    0.301723    6.479028
    0.362745    0.830102   -0.016842    0.023675    0.000000       -1.180826        1.000000   10.153398    3.582861    0.301723    6.479028
    0.372549    0.831205   -0.017674    0.003156    0.000000       -1.199729        1.000000   10.485138    3.720528    0.301723    6.479028
    0.382353    0.832322   -0.017327   -0.013400    0.000000       -1.214678        1.000000   10.817324    3.858564    0.301723    6.479028
    0.392157    0.833386   -0.016059   -0.025824    0.000000       -1.225593        1.000000   11.149934    3.996967    0.301723    6.479028
    0.401961    0.834348   -0.014132   -0.034203    0.000000       -1.232624        1.000000   11.482928    4.135710    0.301723    6.479028
    0.411765    0.835173   -0.011794   -0.038841    0.000000       -1.236115        1.000000   11.816252    4.274757    0.301723    6.479028
    0.421569    0.835842   -0.009267   -0.040215    0.000000       -1.236561        1.000000   12.149842    4.414056    0.301723    6.479028
    0.431373    0.836350   -0.006741   -0.038911    0.000000       -1.234555        1.000000   12.483636    4.553556    0.301723    6.479028
    0.441176    0.836702   -0.004367   -0.035571    0.000000       -1.230729        1.000000   12.817570    4.693200    0.301723    6.479028
    0.450980    0.836910   -0.002252   -0.030836    0.000000       -1.225704        1.000000   13.151586    4.832940    0.301723    6.479028
    0.460784    0.836995   -0.000466   -0.025302    0.000000       -1.220053        1.000000   13.485637    4.972728    0.301723    6.479028
    0.470588    0.836977    0.000957   -0.019490    0.000000       -1.214265        1.000000   13.819681    5.112527    0.301723    6.479028
    0.480392    0.836881    0.002013   -0.013821    0.000000       -1.208732        1.000000   14.153686    5.252306    0.301723    6.479028
    0.490196    0.836729    0.002722   -0.008618    0.000000       -1.203744        1.000000   14.487631    5.392043    0.301723    6.479028
    0.500000    0.836542    0.003122   -0.004102    0.000000       -1.199494        1.000000   14.821501    5.531722    0.301723    6.479028
    0.509804    0.836338    0.003261   -0.000403    0.000000       -1.196086        1.000000   15.155289    5.671336    0.301723    6.479028
    0.519608    0.836132    0.003192    0.002425    0.000000       -1.193553        1.000000   15.488995    5.810880    0.301723    6.479028
    0.529412    0.835936    0.002971    0.004388    0.000000       -1.191871        1.000000   15.822623    5.950358    0.301723    6.479028
    0.539216    0.835757    0.002652    0.005539    0.000000       -1.190978        1.000000   16.156180    6.089773    0.301723    6.479028
    0.549020    0.835600    0.002283    0.005958    0.000000       -1.190784        1.000000   16.489674    6.229131    0.301723    6.479028
    0.558824    0.835467    0.001908    0.005743    0.000000       -1.191190        1.000000   16.823114    6.368442    0.301723    6.479028
    0.568627    0.835357    0.001565    0.004995    0.000000       -1.192097        1.000000   17.156511    6.507712    0.301723    6.479028
    0.578431    0.835267    0.001283    0.003810    0.000000       -1.193412        1.000000   17.489872    6.646949    0.301723    6.479028
    0.588235    0.835192    0.001088    0.002267    0.000000       -1.195062        1.000000   17.823203    6.786159    0.301723    6.479028
    0.598039    0.835126    0.001001    0.000426    0.000000       -1.196997        1.000000   18.156508    6.925345    0.301723    6.479028
    0.607843    0.835062    0.001040   -0.001678    0.000000       -1.199193        1.000000   18.489787    7.064510    0.301723    6.479028
    0.617647    0.834991    0.001220   -0.004043    0.000000       -1.201660        1.000000   18.823038    7.203653    0.301723    6.479028
    0.627451    0.834904    0.001559   -0.006703    0.000000       -1.204444        1.000000   19.156254    7.342770    0.301723    6.479028
    0.637255    0.834789    0.002079   -0.009728    0.000000       -1.207632        1.000000   19.489425    7.481853    0.301723    6.479028
    0.647059    0.834635    0.002805   -0.013232    0.000000       -1.211355        1.000000   19.822534    7.620892    0.301723    6.479028
    0.656863    0.834428    0.003774   -0.017378    0.000000       -1.215795        1.000000   20.155560    7.759871    0.301723    6.479028
    0.666667    0.834150    0.005031   -0.022382    0.000000       -1.221192        1.000000   20.488475    7.898768    0.301723    6.479028
    0.676471    0.833781    0.006641   -0.028522    0.000000       -1.227852        1.000000   20.821243    8.037558    0.301723    6.479028
    0.686275    0.833297    0.008686   -0.036147    0.000000       -1.236154        1.000000   21.153818    8.176205    0.301723    6.479028
    0.696078    0.832666    0.011274   -0.045683    0.000000       -1.246569        1.000000   21.486141    8.314664    0.301723    6.479028
    0.705882    0.831850    0.014541   -0.057649    0.000000       -1.259662        1.000000   21.818138    8.452880    0.301723    6.479028
    0.715686    0.830801    0.018662   -0.072661    0.000000       -1.276110        1.000000   22.149717    8.590780    0.301723    6.479028
    0.725490    0.829457    0.023851   -0.091437    0.000000       -1.296702        1.000000   22.480759    8.728274    0.301723    6.479028
    0.735294    0.827743    0.030375   -0.114793    0.000000       -1.322340        1.000000   22.811117    8.865244    0.301723    6.479028
    0.745098    0.825564    0.038551   -0.143623    0.000000       -1.354017        1.000000   23.140606    9.001544    0.301723    6.479028
    0.754902    0.822804    0.048756   -0.178860    0.000000       -1.392772        1.000000   23.468993    9.136986    0.301723    6.479028
    0.764706    0.819320    0.061428   -0.221399    0.000000       -1.439621        1.000000   23.795989    9.271332    0.301723    6.479028
    0.774510    0.814943    0.077054   -0.271998    0.000000       -1.495437        1.000000   24.121239    9.404284    0.301723    6.479028
    0.784314    0.809468    0.096163   -0.331131    0.000000       -1.560803        1.000000   24.444303    9.535467    0.301723    6.479028
    0.794118    0.802661    0.119302   -0.398833    0.000000       -1.635834        1.000000   24.764651    9.664415    0.301723    6.479028
    0.803922    0.794254    0.147001   -0.474547    0.000000       -1.720012        1.000000   25.081644    9.790562    0.301723    6.479028
    0.813725    0.783951    0.179733   -0.557029    0.000000       -1.812071        1.000000   25.394524    9.913226    0.301723    6.479028
    0.823529    0.771435    0.217869   -0.644348    0.000000       -1.909989        1.000000   25.702409   10.031609    0.301723    6.479028
    0.833333    0.756382    0.261641   -0.734027    0.000000       -2.011115        1.000000   26.004287   10.144807    0.301723    6.479028
    0.843137    0.738470    0.311111   -0.823298    0.000000       -2.112442        1.000000   26.299016   10.251834    0.301723    6.479028
    0.852941    0.717398    0.366166   -0.909437    0.000000       -2.210956        1.000000   26.585335   10.351665    0.301723    6.479028
    0.862745    0.692905    0.426529   -0.990087    0.000000       -2.303985        1.000000   26.861878   10.443300    0.301723    6.479028
    0.872549    0.664781    0.491792   -1.063488    0.000000       -2.389471        1.000000   27.127197   10.525842    0.301723    6.479028
    0.882353    0.632880    0.561458   -1.128584    0.000000       -2.466089        1.000000   27.379784   10.598578    0.301723    6.479028
    0.892157    0.597131    0.634983   -1.184991    0.000000       -2.533241        1.000000   27.618103   10.661059    0.301723    6.479028
    0.901961    0.557539    0.711818   -1.232877    0.000000       -2.590944        1.000000   27.840621   10.713166    0.301723    6.479028
    0.911765    0.514187    0.791438   -1.272798    0.000000       -2.639660        1.000000   28.045837   10.755139    0.301723    6.479028
    0.921569    0.467232    0.873362   -1.305535    0.000000       -2.680129        1.000000   28.232312   10.787590    0.301723    6.479028
    0.931373    0.416898    0.957159   -1.331963    0.000000       -2.713222        1.000000   28.398699   10.811463    0.301723    6.479028
    0.941176    0.363475    1.042459   -1.352948    0.000000       -2.739835        1.000000   28.543765   10.827977    0.301723    6.479028
    0.950980    0.307303    1.128940   -1.369291    0.000000       -2.760811        1.000000   28.666412   10.838528    0.301723    6.479028
    0.960784    0.248772    1.216330   -1.381687    0.000000       -2.776900        1.000000   28.765698   10.844581    0.301723    6.479028
    0.970588    0.188309    1.304398   -1.390716    0.000000       -2.788731        1.000000   28.840854   10.847552    0.301723    6.479028
    0.980392    0.126370    1.392944   -1.396833    0.000000       -2.796810        1.000000   28.891289   10.848683    0.301723    6.479028
    0.990196    0.063436    1.481796   -1.400367    0.000000       -2.801505        1.000000   28.916607   10.848949    0.301723    6.479028
    1.000000    0.000000    1.570796   -1.401522    0.000000       -2.803043        1.000000   28.916607   10.848967    0.301723    6.479028
