           t           r         psi          cs          qs               p             sig           A           V          Q2           S
    0.000000    0.000000   -1.570796   -1.153346    0.000000       -2.306692        1.000000    0.000000    0.000000    0.550082    8.908425
    0.009804    0.087189   -1.469844   -1.161007    0.000000       -2.316895        1.000000    0.000000    0.000053    0.550082    8.908425
    0.019608    0.173483   -1.367532   -1.184689    0.000000       -2.348302        1.000000    0.095200    0.000837    0.550082    8.908425
    0.029412    0.257946   -1.262386   -1.226328    0.000000       -2.403103        1.000000    0.236750    0.004194    0.550082    8.908425
    0.039216    0.339558   -1.152721   -1.288665    0.000000       -2.484345        1.000000    0.423085    0.013066    0.550082    8.908425
    0.049020    0.417162   -1.036608   -1.374303    0.000000       -2.594792        1.000000    0.652006    0.031275    0.550082    8.908425
    0.058824    0.489409   -0.911973   -1.483460    0.000000       -2.734328        1.000000    0.920573    0.063180    0.550082    8.908425
    0.068627    0.554709   -0.776988   -1.609163    0.000000       -2.894573        1.000000    1.224974    0.113100    0.550082    8.908425
    0.078431    0.611249   -0.631037   -1.729091    0.000000       -3.050020        1.000000    1.560401    0.184461    0.550082    8.908425
    0.088235    0.657169   -0.476434   -1.797673    0.000000       -3.149892        1.000000    1.921028    0.278640    0.550082    8.908425
    0.098039    0.690990   -0.320354   -1.752622    0.000000       -3.126193        1.000000    2.300214    0.393893    0.550082    8.908425
    0.107843    0.712254   -0.174903   -1.551677    0.000000       -2.934251        1.000000    2.691069    0.525193    0.550082    8.908425
    0.117647    0.721978   -0.053275   -1.216843    0.000000       -2.599961        1.000000    3.087260    0.665679    0.550082    8.908425
    0.127451    0.722481    0.036064   -0.827507    0.000000       -2.210726        1.000000    3.483727    0.809007    0.550082    8.908425
    0.137255    0.716659    0.092089   -0.464918    0.000000       -1.854369        1.000000    3.876999    0.950902    0.550082    8.908425
    0.147059    0.707257    0.119395   -0.173994    0.000000       -1.577841        1.000000    4.265112    1.089247    0.550082    8.908425
    0.156863    0.696485    0.124882    0.035038    0.000000       -1.389562        1.000000    4.647313    1.223398    0.550082    8.908425
    0.166667    0.685931    0.115432    0.170137    0.000000       -1.278034        1.000000    5.023723    1.353502    0.550082    8.908425
    0.176471    0.676628    0.096915    0.245060    0.000000       -1.225922        1.000000    5.395028    1.480078    0.550082    8.908425
    0.186275    0.669157    0.073971    0.273719    0.000000       -1.216612        1.000000    5.762233    1.603794    0.550082    8.908425
    0.196078    0.663746    0.050089    0.268461    0.000000       -1.236249        1.000000    6.126469    1.725361    0.550082    8.908425
    0.205882    0.660366    0.027756    0.239855    0.000000       -1.273873        1.000000    6.488850    1.845475    0.550082    8.908425
    0.215686    0.658806    0.008609    0.196863    0.000000       -1.320979        1.000000    6.850374    1.964773    0.550082    8.908425
    0.225490    0.658742   -0.006432    0.146979    0.000000       -1.371033        1.000000    7.211864    2.083809    0.550082    8.908425
    0.235294    0.659800   -0.017042    0.096292    0.000000       -1.419100        1.000000    7.573935    2.203027    0.550082    8.908425
    0.245098    0.661594   -0.023366    0.049481    0.000000       -1.461608        1.000000    7.936989    2.322757    0.550082    8.908425
    0.254902    0.663770   -0.025895    0.009825    0.000000       -1.496216        1.000000    8.301238    2.443205    0.550082    8.908425
    0.264706    0.666027   -0.025347   -0.020763    0.000000       -1.521721        1.000000    8.666726    2.564467    0.550082    8.908425
    0.274510    0.668132   -0.022552   -0.041622    0.000000       -1.537952        1.000000    9.033368    2.686536    0.550082    8.908425
    0.284314    0.669925   -0.018349   -0.053164    0.000000       -1.545617        1.000000    9.400995    2.809333    0.550082    8.908425
    0.294118    0.671318   -0.013502   -0.056609    0.000000       -1.546080        1.000000    9.769385    2.932728    0.550082    8.908425
    0.303922    0.672283   -0.008646   -0.053687    0.000000       -1.541099        1.000000   10.138306    3.056564    0.550082    8.908425
    0.313725    0.672842   -0.004253   -0.046338    0.000000       -1.532558        1.000000   10.507533    3.180686    0.550082    8.908425
    0.323529    0.673049   -0.000626   -0.036453    0.000000       -1.522229        1.000000   10.876874    3.304950    0.550082    8.908425
    0.333333    0.672978    0.002089   -0.025679    0.000000       -1.511609        1.000000   11.246176    3.429236    0.550082    8.908425
    0.343137    0.672711    0.003872   -0.015312    0.000000       -1.501823        1.000000   11.615331    3.553457    0.550082    8.908425
    0.352941    0.672326    0.004802   -0.006253    0.000000       -1.493608        1.000000   11.984275    3.677554    0.550082    8.908425
    0.362745    0.671893    0.005018    0.000971    0.000000       -1.487342        1.000000   12.352982    3.801499    0.550082    8.908425
    0.372549    0.671466    0.004692    0.006158    0.000000       -1.483105        1.000000   12.721454    3.925284    0.550082    8.908425
    0.382353    0.671084    0.004000    0.009359    0.000000       -1.480755        1.000000   13.089717    4.048919    0.550082    8.908425
    0.392157    0.670773    0.003108    0.010802    0.000000       -1.480009        1.000000   13.457808    4.172426    0.550082    8.908425
    0.401961    0.670543    0.002155    0.010821    0.000000       -1.480504        1.000000   13.825774    4.295833    0.550082    8.908425
    0.411765    0.670395    0.001248    0.009796    0.000000       -1.481861        1.000000   14.193659    4.419172    0.550082    8.908425
    0.421569    0.670321    0.000463    0.008104    0.000000       -1.483718        1.000000   14.561503    4.542470    0.550082    8.908425
    0.431373    0.670309   -0.000158    0.006084    0.000000       -1.485764        1.000000   14.929340    4.665753    0.550082    8.908425
    0.441176    0.670344   -0.000598    0.004018    0.000000       -1.487754        1.000000   15.297196    4.789041    0.550082    8.908425
    0.450980    0.670409   -0.000864    0.002115    0.000000       -1.489512        1.000000   15.665088    4.912347    0.550082    8.908425
    0.460784    0.670490   -0.000977    0.000514    0.000000       -1.490932        1.000000   16.033025    5.035681    0.550082    8.908425
    0.470588    0.670576   -0.000965   -0.000711    0.000000       -1.491966        1.000000   16.401009    5.159045    0.550082    8.908425
    0.480392    0.670656   -0.000864   -0.001542    0.000000       -1.492619        1.000000   16.769036    5.282441    0.550082    8.908425
    0.490196    0.670725   -0.000706   -0.002005    0.000000       -1.492929        1.000000   17.137102    5.405864    0.550082    8.908425
    0.500000    0.670779   -0.000523   -0.002152    0.000000       -1.492957        1.000000   17.505197    5.529310    0.550082    8.908425
    0.509804    0.670816   -0.000338   -0.002054    0.000000       -1.492776        1.000000   17.873312    5.652772    0.550082    8.908425
    0.519608    0.670838   -0.000169   -0.001786    0.000000       -1.492459        1.000000   18.241440    5.776246    0.550082    8.908425
    0.529412    0.670847   -0.000028   -0.001419    0.000000       -1.492073        1.000000   18.609572    5.899724    0.550082    8.908425
    0.539216    0.670844    0.000078   -0.001016    0.000000       -1.491675        1.000000   18.977703    6.023204    0.550082    8.908425
    0.549020    0.670834    0.000149   -0.000626    0.000000       -1.491307        1.000000   19.345829    6.146682    0.550082    8.908425
    0.558824    0.670819    0.000189   -0.000283    0.000000       -1.490998        1.000000   19.713946    6.270155    0.550082    8.908425
    0.568627    0.670802    0.000201   -0.000010    0.000000       -1.490764        1.000000   20.082053    6.393622    0.550082    8.908425
    0.578431    0.670784    0.000193    0.000183    0.000000       -1.490609        1.000000   20.450151    6.517082    0.550082    8.908425
    0.588235    0.670769    0.000171    0.000296    0.000000       -1.490531        1.000000   20.818241    6.640536    0.550082    8.908425
    0.598039    0.670755    0.000143    0.000337    0.000000       -1.490521        1.000000   21.186323    6.763985    0.550082    8.908425
    0.607843    0.670744    0.000114    0.000314    0.000000       -1.490569        1.000000   21.554398    6.887429    0.550082    8.908425
    0.617647    0.670735    0.000090    0.000240    0.000000       -1.490662        1.000000   21.922469    7.010870    0.550082    8.908425
    0.627451    0.670728    0.000074    0.000126    0.000000       -1.490792        1.000000   22.290536    7.134307    0.550082    8.908425
    0.637255    0.670721    0.000069   -0.000020    0.000000       -1.490951        1.000000   22.658600    7.257743    0.550082    8.908425
    0.647059    0.670715    0.000078   -0.000193    0.000000       -1.491139        1.000000   23.026660    7.381176    0.550082    8.908425
    0.656863    0.670707    0.000103   -0.000395    0.000000       -1.491358        1.000000   23.394716    7.504606    0.550082    8.908425
    0.666667    0.670697    0.000148   -0.000632    0.000000       -1.491619        1.000000   23.762766    7.628033    0.550082    8.908425
    0.676471    0.670681    0.000215   -0.000917    0.000000       -1.491939        1.000000   24.130807    7.751455    0.550082    8.908425
    0.686275    0.670658    0.000310   -0.001274    0.000000       -1.492347        1.000000   24.498836    7.874871    0.550082    8.908425
    0.696078    0.670626    0.000441   -0.001735    0.000000       -1.492879        1.000000   24.866847    7.998276    0.550082    8.908425
    0.705882    0.670580    0.000617   -0.002343    0.000000       -1.493589        1.000000   25.234833    8.121667    0.550082    8.908425
    0.715686    0.670516    0.000856   -0.003159    0.000000       -1.494547        1.000000   25.602784    8.245037    0.550082    8.908425
    0.725490    0.670428    0.001178   -0.004266    0.000000       -1.495849        1.000000   25.970687    8.368381    0.550082    8.908425
    0.735294    0.670307    0.001613   -0.005771    0.000000       -1.497623        1.000000   26.338523    8.491685    0.550082    8.908425
    0.745098    0.670142    0.002202   -0.007824    0.000000       -1.500042        1.000000   26.706268    8.614938    0.550082    8.908425
    0.754902    0.669916    0.003001   -0.010623    0.000000       -1.503339        1.000000   27.073890    8.738119    0.550082    8.908425
    0.764706    0.669609    0.004087   -0.014433    0.000000       -1.507829        1.000000   27.441344    8.861203    0.550082    8.908425
    0.774510    0.669191    0.005562   -0.019615    0.000000       -1.513933        1.000000   27.808567    8.984154    0.550082    8.908425
    0.784314    0.668623    0.007567   -0.026650    0.000000       -1.522219        1.000000   28.175479    9.106924    0.550082    8.908425
    0.794118    0.667849    0.010289   -0.036179    0.000000       -1.533444        1.000000   28.541966    9.229447    0.550082    8.908425
    0.803922    0.666797    0.013983   -0.049051    0.000000       -1.548611        1.000000   28.907877    9.351634    0.550082    8.908425
    0.813725    0.665368    0.018987   -0.066380    0.000000       -1.569036        1.000000   29.273003    9.473364    0.550082    8.908425
    0.823529    0.663430    0.025749   -0.089603    0.000000       -1.596422        1.000000   29.637065    9.594470    0.550082    8.908425
    0.833333    0.660803    0.034862   -0.120539    0.000000       -1.632930        1.000000   29.999686    9.714726    0.550082    8.908425
    0.843137    0.657251    0.047094   -0.161420    0.000000       -1.681222        1.000000   30.360357    9.833827    0.550082    8.908425
    0.852941    0.652461    0.063424   -0.214874    0.000000       -1.744450        1.000000   30.718400    9.951355    0.550082    8.908425
    0.862745    0.646026    0.085077   -0.283799    0.000000       -1.826125        1.000000   31.072912   10.066751    0.550082    8.908425
    0.872549    0.637423    0.113531   -0.371075    0.000000       -1.929793        1.000000   31.422703   10.179264    0.550082    8.908425
    0.882353    0.625995    0.150499   -0.479050    0.000000       -2.058450        1.000000   31.766222   10.287905    0.550082    8.908425
    0.892157    0.610943    0.197845   -0.608785    0.000000       -2.213669        1.000000   32.101482   10.391398    0.550082    8.908425
    0.901961    0.591328    0.257442   -0.759177    0.000000       -2.394554        1.000000   32.425978   10.488152    0.550082    8.908425
    0.911765    0.566111    0.330943   -0.926229    0.000000       -2.596815        1.000000   32.736636   10.576294    0.550082    8.908425
    0.921569    0.534218    0.419513   -1.102877    0.000000       -2.812455        1.000000   33.029792   10.653795    0.550082    8.908425
    0.931373    0.494661    0.523594   -1.279732    0.000000       -3.030481        1.000000   33.301241   10.718743    0.550082    8.908425
    0.941176    0.446683    0.642761   -1.446684    0.000000       -3.238655        1.000000   33.546362   10.769759    0.550082    8.908425
    0.950980    0.389917    0.775744   -1.594835    0.000000       -3.425739        1.000000   33.760332   10.806476    0.550082    8.908425
    0.960784    0.324516    0.920607   -1.717965    0.000000       -3.583318        1.000000   33.938413   10.829906    0.550082    8.908425
    0.970588    0.251234    1.075009   -1.812995    0.000000       -3.706550        1.000000   34.076279   10.842479    0.550082    8.908425
    0.980392    0.171416    1.236459   -1.879460    0.000000       -3.793774        1.000000   34.170345   10.847615    0.550082    8.908425
    0.990196    0.086925    1.402502   -1.918411    0.000000       -3.845368        1.000000   34.218045   10.848879    0.550082    8.908425
    1.000000    0.000000    1.570796   -1.931194    0.000000       -3.862388        1.000000   34.218045   10.848967    0.550082    8.908425
