           t           r         psi          cs          qs               p             sig           A           V          Q2           S
    0.000000    0.000000   -1.570796   -1.173089    0.000000       -2.346178        1.000000    0.000000    0.000000    0.572657    7.254012
    0.009804    0.071035   -1.487231   -1.178900    0.000000       -2.353920        1.000000    0.000000    0.000024    0.572657    7.254012
    0.019608    0.141571   -1.402832   -1.196672    0.000000       -2.377532        1.000000    0.063261    0.000375    0.572657    7.254012
    0.029412    0.211093   -1.316716   -1.227357    0.000000       -2.418091        1.000000    0.157586    0.001888    0.572657    7.254012
    0.039216    0.279049   -1.227919   -1.272345    0.000000       -2.477144        1.000000    0.282278    0.005912    0.572657    7.254012
    0.049020    0.344836   -1.135368   -1.333154    0.000000       -2.556341        1.000000    0.436367    0.014257    0.572657    7.254012
    0.058824    0.407770   -1.037896   -1.410834    0.000000       -2.656717        1.000000    0.618577    0.029096    0.572657    7.254012
    0.068627    0.467069   -0.934309   -1.504782    0.000000       -2.777343        1.000000    0.827285    0.052817    0.572657    7.254012
    0.078431    0.521835   -0.823574   -1.610660    0.000000       -2.912995        1.000000    1.060465    0.087801    0.572657    7.254012
    0.088235    0.571059   -0.705191   -1.717265    0.000000       -3.050733        1.000000    1.315640    0.136103    0.572657    7.254012
    0.098039    0.613673   -0.579799   -1.803222    0.000000       -3.166444        1.000000    1.589858    0.199028    0.572657    7.254012
    0.107843    0.648681   -0.449950   -1.836661    0.000000       -3.224814        1.000000    1.879718    0.276670    0.572657    7.254012
    0.117647    0.675370   -0.320636   -1.783016    0.000000       -3.188223        1.000000    2.181505    0.367600    0.572657    7.254012
    0.127451    0.693560   -0.198906   -1.622317    0.000000       -3.035725        1.000000    2.491420    0.468950    0.572657    7.254012
    0.137255    0.703763   -0.092194   -1.365290    0.000000       -2.780189        1.000000    2.805893    0.577028    0.572657    7.254012
    0.147059    0.707122   -0.006062   -1.051658    0.000000       -2.465815        1.000000    3.121868    0.688217    0.572657    7.254012
    0.156863    0.705168    0.057216   -0.730271    0.000000       -2.146053        1.000000    3.436969    0.799682    0.572657    7.254012
    0.166667    0.699513    0.098539   -0.439082    0.000000       -1.861714        1.000000    3.749544    0.909613    0.572657    7.254012
    0.176471    0.691626    0.120868   -0.197986    0.000000       -1.633307        1.000000    4.058594    1.017082    0.572657    7.254012
    0.186275    0.682721    0.128017   -0.012170    0.000000       -1.464912        1.000000    4.363665    1.121768    0.572657    7.254012
    0.196078    0.673733    0.123835    0.121617    0.000000       -1.351285        1.000000    4.664720    1.223710    0.572657    7.254012
    0.205882    0.665337    0.111791    0.210200    0.000000       -1.283417        1.000000    4.962023    1.323144    0.572657    7.254012
    0.215686    0.657981    0.094826    0.261278    0.000000       -1.251694        1.000000    5.256039    1.420403    0.572657    7.254012
    0.225490    0.651929    0.075341    0.282249    0.000000       -1.247309        1.000000    5.547351    1.515861    0.572657    7.254012
    0.235294    0.647290    0.055234    0.279832    0.000000       -1.262714        1.000000    5.836590    1.609908    0.572657    7.254012
    0.245098    0.644057    0.035951    0.260010    0.000000       -1.291643        1.000000    6.124384    1.702921    0.572657    7.254012
    0.254902    0.642134    0.018538    0.228077    0.000000       -1.328964        1.000000    6.411319    1.795258    0.572657    7.254012
    0.264706    0.641360    0.003687    0.188665    0.000000       -1.370512        1.000000    6.697908    1.887241    0.572657    7.254012
    0.274510    0.641539   -0.008215    0.145765    0.000000       -1.412934        1.000000    6.984578    1.979149    0.572657    7.254012
    0.284314    0.642455   -0.017043    0.102717    0.000000       -1.453585        1.000000    7.271656    2.071212    0.572657    7.254012
    0.294118    0.643892   -0.022885    0.062201    0.000000       -1.490448        1.000000    7.559377    2.163607    0.572657    7.254012
    0.303922    0.645645   -0.025998    0.026228    0.000000       -1.522086        1.000000    7.847881    2.256456    0.572657    7.254012
    0.313725    0.647534   -0.026756   -0.003845    0.000000       -1.547614        1.000000    8.137229    2.349830    0.572657    7.254012
    0.323529    0.649405   -0.025609   -0.027286    0.000000       -1.566651        1.000000    8.427413    2.443752    0.572657    7.254012
    0.333333    0.651142   -0.023037   -0.043926    0.000000       -1.579282        1.000000    8.718373    2.538204    0.572657    7.254012
    0.343137    0.652659   -0.019515   -0.054077    0.000000       -1.585979        1.000000    9.010011    2.633138    0.572657    7.254012
    0.352941    0.653905   -0.015483   -0.058428    0.000000       -1.587518        1.000000    9.302206    2.728482    0.572657    7.254012
    0.362745    0.654858   -0.011320   -0.057925    0.000000       -1.584875        1.000000    9.594827    2.824154    0.572657    7.254012
    0.372549    0.655520   -0.007333   -0.053655    0.000000       -1.579121        1.000000    9.887744    2.920066    0.572657    7.254012
    0.382353    0.655911   -0.003751   -0.046735    0.000000       -1.571322        1.000000   10.180835    3.016134    0.572657    7.254012
    0.392157    0.656066   -0.000723   -0.038226    0.000000       -1.562462        1.000000   10.473996    3.112283    0.572657    7.254012
    0.401961    0.656029    0.001671   -0.029063    0.000000       -1.553385        1.000000   10.767140    3.208448    0.572657    7.254012
    0.411765    0.655844    0.003413   -0.020016    0.000000       -1.544760        1.000000   11.060201    3.304579    0.572657    7.254012
    0.421569    0.655558    0.004535   -0.011671    0.000000       -1.537073        1.000000   11.353135    3.400639    0.572657    7.254012
    0.431373    0.655212    0.005100   -0.004432    0.000000       -1.530635        1.000000   11.645914    3.496606    0.572657    7.254012
    0.441176    0.654844    0.005197    0.001466    0.000000       -1.525595        1.000000   11.938528    3.592467    0.572657    7.254012
    0.450980    0.654482    0.004925    0.005933    0.000000       -1.521975        1.000000   12.230981    3.688221    0.572657    7.254012
    0.460784    0.654150    0.004387    0.008994    0.000000       -1.519694        1.000000   12.523285    3.783873    0.572657    7.254012
    0.470588    0.653862    0.003677    0.010762    0.000000       -1.518602        1.000000   12.815461    3.879434    0.572657    7.254012
    0.480392    0.653629    0.002882    0.011412    0.000000       -1.518502        1.000000   13.107532    3.974920    0.572657    7.254012
    0.490196    0.653452    0.002075    0.011151    0.000000       -1.519179        1.000000   13.399525    4.070345    0.572657    7.254012
    0.500000    0.653332    0.001313    0.010199    0.000000       -1.520414        1.000000   13.691464    4.165728    0.572657    7.254012
    0.509804    0.653264    0.000636    0.008771    0.000000       -1.522004        1.000000   13.983372    4.261083    0.572657    7.254012
    0.519608    0.653239    0.000072    0.007066    0.000000       -1.523766        1.000000   14.275269    4.356425    0.572657    7.254012
    0.529412    0.653251   -0.000367    0.005255    0.000000       -1.525551        1.000000   14.567172    4.451766    0.572657    7.254012
    0.539216    0.653288   -0.000677    0.003478    0.000000       -1.527240        1.000000   14.859091    4.547113    0.572657    7.254012
    0.549020    0.653344   -0.000865    0.001837    0.000000       -1.528750        1.000000   15.151035    4.642475    0.572657    7.254012
    0.558824    0.653409   -0.000943    0.000404    0.000000       -1.530031        1.000000   15.443009    4.737854    0.572657    7.254012
    0.568627    0.653476   -0.000928   -0.000783    0.000000       -1.531061        1.000000   15.735012    4.833253    0.572657    7.254012
    0.578431    0.653539   -0.000838   -0.001713    0.000000       -1.531843        1.000000   16.027043    4.928671    0.572657    7.254012
    0.588235    0.653594   -0.000690   -0.002399    0.000000       -1.532401        1.000000   16.319099    5.024106    0.572657    7.254012
    0.598039    0.653636   -0.000502   -0.002871    0.000000       -1.532774        1.000000   16.611173    5.119555    0.572657    7.254012
    0.607843    0.653664   -0.000286   -0.003176    0.000000       -1.533013        1.000000   16.903261    5.215015    0.572657    7.254012
    0.617647    0.653676   -0.000053   -0.003366    0.000000       -1.533175        1.000000   17.195353    5.310481    0.572657    7.254012
    0.627451    0.653672    0.000192   -0.003503    0.000000       -1.533323        1.000000   17.487444    5.405947    0.572657    7.254012
    0.637255    0.653649    0.000446   -0.003650    0.000000       -1.533523        1.000000   17.779524    5.501410    0.572657    7.254012
    0.647059    0.653608    0.000713   -0.003874    0.000000       -1.533843        1.000000   18.071587    5.596864    0.572657    7.254012
    0.656863    0.653547    0.001000   -0.004245    0.000000       -1.534356        1.000000   18.363621    5.692302    0.572657    7.254012
    0.666667    0.653465    0.001322   -0.004836    0.000000       -1.535139        1.000000   18.655620    5.787720    0.572657    7.254012
    0.676471    0.653358    0.001695   -0.005725    0.000000       -1.536278        1.000000   18.947570    5.883110    0.572657    7.254012
    0.686275    0.653222    0.002145   -0.007003    0.000000       -1.537873        1.000000   19.239460    5.978465    0.572657    7.254012
    0.696078    0.653050    0.002703   -0.008775    0.000000       -1.540045        1.000000   19.531272    6.073775    0.572657    7.254012
    0.705882    0.652834    0.003408   -0.011167    0.000000       -1.542941        1.000000   19.822989    6.169028    0.572657    7.254012
    0.715686    0.652561    0.004310   -0.014338    0.000000       -1.546748        1.000000   20.114583    6.264211    0.572657    7.254012
    0.725490    0.652215    0.005471   -0.018488    0.000000       -1.551702        1.000000   20.406023    6.359302    0.572657    7.254012
    0.735294    0.651775    0.006968   -0.023868    0.000000       -1.558103        1.000000   20.697265    6.454280    0.572657    7.254012
    0.745098    0.651213    0.008902   -0.030800    0.000000       -1.566334        1.000000   20.988258    6.549111    0.572657    7.254012
    0.754902    0.650495    0.011396   -0.039692    0.000000       -1.576882        1.000000   21.278929    6.643755    0.572657    7.254012
    0.764706    0.649575    0.014606   -0.051058    0.000000       -1.590360        1.000000   21.569189    6.738159    0.572657    7.254012
    0.774510    0.648396    0.018732   -0.065542    0.000000       -1.607538        1.000000   21.858922    6.832255    0.572657    7.254012
    0.784314    0.646884    0.024021   -0.083941    0.000000       -1.629368        1.000000   22.147980    6.925955    0.572657    7.254012
    0.794118    0.644945    0.030787   -0.107228    0.000000       -1.657014        1.000000   22.436171    7.019145    0.572657    7.254012
    0.803922    0.642461    0.039416   -0.136571    0.000000       -1.691876        1.000000   22.723252    7.111679    0.572657    7.254012
    0.813725    0.639285    0.050388   -0.173337    0.000000       -1.735599        1.000000   23.008914    7.203370    0.572657    7.254012
    0.823529    0.635229    0.064283   -0.219072    0.000000       -1.790057        1.000000   23.292764    7.293976    0.572657    7.254012
    0.833333    0.630062    0.081800   -0.275455    0.000000       -1.857292        1.000000   23.574305    7.383192    0.572657    7.254012
    0.843137    0.623503    0.103756   -0.344182    0.000000       -1.939399        1.000000   23.852914    7.470626    0.572657    7.254012
    0.852941    0.615206    0.131084   -0.426792    0.000000       -2.038319        1.000000   24.127817    7.555789    0.572657    7.254012
    0.862745    0.604764    0.164817   -0.524406    0.000000       -2.155537        1.000000   24.398053    7.638072    0.572657    7.254012
    0.872549    0.591700    0.206039   -0.637400    0.000000       -2.291700        1.000000   24.662452    7.716733    0.572657    7.254012
    0.882353    0.575476    0.255826   -0.765049    0.000000       -2.446187        1.000000   24.919601    7.790893    0.572657    7.254012
    0.892157    0.555507    0.315155   -0.905236    0.000000       -2.616734        1.000000   25.167827    7.859550    0.572657    7.254012
    0.901961    0.531186    0.384795   -1.054332    0.000000       -2.799248        1.000000   25.405185    7.921629    0.572657    7.254012
    0.911765    0.501929    0.465212   -1.207358    0.000000       -2.987940        1.000000   25.629470    7.976074    0.572657    7.254012
    0.921569    0.467227    0.556479   -1.358469    0.000000       -3.175831        1.000000   25.838249    8.021983    0.572657    7.254012
    0.931373    0.426706    0.658247   -1.501682    0.000000       -3.355570        1.000000   26.028921    8.058787    0.572657    7.254012
    0.941176    0.380200    0.769757   -1.631655    0.000000       -3.520346        1.000000   26.198812    8.086426    0.572657    7.254012
    0.950980    0.327791    0.889914   -1.744286    0.000000       -3.664653        1.000000   26.345284    8.105474    0.572657    7.254012
    0.960784    0.269854    1.017383   -1.836998    0.000000       -3.784694        1.000000   26.465867    8.117157    0.572657    7.254012
    0.970588    0.207057    1.150700   -1.908642    0.000000       -3.878382        1.000000   26.558390    8.123219    0.572657    7.254012
    0.980392    0.140342    1.288358   -1.959150    0.000000       -3.944999        1.000000   26.621101    8.125630    0.572657    7.254012
    0.990196    0.070879    1.428872   -1.989040    0.000000       -3.984677        1.000000   26.652773    8.126213    0.572657    7.254012
    1.000000    0.000000    1.570796   -1.998916    0.000000       -3.997832        1.000000   26.652773    8.126253    0.572657    7.254012
