           t           r         psi          cs          qs               p             sig           A           V          Q2           S
    0.000000    0.000000   -1.570796   -0.996500    0.000000       -1.992999        1.000000    0.000000   -0.000000    0.013095    3.742904
    0.009804    0.036687   -1.534230   -0.996501    0.000000       -1.993001        1.000000    0.000000    0.000001    0.013095    3.742904
    0.019608    0.073325   -1.497663   -0.996505    0.000000       -1.993007        1.000000    0.016906    0.000023    0.013095    3.742904
    0.029412    0.109865   -1.461096   -0.996513    0.000000       -1.993017        1.000000    0.042237    0.000114    0.013095    3.742904
    0.039216    0.146258   -1.424528   -0.996523    0.000000       -1.993031        1.000000    0.075958    0.000361    0.013095    3.742904
    0.049020    0.182455   -1.387961   -0.996537    0.000000       -1.993049        1.000000    0.118025    0.000877    0.013095    3.742904
    0.058824    0.218409   -1.351392   -0.996555    0.000000       -1.993073        1.000000    0.168382    0.001810    0.013095    3.742904
    0.068627    0.254070   -1.314823   -0.996577    0.000000       -1.993102        1.000000    0.226961    0.003334    0.013095    3.742904
    0.078431    0.289392   -1.278253   -0.996604    0.000000       -1.993137        1.000000    0.293684    0.005649    0.013095    3.742904
    0.088235    0.324327   -1.241682   -0.996636    0.000000       -1.993178        1.000000    0.368462    0.008980    0.013095    3.742904
    0.098039    0.358828   -1.205110   -0.996675    0.000000       -1.993228        1.000000    0.451194    0.013572    0.013095    3.742904
    0.107843    0.392849   -1.168536   -0.996721    0.000000       -1.993286        1.000000    0.541770    0.019686    0.013095    3.742904
    0.117647    0.426345   -1.131960   -0.996776    0.000000       -1.993355        1.000000    0.640069    0.027596    0.013095    3.742904
    0.127451    0.459270   -1.095382   -0.996840    0.000000       -1.993436        1.000000    0.745959    0.037589    0.013095    3.742904
    0.137255    0.491582   -1.058801   -0.996917    0.000000       -1.993531        1.000000    0.859300    0.049953    0.013095    3.742904
    0.147059    0.523235   -1.022218   -0.997008    0.000000       -1.993643        1.000000    0.979938    0.064982    0.013095    3.742904
    0.156863    0.554189   -0.985630   -0.997116    0.000000       -1.993775        1.000000    1.107713    0.082966    0.013095    3.742904
    0.166667    0.584401   -0.949039   -0.997245    0.000000       -1.993931        1.000000    1.242454    0.104187    0.013095    3.742904
    0.176471    0.613832   -0.912442   -0.997400    0.000000       -1.994116        1.000000    1.383980    0.128919    0.013095    3.742904
    0.186275    0.642440   -0.875839   -0.997585    0.000000       -1.994336        1.000000    1.532103    0.157421    0.013095    3.742904
    0.196078    0.670189   -0.839229   -0.997810    0.000000       -1.994600        1.000000    1.686623    0.189932    0.013095    3.742904
    0.205882    0.697040   -0.802609   -0.998083    0.000000       -1.994917        1.000000    1.847334    0.226670    0.013095    3.742904
    0.215686    0.722957   -0.765978   -0.998418    0.000000       -1.995302        1.000000    2.014021    0.267828    0.013095    3.742904
    0.225490    0.747905   -0.729334   -0.998830    0.000000       -1.995772        1.000000    2.186460    0.313570    0.013095    3.742904
    0.235294    0.771851   -0.692673   -0.999343    0.000000       -1.996352        1.000000    2.364419    0.364027    0.013095    3.742904
    0.245098    0.794761   -0.655990   -0.999988    0.000000       -1.997073        1.000000    2.547661    0.419300    0.013095    3.742904
    0.254902    0.816605   -0.619281   -1.000807    0.000000       -1.997980        1.000000    2.735940    0.479448    0.013095    3.742904
    0.264706    0.837351   -0.582538   -1.001860    0.000000       -1.999135        1.000000    2.929001    0.544498    0.013095    3.742904
    0.274510    0.856970   -0.545750   -1.003232    0.000000       -2.000627        1.000000    3.126586    0.614434    0.013095    3.742904
    0.284314    0.875436   -0.508905   -1.005049    0.000000       -2.002585        1.000000    3.328429    0.689201    0.013095    3.742904
    0.294118    0.892719   -0.471982   -1.007500    0.000000       -2.005203        1.000000    3.534256    0.768704    0.013095    3.742904
    0.303922    0.908794   -0.434953   -1.010873    0.000000       -2.008778        1.000000    3.743790    0.852806    0.013095    3.742904
    0.313725    0.923634   -0.397777   -1.015631    0.000000       -2.013779        1.000000    3.956745    0.941331    0.013095    3.742904
    0.323529    0.937214   -0.360390   -1.022529    0.000000       -2.020977        1.000000    4.172831    1.034064    0.013095    3.742904
    0.333333    0.949505   -0.322691   -1.032863    0.000000       -2.031683        1.000000    4.391751    1.130749    0.013095    3.742904
    0.343137    0.960477   -0.284518   -1.048929    0.000000       -2.048222        1.000000    4.613201    1.231097    0.013095    3.742904
    0.352941    0.970091   -0.245590   -1.074969    0.000000       -2.074869        1.000000    4.836868    1.334781    0.013095    3.742904
    0.362745    0.978300   -0.205409   -1.118927    0.000000       -2.119619        1.000000    5.062427    1.441437    0.013095    3.742904
    0.372549    0.985031   -0.163085   -1.194574    0.000000       -2.196299        1.000000    5.289538    1.550666    0.013095    3.742904
    0.382353    0.990169   -0.117184   -1.313751    0.000000       -2.316753        1.000000    5.517834    1.662021    0.013095    3.742904
    0.392157    0.993552   -0.066889   -1.403341    0.000000       -2.407580        1.000000    5.746909    1.774973    0.013095    3.742904
    0.401961    0.995093   -0.018778   -1.125299    0.000000       -2.130054        1.000000    5.976340    1.888871    0.013095    3.742904
    0.411765    0.995166    0.010741   -0.476407    0.000000       -1.481207        1.000000    6.205788    2.003049    0.013095    3.742904
    0.421569    0.994569    0.019072   -0.033393    0.000000       -1.038671        1.000000    6.435098    2.117140    0.013095    3.742904
    0.431373    0.993896    0.016586    0.135727    0.000000       -0.870276        1.000000    6.664253    2.231074    0.013095    3.742904
    0.441176    0.993391    0.010756    0.167725    0.000000       -0.838870        1.000000    6.893292    2.344879    0.013095    3.742904
    0.450980    0.993106    0.004956    0.142806    0.000000       -0.864124        1.000000    7.122264    2.458601    0.013095    3.742904
    0.460784    0.993010    0.000519    0.097404    0.000000       -0.909635        1.000000    7.351215    2.572284    0.013095    3.742904
    0.470588    0.993046   -0.002164    0.049447    0.000000       -0.957554        1.000000    7.580174    2.685961    0.013095    3.742904
    0.480392    0.993149   -0.003201    0.008843    0.000000       -0.998050        1.000000    7.809157    2.799655    0.013095    3.742904
    0.490196    0.993265   -0.002966   -0.019455    0.000000       -1.026231        1.000000    8.038166    2.913375    0.013095    3.742904
    0.500000    0.993357   -0.001931   -0.035005    0.000000       -1.041690        1.000000    8.267197    3.027119    0.013095    3.742904
    0.509804    0.993402   -0.000509   -0.041493    0.000000       -1.048135        1.000000    8.496238    3.140880    0.013095    3.742904
    0.519608    0.993392    0.001083   -0.045481    0.000000       -1.052132        1.000000    8.725277    3.254645    0.013095    3.742904
    0.529412    0.993320    0.002894   -0.054781    0.000000       -1.061501        1.000000    8.954299    3.368400    0.013095    3.742904
    0.539216    0.993173    0.005267   -0.077420    0.000000       -1.084280        1.000000    9.183287    3.482130    0.013095    3.742904
    0.549020    0.992919    0.008835   -0.121245    0.000000       -1.128337        1.000000    9.412217    3.595814    0.013095    3.742904
    0.558824    0.992499    0.014508   -0.192978    0.000000       -1.200430        1.000000    9.641050    3.709416    0.013095    3.742904
    0.568627    0.991815    0.023374   -0.295154    0.000000       -1.303131        1.000000    9.869725    3.822882    0.013095    3.742904
    0.578431    0.990732    0.036470   -0.421516    0.000000       -1.430199        1.000000   10.098151    3.936119    0.013095    3.742904
    0.588235    0.989080    0.054408   -0.555850    0.000000       -1.565394        1.000000   10.326195    4.048981    0.013095    3.742904
    0.598039    0.986682    0.077122   -0.678881    0.000000       -1.689366        1.000000   10.553687    4.161258    0.013095    3.742904
    0.607843    0.983376    0.103936   -0.778109    0.000000       -1.789526        1.000000   10.780416    4.272674    0.013095    3.742904
    0.617647    0.979031    0.133904   -0.851122    0.000000       -1.863397        1.000000   11.006144    4.382898    0.013095    3.742904
    0.627451    0.973553    0.166128   -0.901972    0.000000       -1.914996        1.000000   11.230609    4.491564    0.013095    3.742904
    0.637255    0.966878    0.199901   -0.936501    0.000000       -1.950161        1.000000   11.453534    4.598288    0.013095    3.742904
    0.647059    0.958970    0.234722   -0.959827    0.000000       -1.974019        1.000000   11.674637    4.702686    0.013095    3.742904
    0.656863    0.949805    0.270252   -0.975697    0.000000       -1.990331        1.000000   11.893626    4.804382    0.013095    3.742904
    0.666667    0.939375    0.306269   -0.986643    0.000000       -2.001642        1.000000   12.110210    4.903018    0.013095    3.742904
    0.676471    0.927678    0.342623   -0.994317    0.000000       -2.009623        1.000000   12.324098    4.998262    0.013095    3.742904
    0.686275    0.914721    0.379215   -0.999794    0.000000       -2.015355        1.000000   12.534998    5.089808    0.013095    3.742904
    0.696078    0.900514    0.415979   -1.003770    0.000000       -2.019546        1.000000   12.742623    5.177387    0.013095    3.742904
    0.705882    0.885071    0.452869   -1.006704    0.000000       -2.022663        1.000000   12.946687    5.260760    0.013095    3.742904
    0.715686    0.868409    0.489853   -1.008903    0.000000       -2.025017        1.000000   13.146909    5.339732    0.013095    3.742904
    0.725490    0.850548    0.526907   -1.010575    0.000000       -2.026822        1.000000   13.343013    5.414142    0.013095    3.742904
    0.735294    0.831511    0.564014   -1.011863    0.000000       -2.028224        1.000000   13.534729    5.483872    0.013095    3.742904
    0.745098    0.811323    0.601164   -1.012866    0.000000       -2.029326        1.000000   13.721789    5.548845    0.013095    3.742904
    0.754902    0.790011    0.638346   -1.013656    0.000000       -2.030202        1.000000   13.903936    5.609025    0.013095    3.742904
    0.764706    0.767602    0.675555   -1.014285    0.000000       -2.030906        1.000000   14.080916    5.664415    0.013095    3.742904
    0.774510    0.744128    0.712784   -1.014790    0.000000       -2.031476        1.000000   14.252484    5.715058    0.013095    3.742904
    0.784314    0.719620    0.750029   -1.015199    0.000000       -2.031942        1.000000   14.418401    5.761035    0.013095    3.742904
    0.794118    0.694112    0.787288   -1.015532    0.000000       -2.032325        1.000000   14.578438    5.802462    0.013095    3.742904
    0.803922    0.667639    0.824559   -1.015805    0.000000       -2.032643        1.000000   14.732370    5.839489    0.013095    3.742904
    0.813725    0.640238    0.861838   -1.016031    0.000000       -2.032908        1.000000   14.879985    5.872297    0.013095    3.742904
    0.823529    0.611946    0.899125   -1.016218    0.000000       -2.033130        1.000000   15.021077    5.901092    0.013095    3.742904
    0.833333    0.582803    0.936418   -1.016374    0.000000       -2.033316        1.000000   15.155449    5.926107    0.013095    3.742904
    0.843137    0.552848    0.973717   -1.016505    0.000000       -2.033474        1.000000   15.282915    5.947593    0.013095    3.742904
    0.852941    0.522124    1.011019   -1.016614    0.000000       -2.033608        1.000000   15.403297    5.965818    0.013095    3.742904
    0.862745    0.490674    1.048326   -1.016707    0.000000       -2.033722        1.000000   15.516428    5.981063    0.013095    3.742904
    0.872549    0.458540    1.085636   -1.016785    0.000000       -2.033818        1.000000   15.622150    5.993616    0.013095    3.742904
    0.882353    0.425768    1.122948   -1.016850    0.000000       -2.033901        1.000000   15.720316    6.003768    0.013095    3.742904
    0.892157    0.392403    1.160262   -1.016906    0.000000       -2.033971        1.000000   15.810789    6.011811    0.013095    3.742904
    0.901961    0.358491    1.197579   -1.016953    0.000000       -2.034030        1.000000   15.893444    6.018032    0.013095    3.742904
    0.911765    0.324081    1.234897   -1.016992    0.000000       -2.034081        1.000000   15.968165    6.022706    0.013095    3.742904
    0.921569    0.289219    1.272216   -1.017025    0.000000       -2.034123        1.000000   16.034848    6.026099    0.013095    3.742904
    0.931373    0.253954    1.309536   -1.017052    0.000000       -2.034159        1.000000   16.093400    6.028458    0.013095    3.742904
    0.941176    0.218335    1.346858   -1.017075    0.000000       -2.034188        1.000000   16.143740    6.030012    0.013095    3.742904
    0.950980    0.182413    1.384180   -1.017093    0.000000       -2.034212        1.000000   16.185797    6.030963    0.013095    3.742904
    0.960784    0.146236    1.421502   -1.017107    0.000000       -2.034231        1.000000   16.219513    6.031490    0.013095    3.742904
    0.970588    0.109856    1.458825   -1.017118    0.000000       -2.034245        1.000000   16.244842    6.031741    0.013095    3.742904
    0.980392    0.073322    1.496149   -1.017126    0.000000       -2.034255        1.000000   16.261747    6.031835    0.013095    3.742904
    0.990196    0.036687    1.533473   -1.017130    0.000000       -2.034261        1.000000   16.270206    6.031856    0.013095    3.742904
    1.000000    0.000000    1.570796   -1.017132    0.000000       -2.034263        1.000000   16.270206    6.031858    0.013095    3.742904
