           t           r         psi          cs          qs               p             sig           A           V          Q2           S
    0.000000    0.000000   -1.570796   -0.994239    0.000000       -1.988478        1.000000    0.000000   -0.000000    0.142919    4.409752
    0.009804    0.043220   -1.527811   -0.994330    0.000000       -1.988599        1.000000    0.000000    0.000003    0.142919    4.409752
    0.019608    0.086359   -1.484818   -0.994606    0.000000       -1.988967        1.000000    0.023459    0.000044    0.142919    4.409752
    0.029412    0.129339   -1.441809   -0.995077    0.000000       -1.989592        1.000000    0.058592    0.000220    0.142919    4.409752
    0.039216    0.172080   -1.398775   -0.995757    0.000000       -1.990492        1.000000    0.105336    0.000692    0.142919    4.409752
    0.049020    0.214502   -1.355707   -0.996670    0.000000       -1.991692        1.000000    0.163604    0.001680    0.142919    4.409752
    0.058824    0.256527   -1.312594   -0.997843    0.000000       -1.993228        1.000000    0.233287    0.003460    0.142919    4.409752
    0.068627    0.298076   -1.269423   -0.999316    0.000000       -1.995142        1.000000    0.314256    0.006361    0.142919    4.409752
    0.078431    0.339070   -1.226182   -1.001136    0.000000       -1.997490        1.000000    0.406361    0.010756    0.142919    4.409752
    0.088235    0.379432   -1.182853   -1.003364    0.000000       -2.000341        1.000000    0.509430    0.017055    0.142919    4.409752
    0.098039    0.419085   -1.139418   -1.006074    0.000000       -2.003779        1.000000    0.623270    0.025701    0.142919    4.409752
    0.107843    0.457951   -1.095854   -1.009360    0.000000       -2.007910        1.000000    0.747668    0.037161    0.142919    4.409752
    0.117647    0.495955   -1.052133   -1.013340    0.000000       -2.012866        1.000000    0.882389    0.051914    0.142919    4.409752
    0.127451    0.533020   -1.008223   -1.018162    0.000000       -2.018809        1.000000    1.027179    0.070445    0.142919    4.409752
    0.137255    0.569070   -0.964083   -1.024010    0.000000       -2.025945        1.000000    1.181761    0.093235    0.142919    4.409752
    0.147059    0.604028   -0.919663   -1.031118    0.000000       -2.034529        1.000000    1.345839    0.120754    0.142919    4.409752
    0.156863    0.637818   -0.874904   -1.039782    0.000000       -2.044881        1.000000    1.519096    0.153447    0.142919    4.409752
    0.166667    0.670363   -0.829730   -1.050375    0.000000       -2.057405        1.000000    1.701193    0.191729    0.142919    4.409752
    0.176471    0.701582   -0.784048   -1.063369    0.000000       -2.072605        1.000000    1.891771    0.235971    0.142919    4.409752
    0.186275    0.731393   -0.737742   -1.079357    0.000000       -2.091111        1.000000    2.090447    0.286499    0.142919    4.409752
    0.196078    0.759711   -0.690667   -1.099075    0.000000       -2.113700        1.000000    2.296815    0.343577    0.142919    4.409752
    0.205882    0.786445   -0.642643   -1.123408    0.000000       -2.141298        1.000000    2.510444    0.407402    0.142919    4.409752
    0.215686    0.811497   -0.593449   -1.153373    0.000000       -2.174962        1.000000    2.730880    0.478097    0.142919    4.409752
    0.225490    0.834761   -0.542820   -1.190007    0.000000       -2.215757        1.000000    2.957634    0.555695    0.142919    4.409752
    0.235294    0.856120   -0.490447   -1.234082    0.000000       -2.264454        1.000000    3.190191    0.640135    0.142919    4.409752
    0.245098    0.875443   -0.436008   -1.285442    0.000000       -2.320855        1.000000    3.427996    0.731244    0.142919    4.409752
    0.254902    0.892587   -0.379228   -1.341704    0.000000       -2.382444        1.000000    3.670458    0.828719    0.142919    4.409752
    0.264706    0.907402   -0.320021   -1.396031    0.000000       -2.442126        1.000000    3.916945    0.932109    0.142919    4.409752
    0.274510    0.919743   -0.258746   -1.434305    0.000000       -2.485372        1.000000    4.166784    1.040787    0.142919    4.409752
    0.284314    0.929498   -0.196559   -1.433804    0.000000       -2.488937        1.000000    4.419273    1.153946    0.142919    4.409752
    0.294118    0.936637   -0.135715   -1.368095    0.000000       -2.425927        1.000000    4.673701    1.270608    0.142919    4.409752
    0.303922    0.941256   -0.079447   -1.221338    0.000000       -2.280398        1.000000    4.929384    1.389700    0.142919    4.409752
    0.313725    0.943611   -0.031145   -1.003810    0.000000       -2.063055        1.000000    5.185706    1.510187    0.142919    4.409752
    0.323529    0.944097    0.006839   -0.751145    0.000000       -1.810334        1.000000    5.442161    1.631204    0.142919    4.409752
    0.333333    0.943178    0.033903   -0.504857    0.000000       -1.564493        1.000000    5.698365    1.752139    0.142919    4.409752
    0.343137    0.941310    0.051003   -0.293431    0.000000       -1.354399        1.000000    5.954063    1.872625    0.142919    4.409752
    0.352941    0.938887    0.059939   -0.127698    0.000000       -1.190876        1.000000    6.209102    1.992480    0.142919    4.409752
    0.362745    0.936219    0.062686   -0.006278    0.000000       -1.072306        1.000000    6.463417    2.111641    0.142919    4.409752
    0.372549    0.933534    0.061022    0.077632    0.000000       -0.991573        1.000000    6.717002    2.230116    0.142919    4.409752
    0.382353    0.930989    0.056399    0.131927    0.000000       -0.940492        1.000000    6.969896    2.347950    0.142919    4.409752
    0.392157    0.928686    0.049939    0.163684    0.000000       -0.911763        1.000000    7.222164    2.465207    0.142919    4.409752
    0.401961    0.926687    0.042488    0.178626    0.000000       -0.899514        1.000000    7.473890    2.581962    0.142919    4.409752
    0.411765    0.925019    0.034672    0.181180    0.000000       -0.899229        1.000000    7.725162    2.698293    0.142919    4.409752
    0.421569    0.923688    0.026952    0.174723    0.000000       -0.907501        1.000000    7.976072    2.814280    0.142919    4.409752
    0.431373    0.922682    0.019657    0.161828    0.000000       -0.921759        1.000000    8.226710    2.929997    0.142919    4.409752
    0.441176    0.921979    0.013023    0.144481    0.000000       -0.940050        1.000000    8.477156    3.045517    0.142919    4.409752
    0.450980    0.921545    0.007206    0.124234    0.000000       -0.960872        1.000000    8.727485    3.160904    0.142919    4.409752
    0.460784    0.921342    0.002305    0.102317    0.000000       -0.983053        1.000000    8.977758    3.276217    0.142919    4.409752
    0.470588    0.921331   -0.001631    0.079714    0.000000       -1.005671        1.000000    9.228029    3.391506    0.142919    4.409752
    0.480392    0.921469   -0.004589    0.057207    0.000000       -1.028005        1.000000    9.478337    3.506811    0.142919    4.409752
    0.490196    0.921714   -0.006587    0.035405    0.000000       -1.049506        1.000000    9.728711    3.622164    0.142919    4.409752
    0.500000    0.922026   -0.007667    0.014756    0.000000       -1.069780        1.000000    9.979170    3.737586    0.142919    4.409752
    0.509804    0.922365   -0.007884   -0.004453    0.000000       -1.088589        1.000000   10.229722    3.853089    0.142919    4.409752
    0.519608    0.922696   -0.007305   -0.022097    0.000000       -1.105849        1.000000   10.480363    3.968678    0.142919    4.409752
    0.529412    0.922986   -0.005996   -0.038216    0.000000       -1.121636        1.000000   10.731083    4.084345    0.142919    4.409752
    0.539216    0.923205   -0.004019   -0.053014    0.000000       -1.136189        1.000000   10.981862    4.200079    0.142919    4.409752
    0.549020    0.923325   -0.001426   -0.066860    0.000000       -1.149902        1.000000   11.232674    4.315856    0.142919    4.409752
    0.558824    0.923319    0.001755   -0.080274    0.000000       -1.163321        1.000000   11.483485    4.431648    0.142919    4.409752
    0.568627    0.923164    0.005519   -0.093911    0.000000       -1.177125        1.000000   11.734253    4.547421    0.142919    4.409752
    0.578431    0.922834    0.009890   -0.108535    0.000000       -1.192101        1.000000   11.984932    4.663130    0.142919    4.409752
    0.588235    0.922300    0.014929   -0.124988    0.000000       -1.209113        1.000000   12.235465    4.778726    0.142919    4.409752
    0.598039    0.921532    0.020736   -0.144150    0.000000       -1.229066        1.000000   12.485790    4.894150    0.142919    4.409752
    0.607843    0.920494    0.027445   -0.166890    0.000000       -1.252854        1.000000   12.735833    5.009334    0.142919    4.409752
    0.617647    0.919143    0.035229   -0.194009    0.000000       -1.281303        1.000000   12.985509    5.124198    0.142919    4.409752
    0.627451    0.917430    0.044293   -0.226177    0.000000       -1.315110        1.000000   13.234720    5.238646    0.142919    4.409752
    0.637255    0.915293    0.054865   -0.263861    0.000000       -1.354763        1.000000   13.483350    5.352566    0.142919    4.409752
    0.647059    0.912663    0.067190   -0.307249    0.000000       -1.400471        1.000000   13.731266    5.465824    0.142919    4.409752
    0.656863    0.909459    0.081512   -0.356192    0.000000       -1.452095        1.000000   13.978312    5.578261    0.142919    4.409752
    0.666667    0.905591    0.098061   -0.410159    0.000000       -1.509105        1.000000   14.224307    5.689688    0.142919    4.409752
    0.676471    0.900960    0.117036   -0.468241    0.000000       -1.570576        1.000000   14.469044    5.799882    0.142919    4.409752
    0.686275    0.895459    0.138590   -0.529196    0.000000       -1.635235        1.000000   14.712286    5.908585    0.142919    4.409752
    0.696078    0.888978    0.162814   -0.591551    0.000000       -1.701562        1.000000   14.953768    6.015502    0.142919    4.409752
    0.705882    0.881406    0.189736   -0.653741    0.000000       -1.767931        1.000000   15.193193    6.120302    0.142919    4.409752
    0.715686    0.872635    0.219316   -0.714258    0.000000       -1.832763        1.000000   15.430236    6.222620    0.142919    4.409752
    0.725490    0.862561    0.251452   -0.771792    0.000000       -1.894672        1.000000   15.664542    6.322065    0.142919    4.409752
    0.735294    0.851092    0.285992   -0.825327    0.000000       -1.952565        1.000000   15.895733    6.418230    0.142919    4.409752
    0.745098    0.838143    0.322747   -0.874184    0.000000       -2.005695        1.000000   16.123406    6.510699    0.142919    4.409752
    0.754902    0.823646    0.361506   -0.918018    0.000000       -2.053657        1.000000   16.347141    6.599066    0.142919    4.409752
    0.764706    0.807546    0.402051   -0.956772    0.000000       -2.096349        1.000000   16.566503    6.682943    0.142919    4.409752
    0.774510    0.789801    0.444163   -0.990617    0.000000       -2.133907        1.000000   16.781044    6.761974    0.142919    4.409752
    0.784314    0.770385    0.487639   -1.019878    0.000000       -2.166632        1.000000   16.990312    6.835853    0.142919    4.409752
    0.794118    0.749286    0.532288   -1.044973    0.000000       -2.194932        1.000000   17.193848    6.904326    0.142919    4.409752
    0.803922    0.726505    0.577940   -1.066358    0.000000       -2.219261        1.000000   17.391196    6.967210    0.142919    4.409752
    0.813725    0.702056    0.624444   -1.084496    0.000000       -2.240085        1.000000   17.581902    7.024390    0.142919    4.409752
    0.823529    0.675963    0.671671   -1.099824    0.000000       -2.257849        1.000000   17.765521    7.075831    0.142919    4.409752
    0.833333    0.648262    0.719507   -1.112744    0.000000       -2.272970        1.000000   17.941615    7.121576    0.142919    4.409752
    0.843137    0.618998    0.767856   -1.123613    0.000000       -2.285817        1.000000   18.109760    7.161744    0.142919    4.409752
    0.852941    0.588223    0.816636   -1.132746    0.000000       -2.296721        1.000000   18.269545    7.196529    0.142919    4.409752
    0.862745    0.555999    0.865778   -1.140411    0.000000       -2.305966        1.000000   18.420577    7.226194    0.142919    4.409752
    0.872549    0.522395    0.915224   -1.146838    0.000000       -2.313796        1.000000   18.562480    7.251065    0.142919    4.409752
    0.882353    0.487484    0.964925   -1.152220    0.000000       -2.320420        1.000000   18.694900    7.271518    0.142919    4.409752
    0.892157    0.451347    1.014839   -1.156721    0.000000       -2.326013        1.000000   18.817504    7.287972    0.142919    4.409752
    0.901961    0.414069    1.064931   -1.160476    0.000000       -2.330725        1.000000   18.929982    7.300876    0.142919    4.409752
    0.911765    0.375741    1.115172   -1.163598    0.000000       -2.334679        1.000000   19.032048    7.310697    0.142919    4.409752
    0.921569    0.336456    1.165535   -1.166182    0.000000       -2.337980        1.000000   19.123443    7.317908    0.142919    4.409752
    0.931373    0.296312    1.216000   -1.168304    0.000000       -2.340715        1.000000   19.203933    7.322973    0.142919    4.409752
    0.941176    0.255410    1.266547   -1.170028    0.000000       -2.342953        1.000000   19.273313    7.326337    0.142919    4.409752
    0.950980    0.213853    1.317162   -1.171406    0.000000       -2.344755        1.000000   19.331404    7.328413    0.142919    4.409752
    0.960784    0.171746    1.367830   -1.172480    0.000000       -2.346167        1.000000   19.378057    7.329570    0.142919    4.409752
    0.970588    0.129198    1.418537   -1.173282    0.000000       -2.347227        1.000000   19.413152    7.330124    0.142919    4.409752
    0.980392    0.086317    1.469275   -1.173837    0.000000       -2.347964        1.000000   19.436599    7.330331    0.142919    4.409752
    0.990196    0.043214    1.520031   -1.174163    0.000000       -2.348398        1.000000   19.448338    7.330380    0.142919    4.409752
    1.000000    0.000000    1.570796   -1.174271    0.000000       -2.348541        1.000000   19.448338    7.330383    0.142919    4.409752
