           t           r         psi          cs          qs               p             sig           A           V          Q2           S
    0.000000    0.000000   -1.570796   -1.769943    0.000000       -3.539885        1.000000    0.000000    0.000000    0.848229   10.894881
    0.009804    0.106162   -1.377834   -1.879370    0.000000       -3.685736        1.000000    0.000000    0.000181    0.848229   10.894881
    0.019608    0.208067   -1.162052   -2.190506    0.000000       -4.100745        1.000000    0.139638    0.002897    0.848229   10.894881
    0.029412    0.299807   -0.905854   -2.608961    0.000000       -4.666993        1.000000    0.340846    0.014371    0.848229   10.894881
    0.039216    0.373148   -0.609874   -2.877755    0.000000       -5.074524        1.000000    0.591274    0.042504    0.848229   10.894881
    0.049020    0.420142   -0.308883   -2.658374    0.000000       -4.925878        1.000000    0.873242    0.090459    0.848229   10.894881
    0.058824    0.439044   -0.061233   -1.914308    0.000000       -4.187715        1.000000    1.167894    0.151895    0.848229   10.894881
    0.068627    0.436419    0.094016   -0.997743    0.000000       -3.279000        1.000000    1.460785    0.216514    0.848229   10.894881
    0.078431    0.422293    0.157735   -0.236564    0.000000       -2.575194        1.000000    1.744195    0.277987    0.848229   10.894881
    0.088235    0.405233    0.154370    0.252763    0.000000       -2.185611        1.000000    2.016156    0.334696    0.848229   10.894881
    0.098039    0.390776    0.113165    0.478677    0.000000       -2.063964        1.000000    2.278415    0.387265    0.848229   10.894881
    0.107843    0.381550    0.059520    0.497203    0.000000       -2.119044        1.000000    2.534482    0.436990    0.848229   10.894881
    0.117647    0.377860    0.011637    0.384182    0.000000       -2.262124        1.000000    2.788073    0.485228    0.848229   10.894881
    0.127451    0.378501   -0.020671    0.217808    0.000000       -2.423627        1.000000    3.042094    0.533144    0.848229   10.894881
    0.137255    0.381637   -0.035256    0.060724    0.000000       -2.557935        1.000000    3.298219    0.581563    0.848229   10.894881
    0.147059    0.385511   -0.035307   -0.050536    0.000000       -2.642879        1.000000    3.556945    0.630901    0.848229   10.894881
    0.156863    0.388863   -0.026490   -0.105403    0.000000       -2.676102        1.000000    3.817920    0.681203    0.848229   10.894881
    0.166667    0.391059   -0.014518   -0.112034    0.000000       -2.668924        1.000000    4.080368    0.732249    0.848229   10.894881
    0.176471    0.392006   -0.003656   -0.087816    0.000000       -2.638780        1.000000    4.343452    0.783713    0.848229   10.894881
    0.186275    0.391963    0.003803   -0.051135    0.000000       -2.602377        1.000000    4.606508    0.835290    0.848229   10.894881
    0.196078    0.391335    0.007337   -0.016193    0.000000       -2.571481        1.000000    4.869142    0.886768    0.848229   10.894881
    0.205882    0.390512    0.007619    0.008929    0.000000       -2.551737        1.000000    5.131224    0.938048    0.848229   10.894881
    0.215686    0.389780    0.005870    0.021834    0.000000       -2.543675        1.000000    5.392814    0.989120    0.848229   10.894881
    0.225490    0.389286    0.003335    0.024133    0.000000       -2.544660        1.000000    5.654072    1.040030    0.848229   10.894881
    0.235294    0.389061    0.000963    0.019448    0.000000       -2.550843        1.000000    5.915180    1.090847    0.848229   10.894881
    0.245098    0.389055   -0.000713    0.011721    0.000000       -2.558610        1.000000    6.176284    1.141636    0.848229   10.894881
    0.254902    0.389183   -0.001546    0.004100    0.000000       -2.565384        1.000000    6.437473    1.192443    0.848229   10.894881
    0.264706    0.389359   -0.001661   -0.001538    0.000000       -2.569856        1.000000    6.698781    1.243291    0.848229   10.894881
    0.274510    0.389521   -0.001312   -0.004557    0.000000       -2.571811        1.000000    6.960198    1.294184    0.848229   10.894881
    0.284314    0.389633   -0.000771   -0.005234    0.000000       -2.571752        1.000000    7.221690    1.345113    0.848229   10.894881
    0.294118    0.389687   -0.000250   -0.004325    0.000000       -2.570490        1.000000    7.483217    1.396065    0.848229   10.894881
    0.303922    0.389692    0.000127   -0.002688    0.000000       -2.568819        1.000000    7.744748    1.447023    0.848229   10.894881
    0.313725    0.389666    0.000323   -0.001022    0.000000       -2.567323        1.000000    8.006262    1.497978    0.848229   10.894881
    0.323529    0.389628    0.000360    0.000241    0.000000       -2.566308        1.000000    8.267751    1.548925    0.848229   10.894881
    0.333333    0.389593    0.000292    0.000943    0.000000       -2.565839        1.000000    8.529215    1.599862    0.848229   10.894881
    0.343137    0.389568    0.000177    0.001130    0.000000       -2.565819        1.000000    8.790663    1.650791    0.848229   10.894881
    0.352941    0.389555    0.000063    0.000958    0.000000       -2.566074        1.000000    9.052103    1.701715    0.848229   10.894881
    0.362745    0.389553   -0.000021    0.000613    0.000000       -2.566431        1.000000    9.313541    1.752637    0.848229   10.894881
    0.372549    0.389558   -0.000067    0.000251    0.000000       -2.566761        1.000000    9.574982    1.803559    0.848229   10.894881
    0.382353    0.389566   -0.000078   -0.000031    0.000000       -2.566990        1.000000    9.836429    1.854483    0.848229   10.894881
    0.392157    0.389574   -0.000065   -0.000194    0.000000       -2.567101        1.000000   10.097881    1.905410    0.848229   10.894881
    0.401961    0.389580   -0.000041   -0.000243    0.000000       -2.567113        1.000000   10.359337    1.956338    0.848229   10.894881
    0.411765    0.389583   -0.000016   -0.000212    0.000000       -2.567062        1.000000   10.620795    2.007268    0.848229   10.894881
    0.421569    0.389583    0.000003   -0.000140    0.000000       -2.566986        1.000000   10.882253    2.058197    0.848229   10.894881
    0.431373    0.389582    0.000014   -0.000061    0.000000       -2.566914        1.000000   11.143710    2.109127    0.848229   10.894881
    0.441176    0.389580    0.000017    0.000002    0.000000       -2.566862        1.000000   11.405167    2.160056    0.848229   10.894881
    0.450980    0.389579    0.000014    0.000040    0.000000       -2.566836        1.000000   11.666622    2.210985    0.848229   10.894881
    0.460784    0.389577    0.000009    0.000052    0.000000       -2.566831        1.000000   11.928077    2.261914    0.848229   10.894881
    0.470588    0.389577    0.000004    0.000047    0.000000       -2.566842        1.000000   12.189530    2.312842    0.848229   10.894881
    0.480392    0.389577   -0.000000    0.000032    0.000000       -2.566858        1.000000   12.450984    2.363770    0.848229   10.894881
    0.490196    0.389577   -0.000003    0.000015    0.000000       -2.566874        1.000000   12.712438    2.414699    0.848229   10.894881
    0.500000    0.389577   -0.000004    0.000001    0.000000       -2.566885        1.000000   12.973893    2.465627    0.848229   10.894881
    0.509804    0.389578   -0.000003   -0.000008    0.000000       -2.566891        1.000000   13.235347    2.516555    0.848229   10.894881
    0.519608    0.389578   -0.000002   -0.000011    0.000000       -2.566893        1.000000   13.496802    2.567484    0.848229   10.894881
    0.529412    0.389578   -0.000001   -0.000010    0.000000       -2.566891        1.000000   13.758256    2.618412    0.848229   10.894881
    0.539216    0.389578    0.000000   -0.000007    0.000000       -2.566887        1.000000   14.019711    2.669341    0.848229   10.894881
    0.549020    0.389578    0.000001   -0.000003    0.000000       -2.566884        1.000000   14.281166    2.720269    0.848229   10.894881
    0.558824    0.389578    0.000001   -0.000000    0.000000       -2.566881        1.000000   14.542621    2.771198    0.848229   10.894881
    0.568627    0.389578    0.000001    0.000002    0.000000       -2.566880        1.000000   14.804075    2.822126    0.848229   10.894881
    0.578431    0.389578    0.000000    0.000002    0.000000       -2.566879        1.000000   15.065530    2.873055    0.848229   10.894881
    0.588235    0.389578    0.000000    0.000002    0.000000       -2.566880        1.000000   15.326985    2.923983    0.848229   10.894881
    0.598039    0.389578    0.000000    0.000002    0.000000       -2.566880        1.000000   15.588439    2.974911    0.848229   10.894881
    0.607843    0.389578   -0.000000    0.000001    0.000000       -2.566881        1.000000   15.849894    3.025840    0.848229   10.894881
    0.617647    0.389578   -0.000000    0.000000    0.000000       -2.566882        1.000000   16.111349    3.076768    0.848229   10.894881
    0.627451    0.389578   -0.000000   -0.000000    0.000000       -2.566882        1.000000   16.372803    3.127697    0.848229   10.894881
    0.637255    0.389578   -0.000000   -0.000001    0.000000       -2.566882        1.000000   16.634258    3.178625    0.848229   10.894881
    0.647059    0.389578   -0.000000   -0.000001    0.000000       -2.566882        1.000000   16.895712    3.229554    0.848229   10.894881
    0.656863    0.389578    0.000000   -0.000001    0.000000       -2.566882        1.000000   17.157167    3.280482    0.848229   10.894881
    0.666667    0.389578    0.000000   -0.000001    0.000000       -2.566883        1.000000   17.418622    3.331411    0.848229   10.894881
    0.676471    0.389578    0.000000   -0.000001    0.000000       -2.566883        1.000000   17.680076    3.382339    0.848229   10.894881
    0.686275    0.389578    0.000000   -0.000001    0.000000       -2.566883        1.000000   17.941531    3.433267    0.848229   10.894881
    0.696078    0.389578    0.000001   -0.000002    0.000000       -2.566885        1.000000   18.202985    3.484196    0.848229   10.894881
    0.705882    0.389578    0.000001   -0.000004    0.000000       -2.566887        1.000000   18.464440    3.535124    0.848229   10.894881
    0.715686    0.389577    0.000001   -0.000006    0.000000       -2.566890        1.000000   18.725894    3.586053    0.848229   10.894881
    0.725490    0.389577    0.000002   -0.000011    0.000000       -2.566895        1.000000   18.987349    3.636981    0.848229   10.894881
    0.735294    0.389577    0.000004   -0.000018    0.000000       -2.566905        1.000000   19.248803    3.687909    0.848229   10.894881
    0.745098    0.389576    0.000006   -0.000029    0.000000       -2.566920        1.000000   19.510257    3.738838    0.848229   10.894881
    0.754902    0.389576    0.000010   -0.000048    0.000000       -2.566944        1.000000   19.771710    3.789766    0.848229   10.894881
    0.764706    0.389574    0.000017   -0.000080    0.000000       -2.566985        1.000000   20.033162    3.840693    0.848229   10.894881
    0.774510    0.389572    0.000028   -0.000133    0.000000       -2.567053        1.000000   20.294613    3.891620    0.848229   10.894881
    0.784314    0.389568    0.000046   -0.000219    0.000000       -2.567166        1.000000   20.556061    3.942547    0.848229   10.894881
    0.794118    0.389561    0.000077   -0.000363    0.000000       -2.567353        1.000000   20.817504    3.993472    0.848229   10.894881
    0.803922    0.389551    0.000127   -0.000602    0.000000       -2.567661        1.000000   21.078941    4.044395    0.848229   10.894881
    0.813725    0.389533    0.000211   -0.000996    0.000000       -2.568172        1.000000   21.340366    4.095314    0.848229   10.894881
    0.823529    0.389504    0.000349   -0.001649    0.000000       -2.569018        1.000000   21.601770    4.146227    0.848229   10.894881
    0.833333    0.389455    0.000578   -0.002729    0.000000       -2.570418        1.000000   21.863143    4.197131    0.848229   10.894881
    0.843137    0.389375    0.000957   -0.004518    0.000000       -2.572736        1.000000   22.124461    4.248018    0.848229   10.894881
    0.852941    0.389242    0.001585   -0.007478    0.000000       -2.576571        1.000000   22.385691    4.298877    0.848229   10.894881
    0.862745    0.389022    0.002623   -0.012373    0.000000       -2.582914        1.000000   22.646772    4.349691    0.848229   10.894881
    0.872549    0.388658    0.004341   -0.020466    0.000000       -2.593401        1.000000   22.907609    4.400431    0.848229   10.894881
    0.882353    0.388055    0.007181   -0.033831    0.000000       -2.610720        1.000000   23.168042    4.451046    0.848229   10.894881
    0.892157    0.387058    0.011874   -0.055866    0.000000       -2.639276        1.000000   23.427805    4.501456    0.848229   10.894881
    0.901961    0.385411    0.019617   -0.092096    0.000000       -2.686233        1.000000   23.686463    4.551526    0.848229   10.894881
    0.911765    0.382691    0.032364   -0.151392    0.000000       -2.763098        1.000000   23.943296    4.601032    0.848229   10.894881
    0.921569    0.378210    0.053268   -0.247696    0.000000       -2.887977        1.000000   24.197122    4.649607    0.848229   10.894881
    0.931373    0.370854    0.087336   -0.402110    0.000000       -3.088314        1.000000   24.446010    4.696641    0.848229   10.894881
    0.941176    0.358847    0.142288   -0.644398    0.000000       -3.402938        1.000000   24.686841    4.741144    0.848229   10.894881
    0.950980    0.339458    0.229422   -1.010907    0.000000       -3.879595        1.000000   24.914659    4.781550    0.848229   10.894881
    0.960784    0.308736    0.363792   -1.532074    0.000000       -4.559106        1.000000   25.121859    4.815565    0.848229   10.894881
    0.970588    0.261686    0.562049   -2.200162    0.000000       -5.433679        1.000000   25.297482    4.840414    0.848229   10.894881
    0.980392    0.193705    0.835829   -2.921339    0.000000       -6.383122        1.000000   25.427482    4.854234    0.848229   10.894881
    0.990196    0.104085    1.181093   -3.500415    0.000000       -7.150440        1.000000   25.497336    4.858640    0.848229   10.894881
    1.000000    0.000000    1.570796   -3.724169    0.000000       -7.448339        1.000000   25.497336    4.858997    0.848229   10.894881
