           t           r         psi          cs          qs               p             sig           A           V          Q2           S
    0.000000    0.000000   -1.570796   -0.991999    0.000000       -1.983997        1.000000    0.000000   -0.000000    0.049973    5.655156
    0.009804    0.055415   -1.515797   -0.992025    0.000000       -1.984032        1.000000    0.000000    0.000007    0.049973    5.655156
    0.019608    0.110662   -1.460794   -0.992105    0.000000       -1.984139        1.000000    0.038550    0.000117    0.049973    5.655156
    0.029412    0.165574   -1.405786   -0.992243    0.000000       -1.984322        1.000000    0.096229    0.000591    0.049973    5.655156
    0.039216    0.219986   -1.350768   -0.992448    0.000000       -1.984591        1.000000    0.172862    0.001855    0.049973    5.655156
    0.049020    0.273732   -1.295736   -0.992731    0.000000       -1.984960        1.000000    0.268219    0.004487    0.049973    5.655156
    0.058824    0.326649   -1.240687   -0.993107    0.000000       -1.985446        1.000000    0.382009    0.009202    0.049973    5.655156
    0.068627    0.378577   -1.185613   -0.993598    0.000000       -1.986075        1.000000    0.513889    0.016828    0.049973    5.655156
    0.078431    0.429358   -1.130509   -0.994233    0.000000       -1.986879        1.000000    0.663459    0.028278    0.049973    5.655156
    0.088235    0.478836   -1.075364   -0.995053    0.000000       -1.987903        1.000000    0.830264    0.044530    0.049973    5.655156
    0.098039    0.526861   -1.020167   -0.996111    0.000000       -1.989208        1.000000    1.013800    0.066588    0.049973    5.655156
    0.107843    0.573283   -0.964904   -0.997483    0.000000       -1.990876        1.000000    1.213507    0.095456    0.049973    5.655156
    0.117647    0.617960   -0.909553   -0.999272    0.000000       -1.993022        1.000000    1.428778    0.132103    0.049973    5.655156
    0.127451    0.660751   -0.854089   -1.001627    0.000000       -1.995807        1.000000    1.658955    0.177436    0.049973    5.655156
    0.137255    0.701520   -0.798473   -1.004762    0.000000       -1.999461        1.000000    1.903334    0.232263    0.049973    5.655156
    0.147059    0.740134   -0.742655   -1.008993    0.000000       -2.004320        1.000000    2.161165    0.297270    0.049973    5.655156
    0.156863    0.776463   -0.686562   -1.014793    0.000000       -2.010887        1.000000    2.431651    0.372994    0.049973    5.655156
    0.166667    0.810380   -0.630087   -1.022893    0.000000       -2.019927        1.000000    2.713952    0.459799    0.049973    5.655156
    0.176471    0.841755   -0.573074   -1.034441    0.000000       -2.032639        1.000000    3.007184    0.557861    0.049973    5.655156
    0.186275    0.870459   -0.515285   -1.051291    0.000000       -2.050939        1.000000    3.310414    0.667149    0.049973    5.655156
    0.196078    0.896349   -0.456349   -1.076471    0.000000       -2.077943        1.000000    3.622663    0.787418    0.049973    5.655156
    0.205882    0.919265   -0.395677   -1.114900    0.000000       -2.118676        1.000000    3.942895    0.918196    0.049973    5.655156
    0.215686    0.939015   -0.332342   -1.173987    0.000000       -2.180660        1.000000    4.270008    1.058774    0.049973    5.655156
    0.225490    0.955347   -0.264969   -1.261394    0.000000       -2.271604        1.000000    4.602809    1.208180    0.049973    5.655156
    0.235294    0.967931   -0.192084   -1.367336    0.000000       -2.381467        1.000000    4.939994    1.365126    0.049973    5.655156
    0.245098    0.976406   -0.114561   -1.402157    0.000000       -2.419608        1.000000    5.280132    1.527890    0.049973    5.655156
    0.254902    0.980673   -0.041765   -1.164707    0.000000       -2.183525        1.000000    5.621756    1.694256    0.049973    5.655156
    0.264706    0.981440    0.009401   -0.662201    0.000000       -1.681067        1.000000    5.963647    1.861945    0.049973    5.655156
    0.274510    0.980153    0.032883   -0.215210    0.000000       -1.234907        1.000000    6.305090    2.029485    0.049973    5.655156
    0.284314    0.978152    0.036980    0.037043    0.000000       -0.984594        1.000000    6.645836    2.196374    0.049973    5.655156
    0.294118    0.976229    0.031445    0.144675    0.000000       -0.879169        1.000000    6.985912    2.362588    0.049973    5.655156
    0.303922    0.974729    0.022398    0.172335    0.000000       -0.853334        1.000000    7.325466    2.528254    0.049973    5.655156
    0.313725    0.973749    0.013075    0.159358    0.000000       -0.867512        1.000000    7.664678    2.693533    0.049973    5.655156
    0.323529    0.973255    0.005077    0.127188    0.000000       -0.900279        1.000000    8.003718    2.858584    0.049973    5.655156
    0.333333    0.973149   -0.000901    0.088018    0.000000       -0.939573        1.000000    8.342721    3.023542    0.049973    5.655156
    0.343137    0.973314   -0.004695    0.049401    0.000000       -0.978005        1.000000    8.681781    3.188513    0.049973    5.655156
    0.352941    0.973632   -0.006481    0.016251    0.000000       -1.010809        1.000000    9.020953    3.353568    0.049973    5.655156
    0.362745    0.974003   -0.006654   -0.008484    0.000000       -1.035153        1.000000    9.360253    3.518741    0.049973    5.655156
    0.372549    0.974350   -0.005718   -0.023683    0.000000       -1.049992        1.000000    9.699674    3.684038    0.049973    5.655156
    0.382353    0.974626   -0.004194   -0.029917    0.000000       -1.055942        1.000000   10.039192    3.849442    0.049973    5.655156
    0.392157    0.974812   -0.002532   -0.029067    0.000000       -1.054902        1.000000   10.378774    4.014927    0.049973    5.655156
    0.401961    0.974910   -0.001055   -0.023677    0.000000       -1.049412        1.000000   10.718391    4.180460    0.049973    5.655156
    0.411765    0.974936    0.000057   -0.016272    0.000000       -1.041980        1.000000   11.058016    4.346014    0.049973    5.655156
    0.421569    0.974912    0.000750   -0.008854    0.000000       -1.034587        1.000000   11.397634    4.511568    0.049973    5.655156
    0.431373    0.974860    0.001062   -0.002694    0.000000       -1.028482        1.000000   11.737233    4.677107    0.049973    5.655156
    0.441176    0.974799    0.001083    0.001634    0.000000       -1.024218        1.000000   12.076810    4.842628    0.049973    5.655156
    0.450980    0.974743    0.000916    0.004089    0.000000       -1.021822        1.000000   12.416369    5.008128    0.049973    5.655156
    0.460784    0.974699    0.000659    0.004961    0.000000       -1.020996        1.000000   12.755912    5.173611    0.049973    5.655156
    0.470588    0.974670    0.000387    0.004693    0.000000       -1.021294        1.000000   13.095445    5.339082    0.049973    5.655156
    0.480392    0.974656    0.000151    0.003748    0.000000       -1.022255        1.000000   13.434973    5.504546    0.049973    5.655156
    0.490196    0.974653   -0.000024    0.002527    0.000000       -1.023480        1.000000   13.774500    5.670006    0.049973    5.655156
    0.500000    0.974657   -0.000130    0.001328    0.000000       -1.024674        1.000000   14.114028    5.835467    0.049973    5.655156
    0.509804    0.974666   -0.000175    0.000336    0.000000       -1.025657        1.000000   14.453560    6.000931    0.049973    5.655156
    0.519608    0.974676   -0.000173   -0.000367    0.000000       -1.026350        1.000000   14.793095    6.166397    0.049973    5.655156
    0.529412    0.974685   -0.000140   -0.000780    0.000000       -1.026753        1.000000   15.132633    6.331867    0.049973    5.655156
    0.539216    0.974691   -0.000091   -0.000955    0.000000       -1.026921        1.000000   15.472173    6.497339    0.049973    5.655156
    0.549020    0.974694   -0.000037   -0.000973    0.000000       -1.026936        1.000000   15.811714    6.662813    0.049973    5.655156
    0.558824    0.974695    0.000016   -0.000925    0.000000       -1.026887        1.000000   16.151256    6.828288    0.049973    5.655156
    0.568627    0.974693    0.000066   -0.000901    0.000000       -1.026866        1.000000   16.490797    6.993763    0.049973    5.655156
    0.578431    0.974688    0.000118   -0.000988    0.000000       -1.026958        1.000000   16.830336    7.159236    0.049973    5.655156
    0.588235    0.974679    0.000180   -0.001275    0.000000       -1.027253        1.000000   17.169872    7.324707    0.049973    5.655156
    0.598039    0.974667    0.000265   -0.001866    0.000000       -1.027857        1.000000   17.509404    7.490174    0.049973    5.655156
    0.607843    0.974649    0.000395   -0.002906    0.000000       -1.028916        1.000000   17.848930    7.655637    0.049973    5.655156
    0.617647    0.974622    0.000600   -0.004614    0.000000       -1.030653        1.000000   18.188446    7.821092    0.049973    5.655156
    0.627451    0.974581    0.000925   -0.007329    0.000000       -1.033411        1.000000   18.527947    7.986535    0.049973    5.655156
    0.637255    0.974516    0.001440   -0.011582    0.000000       -1.037731        1.000000   18.867427    8.151961    0.049973    5.655156
    0.647059    0.974415    0.002252   -0.018190    0.000000       -1.044443        1.000000   19.206871    8.317359    0.049973    5.655156
    0.656863    0.974258    0.003523   -0.028389    0.000000       -1.054805        1.000000   19.546260    8.482713    0.049973    5.655156
    0.666667    0.974012    0.005500   -0.043988    0.000000       -1.070655        1.000000   19.885564    8.647999    0.049973    5.655156
    0.676471    0.973628    0.008547   -0.067513    0.000000       -1.094562        1.000000   20.224734    8.813178    0.049973    5.655156
    0.686275    0.973035    0.013193   -0.102231    0.000000       -1.129855        1.000000   20.563697    8.978187    0.049973    5.655156
    0.696078    0.972123    0.020159   -0.151851    0.000000       -1.180319        1.000000   20.902343    9.142933    0.049973    5.655156
    0.705882    0.970740    0.030367   -0.219603    0.000000       -1.249270        1.000000   21.240506    9.307265    0.049973    5.655156
    0.715686    0.968677    0.044867   -0.306577    0.000000       -1.337875        1.000000   21.577951    9.470959    0.049973    5.655156
    0.725490    0.965668    0.064666   -0.409855    0.000000       -1.443243        1.000000   21.914349    9.633677    0.049973    5.655156
    0.735294    0.961401    0.090477   -0.521851    0.000000       -1.557746        1.000000   22.249259    9.794941    0.049973    5.655156
    0.745098    0.955536    0.122501   -0.632190    0.000000       -1.670880        1.000000   22.582127    9.954097    0.049973    5.655156
    0.754902    0.947746    0.160370   -0.731411    0.000000       -1.773007        1.000000   22.912280   10.110321    0.049973    5.655156
    0.764706    0.937742    0.203293   -0.813958    0.000000       -1.858389        1.000000   23.238949   10.262639    0.049973    5.655156
    0.774510    0.925293    0.250294   -0.878670    0.000000       -1.925732        1.000000   23.561281   10.409977    0.049973    5.655156
    0.784314    0.910232    0.300428   -0.927390    0.000000       -1.976803        1.000000   23.878367   10.551229    0.049973    5.655156
    0.794118    0.892452    0.352890   -0.963197    0.000000       -2.014657        1.000000   24.189259   10.685325    0.049973    5.655156
    0.803922    0.871898    0.407052   -0.989213    0.000000       -2.042424        1.000000   24.492990   10.811281    0.049973    5.655156
    0.813725    0.848553    0.462447   -1.008065    0.000000       -2.062758        1.000000   24.788589   10.928255    0.049973    5.655156
    0.823529    0.822438    0.518737   -1.021768    0.000000       -2.077709        1.000000   25.075091   11.035574    0.049973    5.655156
    0.833333    0.793597    0.575678   -1.031794    0.000000       -2.088782        1.000000   25.351546   11.132762    0.049973    5.655156
    0.843137    0.762097    0.633099   -1.039191    0.000000       -2.097059        1.000000   25.617028   11.219553    0.049973    5.655156
    0.852941    0.728023    0.690875   -1.044700    0.000000       -2.103305        1.000000   25.870640   11.295892    0.049973    5.655156
    0.862745    0.691476    0.748916   -1.048840    0.000000       -2.108064        1.000000   26.111520   11.361936    0.049973    5.655156
    0.872549    0.652567    0.807157   -1.051980    0.000000       -2.111724        1.000000   26.338846   11.418037    0.049973    5.655156
    0.882353    0.611424    0.865552   -1.054380    0.000000       -2.114562        1.000000   26.551840   11.464731    0.049973    5.655156
    0.892157    0.568180    0.924063   -1.056228    0.000000       -2.116777        1.000000   26.749769   11.502708    0.049973    5.655156
    0.901961    0.522981    0.982664   -1.057659    0.000000       -2.118516        1.000000   26.931953   11.532788    0.049973    5.655156
    0.911765    0.475978    1.041336   -1.058771    0.000000       -2.119887        1.000000   27.097763   11.555887    0.049973    5.655156
    0.921569    0.427332    1.100062   -1.059638    0.000000       -2.120969        1.000000   27.246627   11.572982    0.049973    5.655156
    0.931373    0.377209    1.158830   -1.060312    0.000000       -2.121822        1.000000   27.378031   11.585073    0.049973    5.655156
    0.941176    0.325782    1.217632   -1.060835    0.000000       -2.122491        1.000000   27.491519   11.593153    0.049973    5.655156
    0.950980    0.273227    1.276459   -1.061236    0.000000       -2.123009        1.000000   27.586700   11.598164    0.049973    5.655156
    0.960784    0.219726    1.335306   -1.061538    0.000000       -2.123403        1.000000   27.663243   11.600968    0.049973    5.655156
    0.970588    0.165465    1.394167   -1.061757    0.000000       -2.123691        1.000000   27.720884   11.602317    0.049973    5.655156
    0.980392    0.110629    1.453038   -1.061905    0.000000       -2.123887        1.000000   27.759422   11.602823    0.049973    5.655156
    0.990196    0.055411    1.511916   -1.061991    0.000000       -2.124001        1.000000   27.778725   11.602941    0.049973    5.655156
    1.000000    0.000000    1.570796   -1.062019    0.000000       -2.124038        1.000000   27.778725   11.602949    0.049973    5.655156
