           t           r         psi          cs          qs               p             sig           A           V          Q2           S
    0.000000    0.000000   -1.570796   -1.189745    0.000000       -2.379490        1.000000    0.000000    0.000000    0.590127    7.454166
    0.009804    0.072988   -1.483684   -1.196578    0.000000       -2.388593        1.000000    0.000000    0.000027    0.590127    7.454166
    0.019608    0.145418   -1.395562   -1.217479    0.000000       -2.416359        1.000000    0.066772    0.000424    0.590127    7.454166
    0.029412    0.216711   -1.305367   -1.253555    0.000000       -2.464033        1.000000    0.166280    0.002134    0.590127    7.454166
    0.039216    0.286241   -1.211935   -1.306360    0.000000       -2.533327        1.000000    0.297715    0.006681    0.590127    7.454166
    0.049020    0.353313   -1.113985   -1.377411    0.000000       -2.625848        1.000000    0.459948    0.016101    0.590127    7.454166
    0.058824    0.417129   -1.010153   -1.467245    0.000000       -2.741985        1.000000    0.651484    0.032821    0.590127    7.454166
    0.068627    0.476767   -0.899124   -1.573634    0.000000       -2.878875        1.000000    0.870403    0.059466    0.590127    7.454166
    0.078431    0.531165   -0.779934   -1.688578    0.000000       -3.027071        1.000000    1.114301    0.098559    0.590127    7.454166
    0.088235    0.579148   -0.652534   -1.794353    0.000000       -3.166278        1.000000    1.380232    0.152096    0.590127    7.454166
    0.098039    0.619533   -0.518620   -1.860840    0.000000       -3.262709        1.000000    1.664706    0.221006    0.590127    7.454166
    0.107843    0.651327   -0.382454   -1.849487    0.000000       -3.273890        1.000000    1.963779    0.304655    0.590127    7.454166
    0.117647    0.674020   -0.250984   -1.728900    0.000000       -3.166050        1.000000    2.273273    0.400667    0.590127    7.454166
    0.127451    0.687838   -0.132522   -1.496163    0.000000       -2.937246        1.000000    2.589111    0.505365    0.590127    7.454166
    0.137255    0.693783   -0.034245   -1.184484    0.000000       -2.625011        1.000000    2.907680    0.614711    0.590127    7.454166
    0.147059    0.693423    0.039970   -0.846621    0.000000       -2.287590        1.000000    3.226083    0.725280    0.590127    7.454166
    0.156863    0.688536    0.090024   -0.529652    0.000000       -1.976127        1.000000    3.542242    0.834738    0.590127    7.454166
    0.166667    0.680809    0.118589   -0.261522    0.000000       -1.720047        1.000000    3.854852    0.941812    0.590127    7.454166
    0.176471    0.671668    0.129685   -0.052021    0.000000       -1.528350        1.000000    4.163266    1.045999    0.590127    7.454166
    0.186275    0.662226    0.127587    0.100377    0.000000       -1.397408        1.000000    4.467344    1.147266    0.590127    7.454166
    0.196078    0.653293    0.116242    0.202379    0.000000       -1.317997        1.000000    4.767320    1.245831    0.590127    7.454166
    0.205882    0.645416    0.099034    0.262257    0.000000       -1.279540        1.000000    5.063679    1.342044    0.590127    7.454166
    0.215686    0.638917    0.078737    0.288203    0.000000       -1.272096        1.000000    5.357055    1.436309    0.590127    7.454166
    0.225490    0.633942    0.057552    0.287760    0.000000       -1.287061        1.000000    5.648145    1.529047    0.590127    7.454166
    0.235294    0.630491    0.037155    0.267705    0.000000       -1.317265        1.000000    5.937651    1.620673    0.590127    7.454166
    0.245098    0.628464    0.018755    0.234059    0.000000       -1.356843        1.000000    6.226226    1.711576    0.590127    7.454166
    0.254902    0.627682    0.003147    0.192113    0.000000       -1.401042        1.000000    6.514443    1.802110    0.590127    7.454166
    0.264706    0.627925   -0.009234    0.146416    0.000000       -1.446064        1.000000    6.802770    1.892576    0.590127    7.454166
    0.274510    0.628950   -0.018255    0.100758    0.000000       -1.488929        1.000000    7.091569    1.983223    0.590127    7.454166
    0.284314    0.630514   -0.024035    0.058146    0.000000       -1.527404        1.000000    7.381085    2.074238    0.590127    7.454166
    0.294118    0.632391   -0.026882    0.020792    0.000000       -1.559937        1.000000    7.671464    2.165746    0.590127    7.454166
    0.303922    0.634382   -0.027238   -0.009867    0.000000       -1.585620        1.000000    7.962756    2.257817    0.590127    7.454166
    0.313725    0.636323   -0.025621   -0.033127    0.000000       -1.604139        1.000000    8.254940    2.350466    0.590127    7.454166
    0.323529    0.638091   -0.022578   -0.048933    0.000000       -1.615707        1.000000    8.547936    2.443664    0.590127    7.454166
    0.333333    0.639601   -0.018639   -0.057769    0.000000       -1.620971        1.000000    8.841626    2.537352    0.590127    7.454166
    0.343137    0.640805   -0.014283   -0.060523    0.000000       -1.620900        1.000000    9.135868    2.631446    0.590127    7.454166
    0.352941    0.641689   -0.009913   -0.058344    0.000000       -1.616656        1.000000    9.430515    2.725852    0.590127    7.454166
    0.362745    0.642262   -0.005845   -0.052496    0.000000       -1.609467        1.000000    9.725426    2.820477    0.590127    7.454166
    0.372549    0.642556   -0.002299   -0.044236    0.000000       -1.600517        1.000000   10.020472    2.915231    0.590127    7.454166
    0.382353    0.642614    0.000590   -0.034716    0.000000       -1.590860        1.000000   10.315545    3.010037    0.590127    7.454166
    0.392157    0.642487    0.002768   -0.024916    0.000000       -1.581362        1.000000   10.610559    3.104830    0.590127    7.454166
    0.401961    0.642226    0.004244   -0.015609    0.000000       -1.572678        1.000000   10.905453    3.199565    0.590127    7.454166
    0.411765    0.641882    0.005075   -0.007349    0.000000       -1.565247        1.000000   11.200190    3.294210    0.590127    7.454166
    0.421569    0.641498    0.005352   -0.000484    0.000000       -1.559312        1.000000   11.494750    3.388745    0.590127    7.454166
    0.431373    0.641111    0.005184    0.004822    0.000000       -1.554950        1.000000   11.789133    3.483167    0.590127    7.454166
    0.441176    0.640748    0.004686    0.008555    0.000000       -1.552103        1.000000   12.083349    3.577477    0.590127    7.454166
    0.450980    0.640431    0.003970    0.010814    0.000000       -1.550621        1.000000   12.377419    3.671687    0.590127    7.454166
    0.460784    0.640171    0.003137    0.011783    0.000000       -1.550292        1.000000   12.671370    3.765813    0.590127    7.454166
    0.470588    0.639973    0.002273    0.011690    0.000000       -1.550871        1.000000   12.965230    3.859871    0.590127    7.454166
    0.480392    0.639838    0.001448    0.010787    0.000000       -1.552107        1.000000   13.259028    3.953881    0.590127    7.454166
    0.490196    0.639760    0.000710    0.009323    0.000000       -1.553763        1.000000   13.552790    4.047860    0.590127    7.454166
    0.500000    0.639731    0.000093    0.007530    0.000000       -1.555627        1.000000   13.846539    4.141823    0.590127    7.454166
    0.509804    0.639743   -0.000387    0.005608    0.000000       -1.557521        1.000000   14.140293    4.235784    0.590127    7.454166
    0.519608    0.639784   -0.000727    0.003720    0.000000       -1.559306        1.000000   14.434066    4.329753    0.590127    7.454166
    0.529412    0.639846   -0.000935    0.001991    0.000000       -1.560886        1.000000   14.727867    4.423737    0.590127    7.454166
    0.539216    0.639918   -0.001024    0.000501    0.000000       -1.562198        1.000000   15.021702    4.517742    0.590127    7.454166
    0.549020    0.639993   -0.001015   -0.000701    0.000000       -1.563218        1.000000   15.315571    4.611768    0.590127    7.454166
    0.558824    0.640064   -0.000929   -0.001604    0.000000       -1.563946        1.000000   15.609473    4.705815    0.590127    7.454166
    0.568627    0.640127   -0.000788   -0.002218    0.000000       -1.564407        1.000000   15.903404    4.799883    0.590127    7.454166
    0.578431    0.640179   -0.000611   -0.002577    0.000000       -1.564640        1.000000   16.197358    4.893967    0.590127    7.454166
    0.588235    0.640216   -0.000416   -0.002725    0.000000       -1.564697        1.000000   16.491330    4.988065    0.590127    7.454166
    0.598039    0.640239   -0.000216   -0.002718    0.000000       -1.564634        1.000000   16.785312    5.082171    0.590127    7.454166
    0.607843    0.640248   -0.000021   -0.002613    0.000000       -1.564507        1.000000   17.079298    5.176282    0.590127    7.454166
    0.617647    0.640243    0.000164   -0.002467    0.000000       -1.564374        1.000000   17.373282    5.270394    0.590127    7.454166
    0.627451    0.640224    0.000340   -0.002336    0.000000       -1.564289        1.000000   17.667258    5.364502    0.590127    7.454166
    0.637255    0.640193    0.000508   -0.002274    0.000000       -1.564302        1.000000   17.961219    5.458603    0.590127    7.454166
    0.647059    0.640150    0.000675   -0.002328    0.000000       -1.564462        1.000000   18.255160    5.552693    0.590127    7.454166
    0.656863    0.640094    0.000852   -0.002548    0.000000       -1.564817        1.000000   18.549076    5.646768    0.590127    7.454166
    0.666667    0.640025    0.001053   -0.002982    0.000000       -1.565420        1.000000   18.842959    5.740825    0.590127    7.454166
    0.676471    0.639940    0.001294   -0.003682    0.000000       -1.566328        1.000000   19.136804    5.834859    0.590127    7.454166
    0.686275    0.639834    0.001599   -0.004708    0.000000       -1.567611        1.000000   19.430600    5.928866    0.590127    7.454166
    0.696078    0.639704    0.001992   -0.006136    0.000000       -1.569357        1.000000   19.724337    6.022838    0.590127    7.454166
    0.705882    0.639540    0.002508   -0.008060    0.000000       -1.571678        1.000000   20.017998    6.116766    0.590127    7.454166
    0.715686    0.639333    0.003185   -0.010602    0.000000       -1.574723        1.000000   20.311564    6.210641    0.590127    7.454166
    0.725490    0.639069    0.004076   -0.013921    0.000000       -1.578684        1.000000   20.605009    6.304447    0.590127    7.454166
    0.735294    0.638731    0.005244   -0.018228    0.000000       -1.583811        1.000000   20.898299    6.398164    0.590127    7.454166
    0.745098    0.638294    0.006771   -0.023792    0.000000       -1.590432        1.000000   21.191388    6.491767    0.590127    7.454166
    0.754902    0.637730    0.008761   -0.030966    0.000000       -1.598968        1.000000   21.484218    6.585224    0.590127    7.454166
    0.764706    0.636999    0.011347   -0.040200    0.000000       -1.609959        1.000000   21.776712    6.678490    0.590127    7.454166
    0.774510    0.636053    0.014700   -0.052067    0.000000       -1.624094        1.000000   22.068772    6.771509    0.590127    7.454166
    0.784314    0.634827    0.019039   -0.067293    0.000000       -1.642240        1.000000   22.360269    6.864208    0.590127    7.454166
    0.794118    0.633240    0.024639   -0.086778    0.000000       -1.665479        1.000000   22.651037    6.956490    0.590127    7.454166
    0.803922    0.631187    0.031853   -0.111632    0.000000       -1.695146        1.000000   22.940863    7.048231    0.590127    7.454166
    0.813725    0.628535    0.041119   -0.143193    0.000000       -1.732849        1.000000   23.229471    7.139270    0.590127    7.454166
    0.823529    0.625116    0.052983   -0.183032    0.000000       -1.780491        1.000000   23.516509    7.229399    0.590127    7.454166
    0.833333    0.620716    0.068116   -0.232937    0.000000       -1.840245        1.000000   23.801526    7.318349    0.590127    7.454166
    0.843137    0.615069    0.087322   -0.294842    0.000000       -1.914481        1.000000   24.083951    7.405774    0.590127    7.454166
    0.852941    0.607848    0.111550   -0.370689    0.000000       -2.005612        1.000000   24.363060    7.491233    0.590127    7.454166
    0.862745    0.598653    0.141884   -0.462204    0.000000       -2.115835        1.000000   24.637947    7.574168    0.590127    7.454166
    0.872549    0.587008    0.179516   -0.570560    0.000000       -2.246738        1.000000   24.907486    7.653885    0.590127    7.454166
    0.882353    0.572359    0.225693   -0.695963    0.000000       -2.398810        1.000000   25.170299    7.729540    0.590127    7.454166
    0.892157    0.554083    0.281626   -0.837220    0.000000       -2.570905        1.000000   25.424720    7.800140    0.590127    7.454166
    0.901961    0.531511    0.348378   -0.991407    0.000000       -2.759815        1.000000   25.668777    7.864573    0.590127    7.454166
    0.911765    0.503966    0.426731   -1.153792    0.000000       -2.960112        1.000000   25.900186    7.921685    0.590127    7.454166
    0.921569    0.470822    0.517065   -1.318153    0.000000       -3.164444        1.000000   26.116376    7.970414    0.590127    7.454166
    0.931373    0.431575    0.619270   -1.477490    0.000000       -3.364305        1.000000   26.314544    8.009971    0.590127    7.454166
    0.941176    0.385926    0.732725   -1.624978    0.000000       -3.551133        1.000000   26.491752    8.040061    0.590127    7.454166
    0.950980    0.333855    0.856347   -1.754890    0.000000       -3.717424        1.000000   26.645050    8.061059    0.590127    7.454166
    0.960784    0.275672    0.988692   -1.863183    0.000000       -3.857517        1.000000   26.771632    8.074088    0.590127    7.454166
    0.970588    0.212048    1.128088   -1.947631    0.000000       -3.967869        1.000000   26.869000    8.080916    0.590127    7.454166
    0.980392    0.143993    1.272759   -2.007518    0.000000       -4.046822        1.000000   26.935117    8.083654    0.590127    7.454166
    0.990196    0.072806    1.420915   -2.043079    0.000000       -4.094017        1.000000   26.968548    8.084319    0.590127    7.454166
    1.000000    0.000000    1.570796   -2.054845    0.000000       -4.109689        1.000000   26.968548    8.084365    0.590127    7.454166
