           t           r         psi          cs          qs               p             sig           A           V          Q2           S
    0.000000    0.000000   -1.570796   -0.990794    0.000000       -1.981588        1.000000    0.000000    0.000000    0.082134    4.544477
    0.009804    0.044539   -1.526652   -0.990832    0.000000       -1.981639        1.000000    0.000000    0.000003    0.082134    4.544477
    0.019608    0.088992   -1.482505   -0.990948    0.000000       -1.981793        1.000000    0.024912    0.000049    0.082134    4.544477
    0.029412    0.133271   -1.438350   -0.991145    0.000000       -1.982054        1.000000    0.062220    0.000247    0.082134    4.544477
    0.039216    0.177290   -1.394185   -0.991431    0.000000       -1.982432        1.000000    0.111850    0.000777    0.082134    4.544477
    0.049020    0.220963   -1.350005   -0.991815    0.000000       -1.982938        1.000000    0.173707    0.001886    0.082134    4.544477
    0.058824    0.264206   -1.305805   -0.992313    0.000000       -1.983587        1.000000    0.247668    0.003883    0.082134    4.544477
    0.068627    0.306932   -1.261581   -0.992940    0.000000       -1.984401        1.000000    0.333591    0.007134    0.082134    4.544477
    0.078431    0.349059   -1.217325   -0.993720    0.000000       -1.985405        1.000000    0.431306    0.012054    0.082134    4.544477
    0.088235    0.390503   -1.173030   -0.994682    0.000000       -1.986632        1.000000    0.540623    0.019099    0.082134    4.544477
    0.098039    0.431183   -1.128688   -0.995863    0.000000       -1.988124        1.000000    0.661328    0.028757    0.082134    4.544477
    0.107843    0.471016   -1.084287   -0.997308    0.000000       -1.989933        1.000000    0.793184    0.041540    0.082134    4.544477
    0.117647    0.509925   -1.039816   -0.999077    0.000000       -1.992124        1.000000    0.935932    0.057970    0.082134    4.544477
    0.127451    0.547829   -0.995256   -1.001248    0.000000       -1.994784        1.000000    1.089291    0.078574    0.082134    4.544477
    0.137255    0.584651   -0.950590   -1.003918    0.000000       -1.998020        1.000000    1.252957    0.103868    0.082134    4.544477
    0.147059    0.620315   -0.905791   -1.007216    0.000000       -2.001974        1.000000    1.426608    0.134350    0.082134    4.544477
    0.156863    0.654746   -0.860827   -1.011312    0.000000       -2.006828        1.000000    1.609897    0.170487    0.082134    4.544477
    0.166667    0.687868   -0.815660   -1.016430    0.000000       -2.012825        1.000000    1.802458    0.212707    0.082134    4.544477
    0.176471    0.719607   -0.770236   -1.022871    0.000000       -2.020284        1.000000    2.003904    0.261388    0.082134    4.544477
    0.186275    0.749889   -0.724489   -1.031039    0.000000       -2.029638        1.000000    2.213827    0.316849    0.082134    4.544477
    0.196078    0.778638   -0.678329   -1.041486    0.000000       -2.041466        1.000000    2.431799    0.379341    0.082134    4.544477
    0.205882    0.805777   -0.631640   -1.054965    0.000000       -2.056557        1.000000    2.657367    0.449043    0.082134    4.544477
    0.215686    0.831226   -0.584264   -1.072506    0.000000       -2.075986        1.000000    2.890060    0.526048    0.082134    4.544477
    0.225490    0.854898   -0.535991   -1.095504    0.000000       -2.101195        1.000000    3.129379    0.610365    0.082134    4.544477
    0.235294    0.876699   -0.486539   -1.125798    0.000000       -2.134076        1.000000    3.374801    0.701904    0.082134    4.544477
    0.245098    0.896524   -0.435533   -1.165635    0.000000       -2.176925        1.000000    3.625773    0.800477    0.082134    4.544477
    0.254902    0.914249   -0.382496   -1.217242    0.000000       -2.231995        1.000000    3.881707    0.905781    0.082134    4.544477
    0.264706    0.929730   -0.326880   -1.281262    0.000000       -2.299890        1.000000    4.141975    1.017390    0.082134    4.544477
    0.274510    0.942801   -0.268213   -1.352463    0.000000       -2.375209        1.000000    4.405902    1.134728    0.082134    4.544477
    0.284314    0.953286   -0.206543   -1.410838    0.000000       -2.437545        1.000000    4.672764    1.257039    0.082134    4.544477
    0.294118    0.961040   -0.143345   -1.411377    0.000000       -2.441244        1.000000    4.941797    1.383359    0.082134    4.544477
    0.303922    0.966042   -0.082550   -1.293896    0.000000       -2.325523        1.000000    5.212230    1.512528    0.082134    4.544477
    0.313725    0.968508   -0.030165   -1.037264    0.000000       -2.069310        1.000000    5.483353    1.643323    0.082134    4.544477
    0.323529    0.968930    0.008722   -0.704065    0.000000       -1.736092        1.000000    5.754595    1.774698    0.082134    4.544477
    0.333333    0.967952    0.032889   -0.390436    0.000000       -1.422987        1.000000    6.025562    1.905962    0.082134    4.544477
    0.343137    0.966185    0.044643   -0.151143    0.000000       -1.185110        1.000000    6.296036    2.036772    0.082134    4.544477
    0.352941    0.964106    0.047554    0.008225    0.000000       -1.027833        1.000000    6.565927    2.167016    0.082134    4.544477
    0.362745    0.962032    0.044858    0.103810    0.000000       -0.934611        1.000000    6.835237    2.296694    0.082134    4.544477
    0.372549    0.960157    0.038972    0.154268    0.000000       -0.886438        1.000000    7.104023    2.425864    0.082134    4.544477
    0.382353    0.958583    0.031560    0.174390    0.000000       -0.868297        1.000000    7.372367    2.554602    0.082134    4.544477
    0.392157    0.957351    0.023726    0.174620    0.000000       -0.869635        1.000000    7.640368    2.682995    0.082134    4.544477
    0.401961    0.956464    0.016188    0.162099    0.000000       -0.883281        1.000000    7.908119    2.811129    0.082134    4.544477
    0.411765    0.955898    0.009397    0.141751    0.000000       -0.904340        1.000000    8.175713    2.939083    0.082134    4.544477
    0.421569    0.955612    0.003621    0.117062    0.000000       -0.929381        1.000000    8.443226    3.066932    0.082134    4.544477
    0.431373    0.955558   -0.001007    0.090589    0.000000       -0.955919        1.000000    8.710724    3.194739    0.082134    4.544477
    0.441176    0.955684   -0.004454    0.064266    0.000000       -0.982095        1.000000    8.978257    3.322557    0.082134    4.544477
    0.450980    0.955938   -0.006758    0.039564    0.000000       -1.006505        1.000000    9.245862    3.450425    0.082134    4.544477
    0.460784    0.956271   -0.008019    0.017576    0.000000       -1.028119        1.000000    9.513559    3.578372    0.082134    4.544477
    0.470588    0.956639   -0.008376   -0.000957    0.000000       -1.046246        1.000000    9.781360    3.706412    0.082134    4.544477
    0.480392    0.957006   -0.007992   -0.015641    0.000000       -1.060533        1.000000   10.049263    3.834552    0.082134    4.544477
    0.490196    0.957343   -0.007040   -0.026426    0.000000       -1.070958        1.000000   10.317261    3.962787    0.082134    4.544477
    0.500000    0.957627   -0.005691   -0.033582    0.000000       -1.077812        1.000000   10.585339    4.091106    0.082134    4.544477
    0.509804    0.957846   -0.004094   -0.037659    0.000000       -1.081659        1.000000   10.853477    4.219495    0.082134    4.544477
    0.519608    0.957990   -0.002370   -0.039425    0.000000       -1.083274        1.000000   11.121656    4.347933    0.082134    4.544477
    0.529412    0.958057   -0.000602   -0.039788    0.000000       -1.083568        1.000000   11.389854    4.476400    0.082134    4.544477
    0.539216    0.958044    0.001170   -0.039730    0.000000       -1.083523        1.000000   11.658048    4.604874    0.082134    4.544477
    0.549020    0.957952    0.002947   -0.040247    0.000000       -1.084136        1.000000   11.926216    4.733334    0.082134    4.544477
    0.558824    0.957781    0.004779   -0.042318    0.000000       -1.086387        1.000000   12.194336    4.861758    0.082134    4.544477
    0.568627    0.957524    0.006755   -0.046897    0.000000       -1.091233        1.000000   12.462385    4.990124    0.082134    4.544477
    0.578431    0.957175    0.009009   -0.054918    0.000000       -1.099618        1.000000   12.730336    5.118407    0.082134    4.544477
    0.588235    0.956715    0.011714   -0.067322    0.000000       -1.112494        1.000000   12.998157    5.246579    0.082134    4.544477
    0.598039    0.956121    0.015087   -0.085067    0.000000       -1.130841        1.000000   13.265813    5.374606    0.082134    4.544477
    0.607843    0.955357    0.019388   -0.109124    0.000000       -1.155657        1.000000   13.533255    5.502445    0.082134    4.544477
    0.617647    0.954375    0.024919   -0.140435    0.000000       -1.187916        1.000000   13.800422    5.630039    0.082134    4.544477
    0.627451    0.953113    0.032022   -0.179813    0.000000       -1.228469        1.000000   14.067236    5.757315    0.082134    4.544477
    0.637255    0.951493    0.041069   -0.227778    0.000000       -1.277871        1.000000   14.333596    5.884175    0.082134    4.544477
    0.647059    0.949420    0.052447   -0.284346    0.000000       -1.336172        1.000000   14.599376    6.010493    0.082134    4.544477
    0.656863    0.946782    0.066524   -0.348823    0.000000       -1.402696        1.000000   14.864417    6.136103    0.082134    4.544477
    0.666667    0.943452    0.083624   -0.419675    0.000000       -1.475908        1.000000   15.128526    6.260796    0.082134    4.544477
    0.676471    0.939292    0.103981   -0.494572    0.000000       -1.553454        1.000000   15.391471    6.384311    0.082134    4.544477
    0.686275    0.934154    0.127712   -0.570640    0.000000       -1.632409        1.000000   15.652977    6.506328    0.082134    4.544477
    0.696078    0.927894    0.154802   -0.644887    0.000000       -1.709709        1.000000   15.912731    6.626474    0.082134    4.544477
    0.705882    0.920370    0.185109   -0.714662    0.000000       -1.782620        1.000000   16.170379    6.744319    0.082134    4.544477
    0.715686    0.911453    0.218388   -0.778009    0.000000       -1.849099        1.000000   16.425530    6.859390    0.082134    4.544477
    0.725490    0.901030    0.254323   -0.833814    0.000000       -1.907956        1.000000   16.677764    6.971182    0.082134    4.544477
    0.735294    0.889006    0.292570   -0.881759    0.000000       -1.958811        1.000000   16.926631    7.079176    0.082134    4.544477
    0.745098    0.875309    0.332782   -0.922135    0.000000       -2.001911        1.000000   17.171664    7.182856    0.082134    4.544477
    0.754902    0.859882    0.374636   -0.955625    0.000000       -2.037914        1.000000   17.412379    7.281729    0.082134    4.544477
    0.764706    0.842692    0.417846   -0.983102    0.000000       -2.067680        1.000000   17.648282    7.375343    0.082134    4.544477
    0.774510    0.823720    0.462162   -1.005482    0.000000       -2.092126        1.000000   17.878873    7.463297    0.082134    4.544477
    0.784314    0.802962    0.507379   -1.023628    0.000000       -2.112124        1.000000   18.103654    7.545260    0.082134    4.544477
    0.794118    0.780429    0.553324   -1.038311    0.000000       -2.128458        1.000000   18.322126    7.620978    0.082134    4.544477
    0.803922    0.756144    0.599858   -1.050187    0.000000       -2.141799        1.000000   18.533800    7.690278    0.082134    4.544477
    0.813725    0.730138    0.646870   -1.059800    0.000000       -2.152709        1.000000   18.738195    7.753078    0.082134    4.544477
    0.823529    0.702455    0.694267   -1.067595    0.000000       -2.161648        1.000000   18.934839    7.809381    0.082134    4.544477
    0.833333    0.673143    0.741979   -1.073929    0.000000       -2.168990        1.000000   19.123279    7.859282    0.082134    4.544477
    0.843137    0.642261    0.789945   -1.079090    0.000000       -2.175038        1.000000   19.303072    7.902956    0.082134    4.544477
    0.852941    0.609871    0.838120   -1.083305    0.000000       -2.180031        1.000000   19.473799    7.940660    0.082134    4.544477
    0.862745    0.576044    0.886464   -1.086756    0.000000       -2.184165        1.000000   19.635056    7.972719    0.082134    4.544477
    0.872549    0.540853    0.934948   -1.089587    0.000000       -2.187594        1.000000   19.786462    7.999520    0.082134    4.544477
    0.882353    0.504378    0.983547   -1.091913    0.000000       -2.190442        1.000000   19.927657    8.021503    0.082134    4.544477
    0.892157    0.466702    1.032240   -1.093827    0.000000       -2.192809        1.000000   20.058306    8.039143    0.082134    4.544477
    0.901961    0.427913    1.081010   -1.095400    0.000000       -2.194776        1.000000   20.178095    8.052947    0.082134    4.544477
    0.911765    0.388102    1.129844   -1.096692    0.000000       -2.196407        1.000000   20.286740    8.063431    0.082134    4.544477
    0.921569    0.347361    1.178730   -1.097750    0.000000       -2.197754        1.000000   20.383980    8.071115    0.082134    4.544477
    0.931373    0.305788    1.227659   -1.098610    0.000000       -2.198861        1.000000   20.469582    8.076503    0.082134    4.544477
    0.941176    0.263482    1.276622   -1.099304    0.000000       -2.199760        1.000000   20.543341    8.080076    0.082134    4.544477
    0.950980    0.220543    1.325613   -1.099855    0.000000       -2.200479        1.000000   20.605080    8.082278    0.082134    4.544477
    0.960784    0.177074    1.374625   -1.100281    0.000000       -2.201040        1.000000   20.654649    8.083504    0.082134    4.544477
    0.970588    0.133179    1.423654   -1.100599    0.000000       -2.201459        1.000000   20.691932    8.084091    0.082134    4.544477
    0.980392    0.088965    1.472695   -1.100818    0.000000       -2.201749        1.000000   20.716836    8.084311    0.082134    4.544477
    0.990196    0.044536    1.521744   -1.100946    0.000000       -2.201920        1.000000   20.729304    8.084362    0.082134    4.544477
    1.000000    0.000000    1.570796   -1.100988    0.000000       -2.201976        1.000000   20.729304    8.084365    0.082134    4.544477
