           t           r         psi          cs          qs               p             sig           A           V          Q2           S
    0.000000   -0.000000   -1.570796   -2.876420    0.000000       -5.752841        1.000000    0.000000   -0.000000    0.946917   52.404573
    0.009804    0.254514    0.165195   -0.580306    0.000000       -4.455878        1.000000    0.000000    0.060560    0.946917   52.404573
    0.019608    0.228957   -0.034980   -0.154808    0.000000       -4.519773        1.000000    0.739099    0.145561    0.946917   52.404573
    0.029412    0.230118    0.003143    0.043805    0.000000       -4.301769        1.000000    1.481946    0.231811    0.946917   52.404573
    0.039216    0.230486    0.000145   -0.005393    0.000000       -4.344053        1.000000    2.225981    0.317378    0.946917   52.404573
    0.049020    0.230387   -0.000099    0.000103    0.000000       -4.340426        1.000000    2.969695    0.403067    0.946917   52.404573
    0.058824    0.230398    0.000017    0.000100    0.000000       -4.340209        1.000000    3.713447    0.488747    0.946917   52.404573
    0.068627    0.230398   -0.000001   -0.000022    0.000000       -4.340334        1.000000    4.457199    0.574426    0.946917   52.404573
    0.078431    0.230398   -0.000000    0.000002    0.000000       -4.340313        1.000000    5.200950    0.660105    0.946917   52.404573
    0.088235    0.230398    0.000000    0.000000    0.000000       -4.340315        1.000000    5.944701    0.745785    0.946917   52.404573
    0.098039    0.230398   -0.000000   -0.000000    0.000000       -4.340315        1.000000    6.688452    0.831464    0.946917   52.404573
    0.107843    0.230398    0.000000    0.000000    0.000000       -4.340315        1.000000    7.432204    0.917143    0.946917   52.404573
    0.117647    0.230398    0.000000   -0.000000    0.000000       -4.340315        1.000000    8.175955    1.002823    0.946917   52.404573
    0.127451    0.230398   -0.000000   -0.000000    0.000000       -4.340315        1.000000    8.919706    1.088502    0.946917   52.404573
    0.137255    0.230398    0.000000    0.000000    0.000000       -4.340315        1.000000    9.663457    1.174182    0.946917   52.404573
    0.147059    0.230398   -0.000000   -0.000000    0.000000       -4.340315        1.000000   10.407208    1.259861    0.946917   52.404573
    0.156863    0.230398   -0.000000    0.000000    0.000000       -4.340315        1.000000   11.150959    1.345540    0.946917   52.404573
    0.166667    0.230398    0.000000    0.000000    0.000000       -4.340315        1.000000   11.894711    1.431220    0.946917   52.404573
    0.176471    0.230398   -0.000000   -0.000000    0.000000       -4.340315        1.000000   12.638462    1.516899    0.946917   52.404573
    0.186275    0.230398    0.000000    0.000000    0.000000       -4.340315        1.000000   13.382213    1.602579    0.946917   52.404573
    0.196078    0.230398    0.000000   -0.000000    0.000000       -4.340315        1.000000   14.125964    1.688258    0.946917   52.404573
    0.205882    0.230398    0.000000   -0.000000    0.000000       -4.340315        1.000000   14.869715    1.773937    0.946917   52.404573
    0.215686    0.230398    0.000000   -0.000000    0.000000       -4.340315        1.000000   15.613466    1.859617    0.946917   52.404573
    0.225490    0.230398    0.000000   -0.000000    0.000000       -4.340315        1.000000   16.357218    1.945296    0.946917   52.404573
    0.235294    0.230398    0.000000   -0.000000    0.000000       -4.340315        1.000000   17.100969    2.030976    0.946917   52.404573
    0.245098    0.230398    0.000000   -0.000000    0.000000       -4.340315        1.000000   17.844720    2.116655    0.946917   52.404573
    0.254902    0.230398    0.000000   -0.000000    0.000000       -4.340315        1.000000   18.588471    2.202334    0.946917   52.404573
    0.264706    0.230398    0.000000   -0.000000    0.000000       -4.340315        1.000000   19.332222    2.288014    0.946917   52.404573
    0.274510    0.230398    0.000000   -0.000000    0.000000       -4.340315        1.000000   20.075973    2.373693    0.946917   52.404573
    0.284314    0.230398    0.000000   -0.000000    0.000000       -4.340315        1.000000   20.819725    2.459373    0.946917   52.404573
    0.294118    0.230398    0.000000   -0.000000    0.000000       -4.340315        1.000000   21.563476    2.545052    0.946917   52.404573
    0.303922    0.230398    0.000000   -0.000000    0.000000       -4.340315        1.000000   22.307227    2.630731    0.946917   52.404573
    0.313725    0.230398    0.000000   -0.000000    0.000000       -4.340315        1.000000   23.050978    2.716411    0.946917   52.404573
    0.323529    0.230398    0.000000   -0.000000    0.000000       -4.340315        1.000000   23.794729    2.802090    0.946917   52.404573
    0.333333    0.230398    0.000000   -0.000000    0.000000       -4.340315        1.000000   24.538480    2.887770    0.946917   52.404573
    0.343137    0.230398    0.000000   -0.000000    0.000000       -4.340315        1.000000   25.282231    2.973449    0.946917   52.404573
    0.352941    0.230398    0.000000   -0.000000    0.000000       -4.340315        1.000000   26.025983    3.059128    0.946917   52.404573
    0.362745    0.230398    0.000000   -0.000000    0.000000       -4.340315        1.000000   26.769734    3.144808    0.946917   52.404573
    0.372549    0.230398    0.000000   -0.000000    0.000000       -4.340315        1.000000   27.513485    3.230487    0.946917   52.404573
    0.382353    0.230398    0.000000    0.000000    0.000000       -4.340315        1.000000   28.257236    3.316167    0.946917   52.404573
    0.392157    0.230398    0.000000   -0.000000    0.000000       -4.340315        1.000000   29.000987    3.401846    0.946917   52.404573
    0.401961    0.230398    0.000000   -0.000000    0.000000       -4.340315        1.000000   29.744738    3.487525    0.946917   52.404573
    0.411765    0.230398    0.000000   -0.000000    0.000000       -4.340315        1.000000   30.488490    3.573205    0.946917   52.404573
    0.421569    0.230398    0.000000   -0.000000    0.000000       -4.340315        1.000000   31.232241    3.658884    0.946917   52.404573
    0.431373    0.230398    0.000000   -0.000000    0.000000       -4.340315        1.000000   31.975992    3.744564    0.946917   52.404573
    0.441176    0.230398    0.000000    0.000000    0.000000       -4.340315        1.000000   32.719743    3.830243    0.946917   52.404573
    0.450980    0.230398    0.000000   -0.000000    0.000000       -4.340315        1.000000   33.463494    3.915922    0.946917   52.404573
    0.460784    0.230398    0.000000   -0.000000    0.000000       -4.340315        1.000000   34.207245    4.001602    0.946917   52.404573
    0.470588    0.230398    0.000000   -0.000000    0.000000       -4.340315        1.000000   34.950997    4.087281    0.946917   52.404573
    0.480392    0.230398    0.000000   -0.000000    0.000000       -4.340315        1.000000   35.694748    4.172961    0.946917   52.404573
    0.490196    0.230398    0.000000   -0.000000    0.000000       -4.340315        1.000000   36.438499    4.258640    0.946917   52.404573
    0.500000    0.230398    0.000000   -0.000000    0.000000       -4.340315        1.000000   37.182250    4.344319    0.946917   52.404573
    0.509804    0.230398   -0.000000    0.000000    0.000000       -4.340315        1.000000   37.926001    4.429999    0.946917   52.404573
    0.519608    0.230398    0.000000    0.000000    0.000000       -4.340315        1.000000   38.669752    4.515678    0.946917   52.404573
    0.529412    0.230398   -0.000000   -0.000000    0.000000       -4.340315        1.000000   39.413503    4.601358    0.946917   52.404573
    0.539216    0.230398    0.000000    0.000000    0.000000       -4.340315        1.000000   40.157255    4.687037    0.946917   52.404573
    0.549020    0.230398   -0.000000   -0.000000    0.000000       -4.340315        1.000000   40.901006    4.772716    0.946917   52.404573
    0.558824    0.230398    0.000000    0.000000    0.000000       -4.340315        1.000000   41.644757    4.858396    0.946917   52.404573
    0.568627    0.230398    0.000000   -0.000000    0.000000       -4.340315        1.000000   42.388508    4.944075    0.946917   52.404573
    0.578431    0.230398   -0.000000    0.000000    0.000000       -4.340315        1.000000   43.132259    5.029755    0.946917   52.404573
    0.588235    0.230398   -0.000000   -0.000000    0.000000       -4.340315        1.000000   43.876010    5.115434    0.946917   52.404573
    0.598039    0.230398   -0.000000    0.000000    0.000000       -4.340315        1.000000   44.619762    5.201113    0.946917   52.404573
    0.607843    0.230398   -0.000000    0.000000    0.000000       -4.340315        1.000000   45.363513    5.286793    0.946917   52.404573
    0.617647    0.230398   -0.000000   -0.000000    0.000000       -4.340315        1.000000   46.107264    5.372472    0.946917   52.404573
    0.627451    0.230398   -0.000000    0.000000    0.000000       -4.340315        1.000000   46.851015    5.458152    0.946917   52.404573
    0.637255    0.230398   -0.000000    0.000000    0.000000       -4.340315        1.000000   47.594766    5.543831    0.946917   52.404573
    0.647059    0.230398   -0.000000   -0.000000    0.000000       -4.340315        1.000000   48.338517    5.629510    0.946917   52.404573
    0.656863    0.230398   -0.000000    0.000000    0.000000       -4.340315        1.000000   49.082269    5.715190    0.946917   52.404573
    0.666667    0.230398   -0.000000    0.000000    0.000000       -4.340315        1.000000   49.826020    5.800869    0.946917   52.404573
    0.676471    0.230398   -0.000000   -0.000000    0.000000       -4.340315        1.000000   50.569771    5.886549    0.946917   52.404573
    0.686275    0.230398   -0.000000   -0.000000    0.000000       -4.340315        1.000000   51.313522    5.972228    0.946917   52.404573
    0.696078    0.230398   -0.000000    0.000000    0.000000       -4.340315        1.000000   52.057273    6.057908    0.946917   52.404573
    0.705882    0.230398   -0.000000    0.000000    0.000000       -4.340315        1.000000   52.801024    6.143587    0.946917   52.404573
    0.715686    0.230398   -0.000000   -0.000000    0.000000       -4.340315        1.000000   53.544775    6.229266    0.946917   52.404573
    0.725490    0.230398   -0.000000   -0.000000    0.000000       -4.340315        1.000000   54.288527    6.314946    0.946917   52.404573
    0.735294    0.230398   -0.000000    0.000000    0.000000       -4.340315        1.000000   55.032278    6.400625    0.946917   52.404573
    0.745098    0.230398   -0.000000   -0.000000    0.000000       -4.340315        1.000000   55.776029    6.486305    0.946917   52.404573
    0.754902    0.230398   -0.000000    0.000000    0.000000       -4.340315        1.000000   56.519780    6.571984    0.946917   52.404573
    0.764706    0.230398   -0.000000    0.000000    0.000000       -4.340315        1.000000   57.263531    6.657663    0.946917   52.404573
    0.774510    0.230398   -0.000000   -0.000000    0.000000       -4.340315        1.000000   58.007282    6.743343    0.946917   52.404573
    0.784314    0.230398   -0.000000    0.000000    0.000000       -4.340315        1.000000   58.751034    6.829022    0.946917   52.404573
    0.794118    0.230398   -0.000000   -0.000000    0.000000       -4.340315        1.000000   59.494785    6.914702    0.946917   52.404573
    0.803922    0.230398   -0.000000    0.000000    0.000000       -4.340315        1.000000   60.238536    7.000381    0.946917   52.404573
    0.813725    0.230398   -0.000000   -0.000000    0.000000       -4.340315        1.000000   60.982287    7.086060    0.946917   52.404573
    0.823529    0.230398   -0.000000    0.000000    0.000000       -4.340315        1.000000   61.726038    7.171740    0.946917   52.404573
    0.833333    0.230398   -0.000000   -0.000000    0.000000       -4.340315        1.000000   62.469789    7.257419    0.946917   52.404573
    0.843137    0.230398   -0.000000    0.000000    0.000000       -4.340315        1.000000   63.213541    7.343099    0.946917   52.404573
    0.852941    0.230398   -0.000000    0.000000    0.000000       -4.340315        1.000000   63.957292    7.428778    0.946917   52.404573
    0.862745    0.230398   -0.000000    0.000000    0.000000       -4.340315        1.000000   64.701043    7.514457    0.946917   52.404573
    0.872549    0.230398   -0.000000    0.000000    0.000000       -4.340315        1.000000   65.444794    7.600137    0.946917   52.404573
    0.882353    0.230398   -0.000000    0.000000    0.000000       -4.340315        1.000000   66.188545    7.685816    0.946917   52.404573
    0.892157    0.230398   -0.000000   -0.000000    0.000000       -4.340315        1.000000   66.932296    7.771496    0.946917   52.404573
    0.901961    0.230398    0.000000    0.000000    0.000000       -4.340315        1.000000   67.676048    7.857175    0.946917   52.404573
    0.911765    0.230398    0.000000   -0.000000    0.000000       -4.340315        1.000000   68.419799    7.942854    0.946917   52.404573
    0.921569    0.230398    0.000000   -0.000000    0.000000       -4.340315        1.000000   69.163550    8.028534    0.946917   52.404573
    0.931373    0.230398    0.000000   -0.000000    0.000000       -4.340315        1.000000   69.907301    8.114213    0.946917   52.404573
    0.941176    0.230398    0.000000   -0.000000    0.000000       -4.340315        1.000000   70.651052    8.199893    0.946917   52.404573
    0.950980    0.230398    0.000000   -0.000000    0.000000       -4.340315        1.000000   71.394803    8.285572    0.946917   52.404573
    0.960784    0.230398    0.000001   -0.000005    0.000000       -4.340321        1.000000   72.138554    8.371251    0.946917   52.404573
    0.970588    0.230394    0.000028   -0.000204    0.000000       -4.340590        1.000000   72.882293    8.456930    0.946917   52.404573
    0.980392    0.230231    0.001236   -0.009145    0.000000       -4.352606        1.000000   73.625505    8.542577    0.946917   52.404573
    0.990196    0.222951    0.054877   -0.402593    0.000000       -4.881131        1.000000   74.345216    8.626825    0.946917   52.404573
    1.000000    0.000000    1.570796   -6.540763    0.000000      -13.081525        1.000000   74.345216    8.670796    0.946917   52.404573
