           t           r         psi          cs          qs               p             sig           A           V          Q2           S
    0.000000    0.000000   -1.570796   -0.995782    0.000000       -1.991565        1.000000    0.000000    0.000000    0.017064    4.602135
    0.009804    0.045104   -1.525868   -0.995786    0.000000       -1.991569        1.000000    0.000000    0.000003    0.017064    4.602135
    0.019608    0.090117   -1.480939   -0.995795    0.000000       -1.991582        1.000000    0.025547    0.000052    0.017064    4.602135
    0.029412    0.134947   -1.436009   -0.995812    0.000000       -1.991604        1.000000    0.063804    0.000261    0.017064    4.602135
    0.039216    0.179506   -1.391078   -0.995837    0.000000       -1.991637        1.000000    0.114692    0.000821    0.017064    4.602135
    0.049020    0.223702   -1.346147   -0.995870    0.000000       -1.991680        1.000000    0.178109    0.001992    0.017064    4.602135
    0.058824    0.267447   -1.301213   -0.995912    0.000000       -1.991736        1.000000    0.253928    0.004100    0.017064    4.602135
    0.068627    0.310652   -1.256277   -0.995966    0.000000       -1.991806        1.000000    0.341995    0.007530    0.017064    4.602135
    0.078431    0.353229   -1.211339   -0.996034    0.000000       -1.991893        1.000000    0.442132    0.012716    0.017064    4.602135
    0.088235    0.395094   -1.166397   -0.996118    0.000000       -1.991999        1.000000    0.554138    0.020137    0.017064    4.602135
    0.098039    0.436161   -1.121451   -0.996221    0.000000       -1.992129        1.000000    0.677785    0.030302    0.017064    4.602135
    0.107843    0.476347   -1.076500   -0.996348    0.000000       -1.992288        1.000000    0.812825    0.043743    0.017064    4.602135
    0.117647    0.515570   -1.031542   -0.996505    0.000000       -1.992482        1.000000    0.958985    0.061001    0.017064    4.602135
    0.127451    0.553753   -0.986577   -0.996699    0.000000       -1.992718        1.000000    1.115968    0.082617    0.017064    4.602135
    0.137255    0.590816   -0.941601   -0.996940    0.000000       -1.993009        1.000000    1.283459    0.109120    0.017064    4.602135
    0.147059    0.626686   -0.896614   -0.997241    0.000000       -1.993368        1.000000    1.461119    0.141015    0.017064    4.602135
    0.156863    0.661288   -0.851611   -0.997619    0.000000       -1.993814        1.000000    1.648588    0.178773    0.017064    4.602135
    0.166667    0.694552   -0.806589   -0.998099    0.000000       -1.994373        1.000000    1.845487    0.222817    0.017064    4.602135
    0.176471    0.726411   -0.761543   -0.998713    0.000000       -1.995080        1.000000    2.051418    0.273516    0.017064    4.602135
    0.186275    0.756799   -0.716465   -0.999509    0.000000       -1.995986        1.000000    2.265964    0.331176    0.017064    4.602135
    0.196078    0.785652   -0.671346   -1.000554    0.000000       -1.997160        1.000000    2.488689    0.396028    0.017064    4.602135
    0.205882    0.812911   -0.626172   -1.001947    0.000000       -1.998708        1.000000    2.719142    0.468223    0.017064    4.602135
    0.215686    0.838517   -0.580924   -1.003837    0.000000       -2.000783        1.000000    2.956853    0.547831    0.017064    4.602135
    0.225490    0.862415   -0.535577   -1.006454    0.000000       -2.003625        1.000000    3.201340    0.634828    0.017064    4.602135
    0.235294    0.884551   -0.490088   -1.010166    0.000000       -2.007612        1.000000    3.452102    0.729102    0.017064    4.602135
    0.245098    0.904873   -0.444396   -1.015579    0.000000       -2.013367        1.000000    3.708625    0.830446    0.017064    4.602135
    0.254902    0.923328   -0.398403   -1.023740    0.000000       -2.021957        1.000000    3.970380    0.938562    0.017064    4.602135
    0.264706    0.939861   -0.351947   -1.036528    0.000000       -2.035296        1.000000    4.236822    1.053058    0.017064    4.602135
    0.274510    0.954413   -0.304748   -1.057488    0.000000       -2.056974        1.000000    4.507390    1.173456    0.017064    4.602135
    0.284314    0.966909   -0.256298   -1.093548    0.000000       -2.093988        1.000000    4.781499    1.299190    0.017064    4.602135
    0.294118    0.977248   -0.205645   -1.158056    0.000000       -2.159777        1.000000    5.058540    1.429606    0.017064    4.602135
    0.303922    0.985270   -0.151071   -1.270098    0.000000       -2.273488        1.000000    5.337855    1.563954    0.017064    4.602135
    0.313725    0.990732   -0.090658   -1.396887    0.000000       -2.402098        1.000000    5.618719    1.701343    0.017064    4.602135
    0.323529    0.993413   -0.029621   -1.210580    0.000000       -2.216769        1.000000    5.900342    1.840647    0.017064    4.602135
    0.333333    0.993729    0.010342   -0.532083    0.000000       -1.538339        1.000000    6.182055    1.980605    0.017064    4.602135
    0.343137    0.992922    0.021728   -0.036861    0.000000       -1.043751        1.000000    6.463539    2.120453    0.017064    4.602135
    0.352941    0.991984    0.018522    0.141147    0.000000       -0.866761        1.000000    6.744758    2.260034    0.017064    4.602135
    0.362745    0.991309    0.011227    0.167037    0.000000       -0.841666        1.000000    7.025785    2.399397    0.017064    4.602135
    0.372549    0.990964    0.004305    0.134393    0.000000       -0.874716        1.000000    7.306714    2.538629    0.017064    4.602135
    0.382353    0.990890   -0.000637    0.083641    0.000000       -0.925552        1.000000    7.587623    2.677809    0.017064    4.602135
    0.392157    0.990987   -0.003268    0.034328    0.000000       -0.974761        1.000000    7.868558    2.816994    0.017064    4.602135
    0.401961    0.991155   -0.003918   -0.002989    0.000000       -1.011905        1.000000    8.149542    2.956218    0.017064    4.602135
    0.411765    0.991320   -0.003249   -0.023838    0.000000       -1.032588        1.000000    8.430572    3.095490    0.017064    4.602135
    0.421569    0.991440   -0.002002   -0.029221    0.000000       -1.037853        1.000000    8.711636    3.234803    0.017064    4.602135
    0.431373    0.991501   -0.000771   -0.024083    0.000000       -1.032654        1.000000    8.992718    3.374142    0.017064    4.602135
    0.441176    0.991515    0.000106   -0.014520    0.000000       -1.023078        1.000000    9.273803    3.513491    0.017064    4.602135
    0.450980    0.991499    0.000546   -0.005308    0.000000       -1.013882        1.000000    9.554884    3.652839    0.017064    4.602135
    0.460784    0.991471    0.000628    0.001088    0.000000       -1.007514        1.000000    9.835957    3.792181    0.017064    4.602135
    0.470588    0.991445    0.000497    0.004192    0.000000       -1.004437        1.000000   10.117022    3.931515    0.017064    4.602135
    0.480392    0.991427    0.000289    0.004684    0.000000       -1.003963        1.000000   10.398083    4.070843    0.017064    4.602135
    0.490196    0.991419    0.000098    0.003643    0.000000       -1.005012        1.000000   10.679141    4.210167    0.017064    4.602135
    0.500000    0.991417   -0.000031    0.002058    0.000000       -1.006599        1.000000   10.960199    4.349490    0.017064    4.602135
    0.509804    0.991420   -0.000090    0.000601    0.000000       -1.008053        1.000000   11.241257    4.488813    0.017064    4.602135
    0.519608    0.991425   -0.000092   -0.000414    0.000000       -1.009063        1.000000   11.522317    4.628137    0.017064    4.602135
    0.529412    0.991428   -0.000060   -0.000961    0.000000       -1.009607        1.000000   11.803378    4.767463    0.017064    4.602135
    0.539216    0.991430   -0.000010   -0.001201    0.000000       -1.009845        1.000000   12.084439    4.906789    0.017064    4.602135
    0.549020    0.991429    0.000048   -0.001388    0.000000       -1.010033        1.000000   12.365500    5.046115    0.017064    4.602135
    0.558824    0.991425    0.000119   -0.001827    0.000000       -1.010476        1.000000   12.646560    5.185441    0.017064    4.602135
    0.568627    0.991418    0.000222   -0.002895    0.000000       -1.011552        1.000000   12.927618    5.324765    0.017064    4.602135
    0.578431    0.991404    0.000397   -0.005139    0.000000       -1.013810        1.000000   13.208672    5.464086    0.017064    4.602135
    0.588235    0.991380    0.000717   -0.009474    0.000000       -1.018169        1.000000   13.489719    5.603402    0.017064    4.602135
    0.598039    0.991336    0.001307   -0.017513    0.000000       -1.026252        1.000000   13.770754    5.742708    0.017064    4.602135
    0.607843    0.991255    0.002395   -0.032084    0.000000       -1.040904        1.000000   14.051766    5.881998    0.017064    4.602135
    0.617647    0.991106    0.004370   -0.057894    0.000000       -1.066858        1.000000   14.332735    6.021255    0.017064    4.602135
    0.627451    0.990837    0.007893   -0.102012    0.000000       -1.111228        1.000000   14.613628    6.160454    0.017064    4.602135
    0.637255    0.990356    0.013982   -0.173077    0.000000       -1.182717        1.000000   14.894385    6.299544    0.017064    4.602135
    0.647059    0.989516    0.024015   -0.277289    0.000000       -1.287593        1.000000   15.174904    6.438437    0.017064    4.602135
    0.656863    0.988107    0.039455   -0.410974    0.000000       -1.422222        1.000000   15.455023    6.576976    0.017064    4.602135
    0.666667    0.985860    0.061279   -0.556313    0.000000       -1.568751        1.000000   15.734506    6.714904    0.017064    4.602135
    0.676471    0.982486    0.089466   -0.689326    0.000000       -1.703082        1.000000   16.013031    6.851839    0.017064    4.602135
    0.686275    0.977718    0.123054   -0.794320    0.000000       -1.809375        1.000000   16.290205    6.987266    0.017064    4.602135
    0.696078    0.971352    0.160684   -0.869009    0.000000       -1.885240        1.000000   16.565575    7.120569    0.017064    4.602135
    0.705882    0.963243    0.201101   -0.919113    0.000000       -1.936351        1.000000   16.838645    7.251069    0.017064    4.602135
    0.715686    0.953305    0.243364   -0.951943    0.000000       -1.970015        1.000000   17.108899    7.378070    0.017064    4.602135
    0.725490    0.941488    0.286833   -0.973432    0.000000       -1.992186        1.000000   17.375802    7.500889    0.017064    4.602135
    0.735294    0.927772    0.331096   -0.987661    0.000000       -2.006970        1.000000   17.638817    7.618884    0.017064    4.602135
    0.745098    0.912156    0.375888   -0.997249    0.000000       -2.017012        1.000000   17.897404    7.731469    0.017064    4.602135
    0.754902    0.894652    0.421041   -1.003841    0.000000       -2.023974        1.000000   18.151030    7.838129    0.017064    4.602135
    0.764706    0.875284    0.466443   -1.008465    0.000000       -2.028904        1.000000   18.399165    7.938427    0.017064    4.602135
    0.774510    0.854082    0.512023   -1.011771    0.000000       -2.032463        1.000000   18.641290    8.032014    0.017064    4.602135
    0.784314    0.831086    0.557730   -1.014177    0.000000       -2.035081        1.000000   18.876895    8.118630    0.017064    4.602135
    0.794118    0.806338    0.603531   -1.015958    0.000000       -2.037039        1.000000   19.105484    8.198110    0.017064    4.602135
    0.803922    0.779888    0.649401   -1.017296    0.000000       -2.038527        1.000000   19.326576    8.270379    0.017064    4.602135
    0.813725    0.751789    0.695324   -1.018314    0.000000       -2.039672        1.000000   19.539701    8.335460    0.017064    4.602135
    0.823529    0.722099    0.741288   -1.019099    0.000000       -2.040565        1.000000   19.744409    8.393458    0.017064    4.602135
    0.833333    0.690878    0.787283   -1.019710    0.000000       -2.041269        1.000000   19.940267    8.444569    0.017064    4.602135
    0.843137    0.658193    0.833303   -1.020191    0.000000       -2.041829        1.000000   20.126859    8.489062    0.017064    4.602135
    0.852941    0.624111    0.879342   -1.020572    0.000000       -2.042278        1.000000   20.303789    8.527277    0.017064    4.602135
    0.862745    0.588705    0.925396   -1.020876    0.000000       -2.042641        1.000000   20.470681    8.559618    0.017064    4.602135
    0.872549    0.552049    0.971463   -1.021121    0.000000       -2.042936        1.000000   20.627182    8.586535    0.017064    4.602135
    0.882353    0.514221    1.017539   -1.021318    0.000000       -2.043177        1.000000   20.772959    8.608523    0.017064    4.602135
    0.892157    0.475301    1.063624   -1.021478    0.000000       -2.043374        1.000000   20.907702    8.626102    0.017064    4.602135
    0.901961    0.435370    1.109715   -1.021608    0.000000       -2.043536        1.000000   21.031126    8.639810    0.017064    4.602135
    0.911765    0.394515    1.155811   -1.021714    0.000000       -2.043670        1.000000   21.142967    8.650190    0.017064    4.602135
    0.921569    0.352821    1.201912   -1.021799    0.000000       -2.043779        1.000000   21.242989    8.657775    0.017064    4.602135
    0.931373    0.310377    1.248016   -1.021869    0.000000       -2.043867        1.000000   21.330977    8.663082    0.017064    4.602135
    0.941176    0.267273    1.294123   -1.021924    0.000000       -2.043939        1.000000   21.406747    8.666593    0.017064    4.602135
    0.950980    0.223601    1.340232   -1.021968    0.000000       -2.043997        1.000000   21.470136    8.668753    0.017064    4.602135
    0.960784    0.179454    1.386343   -1.022002    0.000000       -2.044041        1.000000   21.521009    8.669954    0.017064    4.602135
    0.970588    0.134926    1.432455   -1.022027    0.000000       -2.044074        1.000000   21.559260    8.670528    0.017064    4.602135
    0.980392    0.090110    1.478568   -1.022044    0.000000       -2.044097        1.000000   21.584805    8.670743    0.017064    4.602135
    0.990196    0.045103    1.524682   -1.022054    0.000000       -2.044110        1.000000   21.597591    8.670792    0.017064    4.602135
    1.000000    0.000000    1.570796   -1.022057    0.000000       -2.044115        1.000000   21.597591    8.670796    0.017064    4.602135
