           t           r         psi          cs          qs               p             sig           A           V          Q2           S
    0.000000    0.000000   -1.570796   -0.991566    0.000000       -1.983132        1.000000    0.000000    0.000000    0.124460    3.794696
    0.009804    0.037194   -1.533907   -0.991620    0.000000       -1.983204        1.000000    0.000000    0.000001    0.124460    3.794696
    0.019608    0.074338   -1.497013   -0.991784    0.000000       -1.983423        1.000000    0.017377    0.000024    0.124460    3.794696
    0.029412    0.111381   -1.460111   -0.992062    0.000000       -1.983792        1.000000    0.043412    0.000120    0.124460    3.794696
    0.039216    0.148272   -1.423196   -0.992460    0.000000       -1.984320        1.000000    0.078071    0.000379    0.124460    3.794696
    0.049020    0.184961   -1.386264   -0.992989    0.000000       -1.985018        1.000000    0.121306    0.000922    0.124460    3.794696
    0.058824    0.221398   -1.349310   -0.993661    0.000000       -1.985901        1.000000    0.173059    0.001903    0.124460    3.794696
    0.068627    0.257533   -1.312328   -0.994493    0.000000       -1.986989        1.000000    0.233258    0.003505    0.124460    3.794696
    0.078431    0.293316   -1.275312   -0.995504    0.000000       -1.988303        1.000000    0.301821    0.005940    0.124460    3.794696
    0.088235    0.328697   -1.238254   -0.996719    0.000000       -1.989872        1.000000    0.378655    0.009444    0.124460    3.794696
    0.098039    0.363629   -1.201147   -0.998168    0.000000       -1.991732        1.000000    0.463654    0.014274    0.124460    3.794696
    0.107843    0.398061   -1.163981   -0.999888    0.000000       -1.993922        1.000000    0.556702    0.020705    0.124460    3.794696
    0.117647    0.431946   -1.126746   -1.001924    0.000000       -1.996494        1.000000    0.657671    0.029028    0.124460    3.794696
    0.127451    0.465235   -1.089428   -1.004328    0.000000       -1.999508        1.000000    0.766420    0.039543    0.124460    3.794696
    0.137255    0.497880   -1.052013   -1.007167    0.000000       -2.003037        1.000000    0.882801    0.052556    0.124460    3.794696
    0.147059    0.529835   -1.014482   -1.010520    0.000000       -2.007170        1.000000    1.006652    0.068375    0.124460    3.794696
    0.156863    0.561051   -0.976816   -1.014487    0.000000       -2.012015        1.000000    1.137799    0.087308    0.124460    3.794696
    0.166667    0.591481   -0.938990   -1.019188    0.000000       -2.017705        1.000000    1.276059    0.109654    0.124460    3.794696
    0.176471    0.621077   -0.900972   -1.024771    0.000000       -2.024402        1.000000    1.421238    0.135701    0.124460    3.794696
    0.186275    0.649794   -0.862728   -1.031421    0.000000       -2.032305        1.000000    1.573129    0.165722    0.124460    3.794696
    0.196078    0.677582   -0.824212   -1.039366    0.000000       -2.041660        1.000000    1.731515    0.199972    0.124460    3.794696
    0.205882    0.704392   -0.785373   -1.048890    0.000000       -2.052768        1.000000    1.896169    0.238679    0.124460    3.794696
    0.215686    0.730176   -0.746145   -1.060342    0.000000       -2.066005        1.000000    2.066849    0.282047    0.124460    3.794696
    0.225490    0.754883   -0.706448   -1.074158    0.000000       -2.081827        1.000000    2.243305    0.330245    0.124460    3.794696
    0.235294    0.778458   -0.666186   -1.090868    0.000000       -2.100794        1.000000    2.425272    0.383410    0.124460    3.794696
    0.245098    0.800845   -0.625238   -1.111112    0.000000       -2.123572        1.000000    2.612472    0.441636    0.124460    3.794696
    0.254902    0.821986   -0.583459   -1.135636    0.000000       -2.150936        1.000000    2.804613    0.504977    0.124460    3.794696
    0.264706    0.841814   -0.540676   -1.165257    0.000000       -2.183725        1.000000    3.001389    0.573438    0.124460    3.794696
    0.274510    0.860259   -0.496684   -1.200755    0.000000       -2.222735        1.000000    3.202477    0.646973    0.124460    3.794696
    0.284314    0.877242   -0.451254   -1.242624    0.000000       -2.268454        1.000000    3.407535    0.725478    0.124460    3.794696
    0.294118    0.892677   -0.404150   -1.290556    0.000000       -2.320534        1.000000    3.616200    0.808784    0.124460    3.794696
    0.303922    0.906468   -0.355178   -1.342482    0.000000       -2.376809        1.000000    3.828090    0.896648    0.124460    3.794696
    0.313725    0.918518   -0.304277   -1.393032    0.000000       -2.431731        1.000000    4.042796    0.988742    0.124460    3.794696
    0.323529    0.928730   -0.251674   -1.431608    0.000000       -2.474426        1.000000    4.259889    1.084642    0.124460    3.794696
    0.333333    0.937027   -0.198113   -1.441258    0.000000       -2.487589        1.000000    4.478922    1.183818    0.124460    3.794696
    0.343137    0.943374   -0.145056   -1.401027    0.000000       -2.449920        1.000000    4.699438    1.285643    0.124460    3.794696
    0.352941    0.947810   -0.094700   -1.294340    0.000000       -2.344676        1.000000    4.920991    1.389426    0.124460    3.794696
    0.362745    0.950472   -0.049590   -1.120727    0.000000       -2.171543        1.000000    5.143166    1.494468    0.124460    3.794696
    0.372549    0.951590   -0.011891   -0.900815    0.000000       -1.951614        1.000000    5.365603    1.600150    0.124460    3.794696
    0.382353    0.951463    0.017273   -0.667598    0.000000       -1.718455        1.000000    5.588010    1.705986    0.124460    3.794696
    0.392157    0.950410    0.037996   -0.451144    0.000000       -1.502562        1.000000    5.810171    1.811645    0.124460    3.794696
    0.401961    0.948729    0.051274   -0.269241    0.000000       -1.321897        1.000000    6.031939    1.916931    0.124460    3.794696
    0.411765    0.946671    0.058528   -0.127361    0.000000       -1.181886        1.000000    6.253226    2.021746    0.124460    3.794696
    0.421569    0.944433    0.061220   -0.023197    0.000000       -1.080050        1.000000    6.473989    2.126054    0.124460    3.794696
    0.431373    0.942159    0.060652    0.048903    0.000000       -1.010537        1.000000    6.694221    2.229856    0.124460    3.794696
    0.441176    0.939950    0.057901    0.095192    0.000000       -0.966912        1.000000    6.913937    2.333175    0.124460    3.794696
    0.450980    0.937869    0.053819    0.121281    0.000000       -0.943422        1.000000    7.133167    2.436044    0.124460    3.794696
    0.460784    0.935955    0.049070    0.131759    0.000000       -0.935382        1.000000    7.351949    2.538499    0.124460    3.794696
    0.470588    0.934222    0.044165    0.130207    0.000000       -0.939159        1.000000    7.570326    2.640580    0.124460    3.794696
    0.480392    0.932667    0.039497    0.119354    0.000000       -0.952004        1.000000    7.788339    2.742325    0.124460    3.794696
    0.490196    0.931277    0.035374    0.101246    0.000000       -0.971877        1.000000    8.006028    2.843767    0.124460    3.794696
    0.500000    0.930026    0.032035    0.077403    0.000000       -0.997284        1.000000    8.223424    2.944935    0.124460    3.794696
    0.509804    0.928882    0.029672    0.048939    0.000000       -1.027150        1.000000    8.440552    3.045853    0.124460    3.794696
    0.519608    0.927805    0.028441    0.016653    0.000000       -1.060725        1.000000    8.657429    3.146537    0.124460    3.794696
    0.529412    0.926750    0.028473   -0.018904    0.000000       -1.097506        1.000000    8.874060    3.246992    0.124460    3.794696
    0.539216    0.925669    0.029883   -0.057371    0.000000       -1.137188        1.000000    9.090437    3.347215    0.124460    3.794696
    0.549020    0.924509    0.032775   -0.098531    0.000000       -1.179606        1.000000    9.306544    3.447189    0.124460    3.794696
    0.558824    0.923211    0.037246   -0.142272    0.000000       -1.224696        1.000000    9.522347    3.546888    0.124460    3.794696
    0.568627    0.921717    0.043392   -0.188537    0.000000       -1.272447        1.000000    9.737801    3.646266    0.124460    3.794696
    0.578431    0.919962    0.051305   -0.237277    0.000000       -1.322848        1.000000    9.952844    3.745266    0.124460    3.794696
    0.588235    0.917878    0.061077   -0.288400    0.000000       -1.375838        1.000000   10.167401    3.843809    0.124460    3.794696
    0.598039    0.915396    0.072791   -0.341725    0.000000       -1.431255        1.000000   10.381377    3.941800    0.124460    3.794696
    0.607843    0.912442    0.086526   -0.396935    0.000000       -1.488795        1.000000   10.594663    4.039121    0.124460    3.794696
    0.617647    0.908941    0.102343   -0.453559    0.000000       -1.547984        1.000000   10.807130    4.135632    0.124460    3.794696
    0.627451    0.904815    0.120284   -0.510969    0.000000       -1.608182        1.000000   11.018633    4.231172    0.124460    3.794696
    0.637255    0.899987    0.140363   -0.568408    0.000000       -1.668608        1.000000   11.229008    4.325555    0.124460    3.794696
    0.647059    0.894380    0.162566   -0.625041    0.000000       -1.728392        1.000000   11.438071    4.418571    0.124460    3.794696
    0.656863    0.887920    0.186849   -0.680022    0.000000       -1.786647        1.000000   11.645625    4.509992    0.124460    3.794696
    0.666667    0.880535    0.213134   -0.732567    0.000000       -1.842543        1.000000   11.851453    4.599569    0.124460    3.794696
    0.676471    0.872160    0.241318   -0.782015    0.000000       -1.895370        1.000000   12.055322    4.687040    0.124460    3.794696
    0.686275    0.862735    0.271275   -0.827866    0.000000       -1.944583        1.000000   12.256989    4.772132    0.124460    3.794696
    0.696078    0.852206    0.302867   -0.869807    0.000000       -1.989824        1.000000   12.456194    4.854570    0.124460    3.794696
    0.705882    0.840529    0.335944   -0.907700    0.000000       -2.030921        1.000000   12.652670    4.934080    0.124460    3.794696
    0.715686    0.827666    0.370355   -0.941567    0.000000       -2.067865        1.000000   12.846139    5.010396    0.124460    3.794696
    0.725490    0.813590    0.405954   -0.971554    0.000000       -2.100779        1.000000   13.036318    5.083271    0.124460    3.794696
    0.735294    0.798278    0.442599   -0.997896    0.000000       -2.129884        1.000000   13.222918    5.152477    0.124460    3.794696
    0.745098    0.781719    0.480161   -1.020888    0.000000       -2.155464        1.000000   13.405647    5.217815    0.124460    3.794696
    0.754902    0.763908    0.518522   -1.040851    0.000000       -2.177837        1.000000   13.584213    5.279117    0.124460    3.794696
    0.764706    0.744846    0.557573   -1.058113    0.000000       -2.197331        1.000000   13.758322    5.336255    0.124460    3.794696
    0.774510    0.724542    0.597222   -1.072994    0.000000       -2.214269        1.000000   13.927686    5.389137    0.124460    3.794696
    0.784314    0.703010    0.637385   -1.085794    0.000000       -2.228957        1.000000   14.092016    5.437716    0.124460    3.794696
    0.794118    0.680271    0.677989   -1.096784    0.000000       -2.241675        1.000000   14.251032    5.481986    0.124460    3.794696
    0.803922    0.656350    0.718972   -1.106212    0.000000       -2.252678        1.000000   14.404455    5.521985    0.124460    3.794696
    0.813725    0.631277    0.760281   -1.114293    0.000000       -2.262192        1.000000   14.552018    5.557794    0.124460    3.794696
    0.823529    0.605087    0.801868   -1.121217    0.000000       -2.270416        1.000000   14.693459    5.589535    0.124460    3.794696
    0.833333    0.577818    0.843693   -1.127149    0.000000       -2.277524        1.000000   14.828525    5.617366    0.124460    3.794696
    0.843137    0.549513    0.885724   -1.132229    0.000000       -2.283666        1.000000   14.956975    5.641481    0.124460    3.794696
    0.852941    0.520216    0.927929   -1.136579    0.000000       -2.288971        1.000000   15.078577    5.662106    0.124460    3.794696
    0.862745    0.489977    0.970284   -1.140302    0.000000       -2.293552        1.000000   15.193111    5.679492    0.124460    3.794696
    0.872549    0.458845    1.012767   -1.143487    0.000000       -2.297503        1.000000   15.300367    5.693911    0.124460    3.794696
    0.882353    0.426876    1.055360   -1.146206    0.000000       -2.300907        1.000000   15.400150    5.705650    0.124460    3.794696
    0.892157    0.394126    1.098047   -1.148525    0.000000       -2.303832        1.000000   15.492278    5.715007    0.124460    3.794696
    0.901961    0.360651    1.140813   -1.150496    0.000000       -2.306338        1.000000   15.576582    5.722284    0.124460    3.794696
    0.911765    0.326513    1.183646   -1.152165    0.000000       -2.308476        1.000000   15.652905    5.727780    0.124460    3.794696
    0.921569    0.291773    1.226537   -1.153569    0.000000       -2.310287        1.000000   15.721108    5.731788    0.124460    3.794696
    0.931373    0.256494    1.269476   -1.154741    0.000000       -2.311809        1.000000   15.781064    5.734586    0.124460    3.794696
    0.941176    0.220741    1.312454   -1.155706    0.000000       -2.313071        1.000000   15.832663    5.736435    0.124460    3.794696
    0.950980    0.184580    1.355465   -1.156489    0.000000       -2.314098        1.000000   15.875809    5.737571    0.124460    3.794696
    0.960784    0.148076    1.398501   -1.157105    0.000000       -2.314912        1.000000   15.910422    5.738201    0.124460    3.794696
    0.970588    0.111298    1.441558   -1.157570    0.000000       -2.315527        1.000000   15.936438    5.738502    0.124460    3.794696
    0.980392    0.074314    1.484630   -1.157894    0.000000       -2.315958        1.000000   15.953809    5.738615    0.124460    3.794696
    0.990196    0.037191    1.527711   -1.158085    0.000000       -2.316213        1.000000   15.962503    5.738641    0.124460    3.794696
    1.000000    0.000000    1.570796   -1.158149    0.000000       -2.316298        1.000000   15.962503    5.738643    0.124460    3.794696
