           t           r         psi          cs          qs               p             sig           A           V          Q2           S
    0.000000    0.000000   -1.570796   -0.995616    0.000000       -1.991231        1.000000    0.000000   -0.000000    0.019528    3.655202
    0.009804    0.035828   -1.535118   -0.995618    0.000000       -1.991234        1.000000    0.000000    0.000001    0.019528    3.655202
    0.019608    0.071610   -1.499440   -0.995625    0.000000       -1.991244        1.000000    0.016124    0.000021    0.019528    3.655202
    0.029412    0.107301   -1.463761   -0.995638    0.000000       -1.991261        1.000000    0.040283    0.000104    0.019528    3.655202
    0.039216    0.142855   -1.428082   -0.995656    0.000000       -1.991285        1.000000    0.072449    0.000328    0.019528    3.655202
    0.049020    0.178228   -1.392402   -0.995680    0.000000       -1.991316        1.000000    0.112578    0.000797    0.019528    3.655202
    0.058824    0.213373   -1.356721   -0.995710    0.000000       -1.991356        1.000000    0.160622    0.001646    0.019528    3.655202
    0.068627    0.248247   -1.321038   -0.995748    0.000000       -1.991405        1.000000    0.216517    0.003032    0.019528    3.655202
    0.078431    0.282805   -1.285355   -0.995793    0.000000       -1.991464        1.000000    0.280193    0.005140    0.019528    3.655202
    0.088235    0.317003   -1.249669   -0.995847    0.000000       -1.991535        1.000000    0.351570    0.008175    0.019528    3.655202
    0.098039    0.350798   -1.213982   -0.995912    0.000000       -1.991618        1.000000    0.430555    0.012360    0.019528    3.655202
    0.107843    0.384146   -1.178291   -0.995989    0.000000       -1.991716        1.000000    0.517050    0.017936    0.019528    3.655202
    0.117647    0.417004   -1.142598   -0.996081    0.000000       -1.991832        1.000000    0.610942    0.025155    0.019528    3.655202
    0.127451    0.449332   -1.106901   -0.996188    0.000000       -1.991967        1.000000    0.712114    0.034282    0.019528    3.655202
    0.137255    0.481087   -1.071201   -0.996315    0.000000       -1.992124        1.000000    0.820435    0.045586    0.019528    3.655202
    0.147059    0.512229   -1.035495   -0.996465    0.000000       -1.992309        1.000000    0.935769    0.059339    0.019528    3.655202
    0.156863    0.542719   -0.999783   -0.996642    0.000000       -1.992526        1.000000    1.057967    0.075811    0.019528    3.655202
    0.166667    0.572516   -0.964064   -0.996852    0.000000       -1.992781        1.000000    1.186875    0.095271    0.019528    3.655202
    0.176471    0.601585   -0.928337   -0.997102    0.000000       -1.993082        1.000000    1.322327    0.117977    0.019528    3.655202
    0.186275    0.629885   -0.892601   -0.997401    0.000000       -1.993438        1.000000    1.464152    0.144175    0.019528    3.655202
    0.196078    0.657383   -0.856852   -0.997760    0.000000       -1.993861        1.000000    1.612169    0.174098    0.019528    3.655202
    0.205882    0.684041   -0.821090   -0.998193    0.000000       -1.994366        1.000000    1.766187    0.207959    0.019528    3.655202
    0.215686    0.709826   -0.785310   -0.998718    0.000000       -1.994974        1.000000    1.926012    0.245949    0.019528    3.655202
    0.225490    0.734705   -0.749510   -0.999359    0.000000       -1.995709        1.000000    2.091438    0.288237    0.019528    3.655202
    0.235294    0.758644   -0.713684   -1.000149    0.000000       -1.996605        1.000000    2.262254    0.334961    0.019528    3.655202
    0.245098    0.781612   -0.677826   -1.001129    0.000000       -1.997708        1.000000    2.438242    0.386231    0.019528    3.655202
    0.254902    0.803578   -0.641929   -1.002357    0.000000       -1.999076        1.000000    2.619175    0.442127    0.019528    3.655202
    0.264706    0.824514   -0.605983   -1.003912    0.000000       -2.000794        1.000000    2.804823    0.502693    0.019528    3.655202
    0.274510    0.844390   -0.569973   -1.005905    0.000000       -2.002975        1.000000    2.994945    0.567939    0.019528    3.655202
    0.284314    0.863179   -0.533882   -1.008494    0.000000       -2.005782        1.000000    3.189299    0.637838    0.019528    3.655202
    0.294118    0.880853   -0.497684   -1.011907    0.000000       -2.009452        1.000000    3.387632    0.712327    0.019528    3.655202
    0.303922    0.897385   -0.461344   -1.016483    0.000000       -2.014333        1.000000    3.589687    0.791307    0.019528    3.655202
    0.313725    0.912748   -0.424812   -1.022739    0.000000       -2.020951        1.000000    3.795201    0.874640    0.019528    3.655202
    0.323529    0.926915   -0.388014   -1.031476    0.000000       -2.030125        1.000000    4.003905    0.962153    0.019528    3.655202
    0.333333    0.939855   -0.350841   -1.043978    0.000000       -2.043158        1.000000    4.215522    1.053634    0.019528    3.655202
    0.343137    0.951535   -0.313122   -1.062340    0.000000       -2.062174        1.000000    4.429770    1.148839    0.019528    3.655202
    0.352941    0.961917   -0.274592   -1.090036    0.000000       -2.090680        1.000000    4.646355    1.247486    0.019528    3.655202
    0.362745    0.970950   -0.234821   -1.132713    0.000000       -2.134367        1.000000    4.864974    1.349259    0.019528    3.655202
    0.372549    0.978566   -0.193134   -1.198459    0.000000       -2.201364        1.000000    5.085308    1.453804    0.019528    3.655202
    0.382353    0.984668   -0.148579   -1.292454    0.000000       -2.296836        1.000000    5.307015    1.560719    0.019528    3.655202
    0.392157    0.989128   -0.100474   -1.384751    0.000000       -2.390643        1.000000    5.529727    1.669537    0.019528    3.655202
    0.401961    0.991835   -0.051061   -1.328031    0.000000       -2.334949        1.000000    5.753049    1.779690    0.019528    3.655202
    0.411765    0.992877   -0.009437   -0.942075    0.000000       -1.949204        1.000000    5.976605    1.890528    0.019528    3.655202
    0.421569    0.992724    0.014843   -0.423959    0.000000       -1.431177        1.000000    6.200127    2.001505    0.019528    3.655202
    0.431373    0.992007    0.023063   -0.070442    0.000000       -1.078231        1.000000    6.423487    2.112356    0.019528    3.655202
    0.441176    0.991180    0.022124    0.098259    0.000000       -0.910393        1.000000    6.646661    2.223021    0.019528    3.655202
    0.450980    0.990467    0.017329    0.156341    0.000000       -0.853132        1.000000    6.869674    2.333519    0.019528    3.655202
    0.460784    0.989949    0.011588    0.157639    0.000000       -0.852446        1.000000    7.092571    2.443889    0.019528    3.655202
    0.470588    0.989630    0.006359    0.131075    0.000000       -0.879384        1.000000    7.315396    2.554174    0.019528    3.655202
    0.480392    0.989478    0.002343    0.091795    0.000000       -0.918836        1.000000    7.538187    2.664410    0.019528    3.655202
    0.490196    0.989444   -0.000168    0.048063    0.000000       -0.962606        1.000000    7.760970    2.774628    0.019528    3.655202
    0.500000    0.989471   -0.001103    0.004326    0.000000       -1.006314        1.000000    7.983759    2.884846    0.019528    3.655202
    0.509804    0.989505   -0.000499   -0.037749    0.000000       -1.048355        1.000000    8.206556    2.995072    0.019528    3.655202
    0.519608    0.989489    0.001593   -0.079125    0.000000       -1.089746        1.000000    8.429349    3.105301    0.019528    3.655202
    0.529412    0.989372    0.005205   -0.123331    0.000000       -1.134060        1.000000    8.652116    3.215515    0.019528    3.655202
    0.539216    0.989096    0.010531   -0.175796    0.000000       -1.186764        1.000000    8.874821    3.325684    0.019528    3.655202
    0.549020    0.988592    0.017971   -0.242128    0.000000       -1.253504        1.000000    9.097412    3.435760    0.019528    3.655202
    0.558824    0.987776    0.028089   -0.325438    0.000000       -1.337413        1.000000    9.319820    3.545673    0.019528    3.655202
    0.568627    0.986541    0.041477   -0.423786    0.000000       -1.436558        1.000000    9.541949    3.655323    0.019528    3.655202
    0.578431    0.984760    0.058554   -0.529685    0.000000       -1.543420        1.000000    9.763678    3.764570    0.019528    3.655202
    0.588235    0.982301    0.079406   -0.632766    0.000000       -1.647576        1.000000    9.984853    3.873228    0.019528    3.655202
    0.598039    0.979034    0.103762   -0.724089    0.000000       -1.740010        1.000000   10.205292    3.981060    0.019528    3.655202
    0.607843    0.974843    0.131103   -0.798971    0.000000       -1.815974        1.000000   10.424787    4.087784    0.019528    3.655202
    0.617647    0.969638    0.160823   -0.857006    0.000000       -1.875011        1.000000   10.643111    4.193088    0.019528    3.655202
    0.627451    0.963347    0.192350   -0.900381    0.000000       -1.919284        1.000000   10.860018    4.296633    0.019528    3.655202
    0.637255    0.955923    0.225215   -0.932166    0.000000       -1.951856        1.000000   11.075254    4.398076    0.019528    3.655202
    0.647059    0.947334    0.259056   -0.955281    0.000000       -1.975653        1.000000   11.288555    4.497073    0.019528    3.655202
    0.656863    0.937559    0.293606   -0.972103    0.000000       -1.993059        1.000000   11.499656    4.593293    0.019528    3.655202
    0.666667    0.926590    0.328673   -0.984418    0.000000       -2.005874        1.000000   11.708287    4.686422    0.019528    3.655202
    0.676471    0.914425    0.364121   -0.993513    0.000000       -2.015397        1.000000   11.914179    4.776168    0.019528    3.655202
    0.686275    0.901068    0.399852   -1.000301    0.000000       -2.022553        1.000000   12.117063    4.862268    0.019528    3.655202
    0.696078    0.886529    0.435794   -1.005425    0.000000       -2.027992        1.000000   12.316674    4.944488    0.019528    3.655202
    0.705882    0.870819    0.471897   -1.009335    0.000000       -2.032174        1.000000   12.512747    5.022628    0.019528    3.655202
    0.715686    0.853955    0.508123   -1.012353    0.000000       -2.035427        1.000000   12.705024    5.096522    0.019528    3.655202
    0.725490    0.835955    0.544445   -1.014705    0.000000       -2.037984        1.000000   12.893247    5.166041    0.019528    3.655202
    0.735294    0.816841    0.580841   -1.016558    0.000000       -2.040014        1.000000   13.077167    5.231094    0.019528    3.655202
    0.745098    0.796636    0.617297   -1.018030    0.000000       -2.041642        1.000000   13.256538    5.291625    0.019528    3.655202
    0.754902    0.775364    0.653801   -1.019210    0.000000       -2.042958        1.000000   13.431119    5.347616    0.019528    3.655202
    0.764706    0.753054    0.690342   -1.020163    0.000000       -2.044031        1.000000   13.600676    5.399086    0.019528    3.655202
    0.774510    0.729734    0.726914   -1.020939    0.000000       -2.044912        1.000000   13.764983    5.446089    0.019528    3.655202
    0.784314    0.705435    0.763512   -1.021574    0.000000       -2.045641        1.000000   13.923819    5.488713    0.019528    3.655202
    0.794118    0.680188    0.800130   -1.022098    0.000000       -2.046247        1.000000   14.076970    5.527079    0.019528    3.655202
    0.803922    0.654026    0.836765   -1.022532    0.000000       -2.046754        1.000000   14.224230    5.561335    0.019528    3.655202
    0.813725    0.626985    0.873414   -1.022894    0.000000       -2.047181        1.000000   14.365402    5.591659    0.019528    3.655202
    0.823529    0.599101    0.910076   -1.023196    0.000000       -2.047541        1.000000   14.500296    5.618250    0.019528    3.655202
    0.833333    0.570411    0.946747   -1.023450    0.000000       -2.047846        1.000000   14.628729    5.641330    0.019528    3.655202
    0.843137    0.540952    0.983427   -1.023664    0.000000       -2.048106        1.000000   14.750530    5.661140    0.019528    3.655202
    0.852941    0.510765    1.020113   -1.023845    0.000000       -2.048327        1.000000   14.865534    5.677930    0.019528    3.655202
    0.862745    0.479890    1.056806   -1.023999    0.000000       -2.048516        1.000000   14.973586    5.691966    0.019528    3.655202
    0.872549    0.448369    1.093504   -1.024128    0.000000       -2.048677        1.000000   15.074541    5.703515    0.019528    3.655202
    0.882353    0.416244    1.130206   -1.024239    0.000000       -2.048816        1.000000   15.168262    5.712850    0.019528    3.655202
    0.892157    0.383558    1.166911   -1.024332    0.000000       -2.048934        1.000000   15.254624    5.720241    0.019528    3.655202
    0.901961    0.350354    1.203620   -1.024411    0.000000       -2.049035        1.000000   15.333510    5.725955    0.019528    3.655202
    0.911765    0.316679    1.240331   -1.024478    0.000000       -2.049120        1.000000   15.404813    5.730247    0.019528    3.655202
    0.921569    0.282577    1.277045   -1.024534    0.000000       -2.049193        1.000000   15.468438    5.733361    0.019528    3.655202
    0.931373    0.248094    1.313760   -1.024581    0.000000       -2.049254        1.000000   15.524299    5.735525    0.019528    3.655202
    0.941176    0.213277    1.350477   -1.024619    0.000000       -2.049304        1.000000   15.572320    5.736950    0.019528    3.655202
    0.950980    0.178172    1.387195   -1.024650    0.000000       -2.049345        1.000000   15.612437    5.737822    0.019528    3.655202
    0.960784    0.142826    1.423914   -1.024675    0.000000       -2.049377        1.000000   15.644596    5.738305    0.019528    3.655202
    0.970588    0.107289    1.460634   -1.024693    0.000000       -2.049402        1.000000   15.668753    5.738536    0.019528    3.655202
    0.980392    0.071606    1.497355   -1.024706    0.000000       -2.049419        1.000000   15.684876    5.738621    0.019528    3.655202
    0.990196    0.035827    1.534075   -1.024714    0.000000       -2.049429        1.000000   15.692943    5.738641    0.019528    3.655202
    1.000000    0.000000    1.570796   -1.024716    0.000000       -2.049433        1.000000   15.692943    5.738643    0.019528    3.655202
