           t           r         psi          cs          qs               p             sig           A           V          Q2           S
    0.000000   -0.000000   -1.570796   -1.057305    0.000000       -2.114610        1.000000    0.000000   -0.000000    0.393596    6.466881
    0.009804    0.063353   -1.503730   -1.058859    0.000000       -2.116681        1.000000    0.000000    0.000013    0.393596    6.466881
    0.019608    0.126421   -1.436464   -1.063618    0.000000       -2.123006        1.000000    0.050361    0.000214    0.393596    6.466881
    0.029412    0.188916   -1.368788   -1.071865    0.000000       -2.133911        1.000000    0.125617    0.001075    0.393596    6.466881
    0.039216    0.250546   -1.300466   -1.084066    0.000000       -2.149937        1.000000    0.225425    0.003371    0.393596    6.466881
    0.049020    0.311011   -1.231229   -1.100882    0.000000       -2.171838        1.000000    0.349319    0.008142    0.393596    6.466881
    0.058824    0.370001   -1.160757   -1.123173    0.000000       -2.200590        1.000000    0.496712    0.016664    0.393596    6.466881
    0.068627    0.427190   -1.088671   -1.152003    0.000000       -2.237384        1.000000    0.666887    0.030393    0.393596    6.466881
    0.078431    0.482229   -1.014517   -1.188603    0.000000       -2.283582        1.000000    0.858987    0.050912    0.393596    6.466881
    0.088235    0.534742   -0.937762   -1.234255    0.000000       -2.340571        1.000000    1.072006    0.079854    0.393596    6.466881
    0.098039    0.584316   -0.857798   -1.289997    0.000000       -2.409433        1.000000    1.304774    0.118819    0.393596    6.466881
    0.107843    0.630495   -0.773971   -1.355990    0.000000       -2.490244        1.000000    1.555937    0.169271    0.393596    6.466881
    0.117647    0.672771   -0.685677   -1.430319    0.000000       -2.580770        1.000000    1.823941    0.232406    0.393596    6.466881
    0.127451    0.710596   -0.592550   -1.506995    0.000000       -2.674353        1.000000    2.107013    0.308994    0.393596    6.466881
    0.137255    0.743398   -0.494799   -1.573370    0.000000       -2.757210        1.000000    2.403153    0.399196    0.393596    6.466881
    0.147059    0.770646   -0.393702   -1.608376    0.000000       -2.806716        1.000000    2.710146    0.502382    0.393596    6.466881
    0.156863    0.791946   -0.292091   -1.585004    0.000000       -2.794233        1.000000    3.025625    0.617017    0.393596    6.466881
    0.166667    0.807177   -0.194450   -1.480483    0.000000       -2.696020        1.000000    3.347171    0.740739    0.393596    6.466881
    0.176471    0.816606   -0.106175   -1.291182    0.000000       -2.508867        1.000000    3.672473    0.870681    0.393596    6.466881
    0.186275    0.820899   -0.032052   -1.039742    0.000000       -2.257294        1.000000    3.999486    1.003993    0.393596    6.466881
    0.196078    0.821024    0.025182   -0.765286    0.000000       -1.982890        1.000000    4.326548    1.138316    0.393596    6.466881
    0.205882    0.818070    0.065297   -0.504936    0.000000       -1.724721        1.000000    4.652434    1.272011    0.393596    6.466881
    0.215686    0.813077    0.090009   -0.281958    0.000000       -1.506875        1.000000    4.976330    1.404126    0.393596    6.466881
    0.225490    0.806940    0.102028   -0.104982    0.000000       -1.337787        1.000000    5.297782    1.534217    0.393596    6.466881
    0.235294    0.800368    0.104274    0.027048    0.000000       -1.215592        1.000000    5.616616    1.662170    0.393596    6.466881
    0.245098    0.793891    0.099431    0.119738    0.000000       -1.133660        1.000000    5.932869    1.788062    0.393596    6.466881
    0.254902    0.787882    0.089777    0.179970    0.000000       -1.084145        1.000000    6.246729    1.912072    0.393596    6.466881
    0.264706    0.782584    0.077157    0.214317    0.000000       -1.059699        1.000000    6.558478    2.034433    0.393596    6.466881
    0.274510    0.778140    0.063026    0.228492    0.000000       -1.054073        1.000000    6.868457    2.155404    0.393596    6.466881
    0.284314    0.774606    0.048508    0.227278    0.000000       -1.062182        1.000000    7.177029    2.275250    0.393596    6.466881
    0.294118    0.771981    0.034448    0.214636    0.000000       -1.079963        1.000000    7.484554    2.394230    0.393596    6.466881
    0.303922    0.770216    0.021464    0.193862    0.000000       -1.104176        1.000000    7.791377    2.512593    0.393596    6.466881
    0.313725    0.769228    0.009980    0.167710    0.000000       -1.132229        1.000000    8.097806    2.630567    0.393596    6.466881
    0.323529    0.768913    0.000262    0.138499    0.000000       -1.162038        1.000000    8.404109    2.748359    0.393596    6.466881
    0.333333    0.769155   -0.007559    0.108172    0.000000       -1.191919        1.000000    8.710509    2.866142    0.393596    6.466881
    0.343137    0.769831   -0.013465    0.078345    0.000000       -1.220523        1.000000    9.017178    2.984064    0.393596    6.466881
    0.352941    0.770823   -0.017532    0.050324    0.000000       -1.246791        1.000000    9.324243    3.102237    0.393596    6.466881
    0.362745    0.772018   -0.019906    0.025117    0.000000       -1.269933        1.000000    9.631783    3.220741    0.393596    6.466881
    0.372549    0.773316   -0.020791    0.003445    0.000000       -1.289408        1.000000    9.939840    3.339628    0.393596    6.466881
    0.382353    0.774628   -0.020427   -0.014249    0.000000       -1.304921        1.000000   10.248421    3.458918    0.393596    6.466881
    0.392157    0.775885   -0.019072   -0.027789    0.000000       -1.316405        1.000000   10.557501    3.578608    0.393596    6.466881
    0.401961    0.777031   -0.016990   -0.037236    0.000000       -1.324000        1.000000   10.867039    3.698675    0.393596    6.466881
    0.411765    0.778029   -0.014432   -0.042858    0.000000       -1.328023        1.000000   11.176973    3.819079    0.393596    6.466881
    0.421569    0.778856   -0.011628   -0.045082    0.000000       -1.328930        1.000000   11.487238    3.939770    0.393596    6.466881
    0.431373    0.779502   -0.008776   -0.044448    0.000000       -1.327268        1.000000   11.797759    4.060695    0.393596    6.466881
    0.441176    0.779971   -0.006039   -0.041557    0.000000       -1.323632        1.000000   12.108468    4.181795    0.393596    6.466881
    0.450980    0.780273   -0.003541   -0.037024    0.000000       -1.318618        1.000000   12.419297    4.303016    0.393596    6.466881
    0.460784    0.780427   -0.001367   -0.031437    0.000000       -1.312786        1.000000   12.730187    4.424309    0.393596    6.466881
    0.470588    0.780455    0.000434   -0.025327    0.000000       -1.306632        1.000000   13.041088    4.545630    0.393596    6.466881
    0.480392    0.780380    0.001843   -0.019145    0.000000       -1.300570        1.000000   13.351959    4.666942    0.393596    6.466881
    0.490196    0.780229    0.002868   -0.013255    0.000000       -1.294925        1.000000   13.662771    4.788219    0.393596    6.466881
    0.500000    0.780024    0.003536   -0.007927    0.000000       -1.289930        1.000000   13.973500    4.909440    0.393596    6.466881
    0.509804    0.779787    0.003889   -0.003345    0.000000       -1.285736        1.000000   14.284135    5.030591    0.393596    6.466881
    0.519608    0.779537    0.003978    0.000385    0.000000       -1.282418        1.000000   14.594671    5.151666    0.393596    6.466881
    0.529412    0.779287    0.003859    0.003222    0.000000       -1.279992        1.000000   14.905107    5.272663    0.393596    6.466881
    0.539216    0.779050    0.003588    0.005179    0.000000       -1.278427        1.000000   15.215448    5.393584    0.393596    6.466881
    0.549020    0.778834    0.003220    0.006306    0.000000       -1.277657        1.000000   15.525704    5.514435    0.393596    6.466881
    0.558824    0.778643    0.002805    0.006681    0.000000       -1.277599        1.000000   15.835883    5.635223    0.393596    6.466881
    0.568627    0.778479    0.002387    0.006395    0.000000       -1.278158        1.000000   16.145997    5.755956    0.393596    6.466881
    0.578431    0.778340    0.002006    0.005543    0.000000       -1.279241        1.000000   16.456056    5.876642    0.393596    6.466881
    0.588235    0.778223    0.001694    0.004215    0.000000       -1.280762        1.000000   16.766068    5.997289    0.393596    6.466881
    0.598039    0.778123    0.001480    0.002489    0.000000       -1.282654        1.000000   17.076040    6.117902    0.393596    6.466881
    0.607843    0.778033    0.001386    0.000422    0.000000       -1.284869        1.000000   17.385976    6.238486    0.393596    6.466881
    0.617647    0.777944    0.001432   -0.001949    0.000000       -1.287387        1.000000   17.695877    6.359043    0.393596    6.466881
    0.627451    0.777848    0.001639   -0.004620    0.000000       -1.290217        1.000000   18.005740    6.479571    0.393596    6.466881
    0.637255    0.777733    0.002025   -0.007617    0.000000       -1.293404        1.000000   18.315557    6.600066    0.393596    6.466881
    0.647059    0.777587    0.002613   -0.011003    0.000000       -1.297029        1.000000   18.625315    6.720522    0.393596    6.466881
    0.656863    0.777396    0.003431   -0.014880    0.000000       -1.301217        1.000000   18.934998    6.840925    0.393596    6.466881
    0.666667    0.777146    0.004513   -0.019394    0.000000       -1.306141        1.000000   19.244581    6.961260    0.393596    6.466881
    0.676471    0.776817    0.005907   -0.024743    0.000000       -1.312024        1.000000   19.554033    7.081506    0.393596    6.466881
    0.686275    0.776389    0.007674   -0.031176    0.000000       -1.319152        1.000000   19.863315    7.201633    0.393596    6.466881
    0.696078    0.775835    0.009890   -0.039007    0.000000       -1.327878        1.000000   20.172376    7.321608    0.393596    6.466881
    0.705882    0.775123    0.012657   -0.048620    0.000000       -1.338634        1.000000   20.481153    7.441385    0.393596    6.466881
    0.715686    0.774216    0.016103   -0.060476    0.000000       -1.351938        1.000000   20.789569    7.560909    0.393596    6.466881
    0.725490    0.773064    0.020385   -0.075122    0.000000       -1.368407        1.000000   21.097526    7.680109    0.393596    6.466881
    0.735294    0.771609    0.025701   -0.093196    0.000000       -1.388761        1.000000   21.404903    7.798897    0.393596    6.466881
    0.745098    0.769779    0.032290   -0.115429    0.000000       -1.413827        1.000000   21.711551    7.917165    0.393596    6.466881
    0.754902    0.767483    0.040442   -0.142635    0.000000       -1.444531        1.000000   22.017285    8.034774    0.393596    6.466881
    0.764706    0.764612    0.050500   -0.175690    0.000000       -1.481876        1.000000   22.321875    8.151555    0.393596    6.466881
    0.774510    0.761033    0.062863   -0.215490    0.000000       -1.526897        1.000000   22.625039    8.267291    0.393596    6.466881
    0.784314    0.756588    0.077985   -0.262886    0.000000       -1.580592        1.000000   22.926433    8.381719    0.393596    6.466881
    0.794118    0.751086    0.096373   -0.318589    0.000000       -1.643816        1.000000   23.225635    8.494508    0.393596    6.466881
    0.803922    0.744307    0.118568   -0.383046    0.000000       -1.717144        1.000000   23.522137    8.605254    0.393596    6.466881
    0.813725    0.735997    0.145130   -0.456306    0.000000       -1.800724        1.000000   23.815328    8.713468    0.393596    6.466881
    0.823529    0.725869    0.176605   -0.537883    0.000000       -1.894113        1.000000   24.104484    8.818561    0.393596    6.466881
    0.833333    0.713611    0.213487   -0.626663    0.000000       -1.996173        1.000000   24.388758    8.919847    0.393596    6.466881
    0.843137    0.698891    0.256182   -0.720888    0.000000       -2.105031        1.000000   24.667167    9.016540    0.393596    6.466881
    0.852941    0.681368    0.304963   -0.818241    0.000000       -2.218158        1.000000   24.938596    9.107775    0.393596    6.466881
    0.862745    0.660710    0.359946   -0.916042    0.000000       -2.332573        1.000000   25.201796    9.192642    0.393596    6.466881
    0.872549    0.636609    0.421070   -1.011520    0.000000       -2.445135        1.000000   25.455395    9.270236    0.393596    6.466881
    0.882353    0.608803    0.488105   -1.102118    0.000000       -2.552873        1.000000   25.697917    9.339729    0.393596    6.466881
    0.892157    0.577090    0.560672   -1.185745    0.000000       -2.653276        1.000000   25.927806    9.400455    0.393596    6.466881
    0.901961    0.541349    0.638280   -1.260928    0.000000       -2.744485        1.000000   26.143457    9.451993    0.393596    6.466881
    0.911765    0.501545    0.720364   -1.326861    0.000000       -2.825364        1.000000   26.343252    9.494238    0.393596    6.466881
    0.921569    0.457740    0.806328   -1.383339    0.000000       -2.895449        1.000000   26.525596    9.527455    0.393596    6.466881
    0.931373    0.410095    0.895579   -1.430629    0.000000       -2.954831        1.000000   26.688961    9.552285    0.393596    6.466881
    0.941176    0.358862    0.987552   -1.469324    0.000000       -3.003993        1.000000   26.831917    9.569712    0.393596    6.466881
    0.950980    0.304383    1.081726   -1.500187    0.000000       -3.043654        1.000000   26.953171    9.580991    0.393596    6.466881
    0.960784    0.247077    1.177630   -1.524036    0.000000       -3.074627        1.000000   27.051596    9.587535    0.393596    6.466881
    0.970588    0.187428    1.274845   -1.541649    0.000000       -3.097716        1.000000   27.126260    9.590774    0.393596    6.466881
    0.980392    0.125975    1.372996   -1.553697    0.000000       -3.113632        1.000000   27.176443    9.592017    0.393596    6.466881
    0.990196    0.063297    1.471749   -1.560702    0.000000       -3.122937        1.000000   27.201658    9.592310    0.393596    6.466881
    1.000000    0.000000    1.570796   -1.562998    0.000000       -3.125996        1.000000   27.201658    9.592330    0.393596    6.466881
