           t           r         psi          cs          qs               p             sig           A           V          Q2           S
    0.000000   -0.000000   -1.570796   -1.012519    0.000000       -2.025037        1.000000    0.000000    0.000000    0.260146    5.198950
    0.009804    0.050947   -1.519181   -1.012917    0.000000       -2.025568        1.000000    0.000000    0.000005    0.260146    5.198950
    0.019608    0.101759   -1.467526   -1.014130    0.000000       -2.027182        1.000000    0.032589    0.000086    0.260146    5.198950
    0.029412    0.152299   -1.415786   -1.016211    0.000000       -2.029940        1.000000    0.081363    0.000432    0.260146    5.198950
    0.039216    0.202432   -1.363917   -1.019246    0.000000       -2.033945        1.000000    0.146193    0.001357    0.260146    5.198950
    0.049020    0.252020   -1.311866   -1.023363    0.000000       -2.039342        1.000000    0.226904    0.003288    0.260146    5.198950
    0.058824    0.300928   -1.259574   -1.028731    0.000000       -2.046326        1.000000    0.323277    0.006758    0.260146    5.198950
    0.068627    0.349017   -1.206972   -1.035567    0.000000       -2.055148        1.000000    0.435052    0.012391    0.260146    5.198950
    0.078431    0.396149   -1.153978   -1.044151    0.000000       -2.066124        1.000000    0.561920    0.020885    0.260146    5.198950
    0.088235    0.442182   -1.100495   -1.054833    0.000000       -2.079648        1.000000    0.703531    0.032999    0.260146    5.198950
    0.098039    0.486973   -1.046405   -1.068051    0.000000       -2.096211        1.000000    0.859486    0.049531    0.260146    5.198950
    0.107843    0.530374   -0.991566   -1.084343    0.000000       -2.116407        1.000000    1.029341    0.071297    0.260146    5.198950
    0.117647    0.572233   -0.935804   -1.104363    0.000000       -2.140954        1.000000    1.212601    0.099110    0.260146    5.198950
    0.127451    0.612389   -0.878910   -1.128887    0.000000       -2.170693        1.000000    1.408722    0.133756    0.260146    5.198950
    0.137255    0.650673   -0.820633   -1.158792    0.000000       -2.206565        1.000000    1.617103    0.175967    0.260146    5.198950
    0.147059    0.686904   -0.760676   -1.194991    0.000000       -2.249536        1.000000    1.837087    0.226396    0.260146    5.198950
    0.156863    0.720884   -0.698695   -1.238262    0.000000       -2.300406        1.000000    2.067953    0.285584    0.260146    5.198950
    0.166667    0.752399   -0.634322   -1.288881    0.000000       -2.359423        1.000000    2.308912    0.353931    0.260146    5.198950
    0.176471    0.781215   -0.567196   -1.345933    0.000000       -2.425547        1.000000    2.559100    0.431651    0.260146    5.198950
    0.186275    0.807082   -0.497061   -1.406118    0.000000       -2.495212        1.000000    2.817571    0.518728    0.260146    5.198950
    0.196078    0.829738   -0.423925   -1.462054    0.000000       -2.560571        1.000000    3.083299    0.614863    0.260146    5.198950
    0.205882    0.848937   -0.348312   -1.500556    0.000000       -2.607765        1.000000    3.355175    0.719424    0.260146    5.198950
    0.215686    0.864480   -0.271577   -1.502538    0.000000       -2.616906        1.000000    3.632028    0.831414    0.260146    5.198950
    0.225490    0.876276   -0.196121   -1.447207    0.000000       -2.566523        1.000000    3.912660    0.949488    0.260146    5.198950
    0.235294    0.884403   -0.125253   -1.321622    0.000000       -2.443471        1.000000    4.195894    1.072058    0.260146    5.198950
    0.245098    0.889139   -0.062516   -1.130713    0.000000       -2.253199        1.000000    4.480644    1.197486    0.260146    5.198950
    0.254902    0.890954   -0.010696   -0.898432    0.000000       -2.020761        1.000000    4.765976    1.324305    0.260146    5.198950
    0.264706    0.890437    0.028922   -0.657236    0.000000       -1.779810        1.000000    5.051143    1.451373    0.260146    5.198950
    0.274510    0.888209    0.056626   -0.434634    0.000000       -1.558691        1.000000    5.335596    1.577925    0.260146    5.198950
    0.284314    0.884846    0.073819   -0.246384    0.000000       -1.373446        1.000000    5.618972    1.703519    0.260146    5.198950
    0.294118    0.880837    0.082412   -0.097296    0.000000       -1.228727        1.000000    5.901064    1.827947    0.260146    5.198950
    0.303922    0.876567    0.084369    0.014686    0.000000       -1.122070        1.000000    6.181789    1.951152    0.260146    5.198950
    0.313725    0.872329    0.081459    0.094676    0.000000       -1.047879        1.000000    6.461156    2.073168    0.260146    5.198950
    0.323529    0.868330    0.075162    0.148494    0.000000       -0.999890        1.000000    6.739242    2.194079    0.260146    5.198950
    0.333333    0.864711    0.066674    0.181534    0.000000       -0.972352        1.000000    7.016170    2.313998    0.260146    5.198950
    0.343137    0.861559    0.056931    0.198383    0.000000       -0.960423        1.000000    7.292088    2.433053    0.260146    5.198950
    0.352941    0.858919    0.046661    0.202792    0.000000       -0.960194        1.000000    7.567161    2.551377    0.260146    5.198950
    0.362745    0.856804    0.036418    0.197786    0.000000       -0.968568        1.000000    7.841556    2.669105    0.260146    5.198950
    0.372549    0.855200    0.026617    0.185806    0.000000       -0.983096        1.000000    8.115438    2.786367    0.260146    5.198950
    0.382353    0.854078    0.017562    0.168835    0.000000       -1.001838        1.000000    8.388960    2.903286    0.260146    5.198950
    0.392157    0.853394    0.009463    0.148503    0.000000       -1.023236        1.000000    8.662264    3.019977    0.260146    5.198950
    0.401961    0.853095    0.002457    0.126166    0.000000       -1.046033        1.000000    8.935471    3.136543    0.260146    5.198950
    0.411765    0.853123   -0.003384    0.102958    0.000000       -1.069199        1.000000    9.208688    3.253076    0.260146    5.198950
    0.421569    0.853420   -0.008040    0.079829    0.000000       -1.091890        1.000000    9.481999    3.369653    0.260146    5.198950
    0.431373    0.853923   -0.011536    0.057567    0.000000       -1.113420        1.000000    9.755472    3.486337    0.260146    5.198950
    0.441176    0.854577   -0.013934    0.036812    0.000000       -1.133244        1.000000   10.029154    3.603176    0.260146    5.198950
    0.450980    0.855327   -0.015323    0.018060    0.000000       -1.150947        1.000000   10.303077    3.720205    0.260146    5.198950
    0.460784    0.856124   -0.015815    0.001667    0.000000       -1.166243        1.000000   10.577254    3.837446    0.260146    5.198950
    0.470588    0.856926   -0.015537   -0.012146    0.000000       -1.178968        1.000000   10.851688    3.954907    0.260146    5.198950
    0.480392    0.857697   -0.014622   -0.023293    0.000000       -1.189082        1.000000   11.126370    4.072585    0.260146    5.198950
    0.490196    0.858408   -0.013207   -0.031810    0.000000       -1.196657        1.000000   11.401278    4.190470    0.260146    5.198950
    0.500000    0.859037   -0.011422   -0.037849    0.000000       -1.201868        1.000000   11.676389    4.308541    0.260146    5.198950
    0.509804    0.859568   -0.009387   -0.041657    0.000000       -1.204981        1.000000   11.951669    4.426775    0.260146    5.198950
    0.519608    0.859991   -0.007208   -0.043556    0.000000       -1.206329        1.000000   12.227085    4.545143    0.260146    5.198950
    0.529412    0.860301   -0.004972   -0.043928    0.000000       -1.206297        1.000000   12.502601    4.663614    0.260146    5.198950
    0.539216    0.860498   -0.002748   -0.043186    0.000000       -1.205300        1.000000   12.778179    4.782156    0.260146    5.198950
    0.549020    0.860583   -0.000582   -0.041760    0.000000       -1.203764        1.000000   13.053785    4.900737    0.260146    5.198950
    0.558824    0.860559    0.001504   -0.040077    0.000000       -1.202112        1.000000   13.329382    5.019327    0.260146    5.198950
    0.568627    0.860431    0.003507   -0.038552    0.000000       -1.200754        1.000000   13.604939    5.137895    0.260146    5.198950
    0.578431    0.860202    0.005444   -0.037579    0.000000       -1.200079        1.000000   13.880423    5.256414    0.260146    5.198950
    0.588235    0.859876    0.007353   -0.037530    0.000000       -1.200457        1.000000   14.155802    5.374854    0.260146    5.198950
    0.598039    0.859452    0.009291   -0.038755    0.000000       -1.202237        1.000000   14.431046    5.493190    0.260146    5.198950
    0.607843    0.858927    0.011331   -0.041591    0.000000       -1.205759        1.000000   14.706121    5.611393    0.260146    5.198950
    0.617647    0.858294    0.013564   -0.046366    0.000000       -1.211360        1.000000   14.980994    5.729435    0.260146    5.198950
    0.627451    0.857540    0.016096   -0.053411    0.000000       -1.219386        1.000000   15.255625    5.847282    0.260146    5.198950
    0.637255    0.856646    0.019053   -0.063069    0.000000       -1.230201        1.000000   15.529970    5.964898    0.260146    5.198950
    0.647059    0.855588    0.022576   -0.075705    0.000000       -1.244194        1.000000   15.803975    6.082240    0.260146    5.198950
    0.656863    0.854332    0.026827   -0.091706    0.000000       -1.261789        1.000000   16.077579    6.199255    0.260146    5.198950
    0.666667    0.852838    0.031989   -0.111488    0.000000       -1.283444        1.000000   16.350705    6.315881    0.260146    5.198950
    0.676471    0.851053    0.038264   -0.135487    0.000000       -1.309642        1.000000   16.623258    6.432039    0.260146    5.198950
    0.686275    0.848916    0.045880   -0.164141    0.000000       -1.340875        1.000000   16.895127    6.547633    0.260146    5.198950
    0.696078    0.846351    0.055083   -0.197865    0.000000       -1.377616        1.000000   17.166175    6.662547    0.260146    5.198950
    0.705882    0.843272    0.066142   -0.237011    0.000000       -1.420275        1.000000   17.436237    6.776634    0.260146    5.198950
    0.715686    0.839577    0.079340   -0.281816    0.000000       -1.469145        1.000000   17.705115    6.889719    0.260146    5.198950
    0.725490    0.835152    0.094968   -0.332343    0.000000       -1.524335        1.000000   17.972576    7.001590    0.260146    5.198950
    0.735294    0.829865    0.113314   -0.388419    0.000000       -1.585706        1.000000   18.238344    7.111991    0.260146    5.198950
    0.745098    0.823575    0.134650   -0.449583    0.000000       -1.652810        1.000000   18.502098    7.220618    0.260146    5.198950
    0.754902    0.816127    0.159218   -0.515063    0.000000       -1.724864        1.000000   18.763466    7.327119    0.260146    5.198950
    0.764706    0.807357    0.187211   -0.583782    0.000000       -1.800749        1.000000   19.022026    7.431086    0.260146    5.198950
    0.774510    0.797098    0.218761   -0.654410    0.000000       -1.879062        1.000000   19.277300    7.532061    0.260146    5.198950
    0.784314    0.785178    0.253929   -0.725459    0.000000       -1.958214        1.000000   19.528757    7.629540    0.260146    5.198950
    0.794118    0.771436    0.292696   -0.795403    0.000000       -2.036556        1.000000   19.775813    7.722984    0.260146    5.198950
    0.803922    0.755716    0.334969   -0.862813    0.000000       -2.112516        1.000000   20.017835    7.811835    0.260146    5.198950
    0.813725    0.737881    0.380587   -0.926465    0.000000       -2.184726        1.000000   20.254145    7.895535    0.260146    5.198950
    0.823529    0.717814    0.429333   -0.985423    0.000000       -2.252107        1.000000   20.484028    7.973557    0.260146    5.198950
    0.833333    0.695421    0.480951   -1.039071    0.000000       -2.313919        1.000000   20.706739    8.045427    0.260146    5.198950
    0.843137    0.670637    0.535161   -1.087110    0.000000       -2.369751        1.000000   20.921514    8.110752    0.260146    5.198950
    0.852941    0.643426    0.591675   -1.129514    0.000000       -2.419495        1.000000   21.127574    8.169250    0.260146    5.198950
    0.862745    0.613782    0.650211   -1.166476    0.000000       -2.463281        1.000000   21.324141    8.220770    0.260146    5.198950
    0.872549    0.581729    0.710499   -1.198339    0.000000       -2.501414        1.000000   21.510442    8.265305    0.260146    5.198950
    0.882353    0.547318    0.772291   -1.225540    0.000000       -2.534312        1.000000   21.685723    8.302998    0.260146    5.198950
    0.892157    0.510628    0.835360   -1.248559    0.000000       -2.562452        1.000000   21.849254    8.334147    0.260146    5.198950
    0.901961    0.471764    0.899506   -1.267881    0.000000       -2.586330        1.000000   22.000338    8.359189    0.260146    5.198950
    0.911765    0.430853    0.964553   -1.283970    0.000000       -2.606427        1.000000   22.138321    8.378686    0.260146    5.198950
    0.921569    0.388043    1.030347   -1.297253    0.000000       -2.623194        1.000000   22.262593    8.393296    0.260146    5.198950
    0.931373    0.343500    1.096754   -1.308110    0.000000       -2.637038        1.000000   22.372601    8.403748    0.260146    5.198950
    0.941176    0.297407    1.163660   -1.316873    0.000000       -2.648320        1.000000   22.467847    8.410801    0.260146    5.198950
    0.950980    0.249960    1.230966   -1.323824    0.000000       -2.657348        1.000000   22.547897    8.415213    0.260146    5.198950
    0.960784    0.201367    1.298584   -1.329196    0.000000       -2.664381        1.000000   22.612386    8.417699    0.260146    5.198950
    0.970588    0.151847    1.366441   -1.333178    0.000000       -2.669630        1.000000   22.661016    8.418902    0.260146    5.198950
    0.980392    0.101625    1.434468   -1.335918    0.000000       -2.673260        1.000000   22.693562    8.419356    0.260146    5.198950
    0.990196    0.050931    1.502605   -1.337519    0.000000       -2.675389        1.000000   22.709872    8.419461    0.260146    5.198950
    1.000000    0.000000    1.570796   -1.338045    0.000000       -2.676091        1.000000   22.709872    8.419468    0.260146    5.198950
