           t           r         psi          cs          qs               p             sig           A           V          Q2           S
    0.000000   -0.000000   -1.570796   -2.481932    0.000000       -4.963864        1.000000    0.000000    0.000000    0.927554   37.474548
    0.009804    0.292009   -0.335277   -3.782497    0.000000       -7.016362        1.000000    0.000000    0.029391    0.927554   37.474548
    0.019608    0.273778    0.140569    0.616271    0.000000       -3.000297        1.000000    0.631996    0.129856    0.927554   37.474548
    0.029412    0.264177   -0.040093    0.014998    0.000000       -3.767305        1.000000    1.241829    0.209586    0.927554   37.474548
    0.039216    0.271018    0.005272   -0.068825    0.000000       -3.758560        1.000000    1.867455    0.293216    0.927554   37.474548
    0.049020    0.268733    0.001221    0.031215    0.000000       -3.689943        1.000000    2.487806    0.377158    0.927554   37.474548
    0.058824    0.269184   -0.001082   -0.008397    0.000000       -3.723328        1.000000    3.109197    0.460617    0.927554   37.474548
    0.068627    0.269185    0.000400    0.001055    0.000000       -3.713859        1.000000    3.730592    0.544280    0.927554   37.474548
    0.078431    0.269142   -0.000089    0.000288    0.000000       -3.715220        1.000000    4.351887    0.627891    0.927554   37.474548
    0.088235    0.269163    0.000005   -0.000237    0.000000       -3.715464        1.000000    4.973228    0.711508    0.927554   37.474548
    0.098039    0.269157    0.000006    0.000086    0.000000       -3.715220        1.000000    5.594557    0.795127    0.927554   37.474548
    0.107843    0.269158   -0.000003   -0.000018    0.000000       -3.715313        1.000000    6.215888    0.878745    0.927554   37.474548
    0.117647    0.269158    0.000001    0.000001    0.000000       -3.715292        1.000000    6.837219    0.962363    0.927554   37.474548
    0.127451    0.269158   -0.000000    0.000001    0.000000       -3.715293        1.000000    7.458550    1.045981    0.927554   37.474548
    0.137255    0.269158   -0.000000   -0.000001    0.000000       -3.715295        1.000000    8.079881    1.129599    0.927554   37.474548
    0.147059    0.269158    0.000000    0.000000    0.000000       -3.715294        1.000000    8.701212    1.213217    0.927554   37.474548
    0.156863    0.269158   -0.000000   -0.000000    0.000000       -3.715294        1.000000    9.322543    1.296835    0.927554   37.474548
    0.166667    0.269158    0.000000   -0.000000    0.000000       -3.715294        1.000000    9.943873    1.380453    0.927554   37.474548
    0.176471    0.269158   -0.000000    0.000000    0.000000       -3.715294        1.000000   10.565204    1.464071    0.927554   37.474548
    0.186275    0.269158   -0.000000   -0.000000    0.000000       -3.715294        1.000000   11.186535    1.547689    0.927554   37.474548
    0.196078    0.269158    0.000000    0.000000    0.000000       -3.715294        1.000000   11.807866    1.631307    0.927554   37.474548
    0.205882    0.269158   -0.000000   -0.000000    0.000000       -3.715294        1.000000   12.429197    1.714925    0.927554   37.474548
    0.215686    0.269158    0.000000   -0.000000    0.000000       -3.715294        1.000000   13.050528    1.798543    0.927554   37.474548
    0.225490    0.269158    0.000000    0.000000    0.000000       -3.715294        1.000000   13.671858    1.882161    0.927554   37.474548
    0.235294    0.269158   -0.000000   -0.000000    0.000000       -3.715294        1.000000   14.293189    1.965779    0.927554   37.474548
    0.245098    0.269158    0.000000    0.000000    0.000000       -3.715294        1.000000   14.914520    2.049397    0.927554   37.474548
    0.254902    0.269158   -0.000000    0.000000    0.000000       -3.715294        1.000000   15.535851    2.133015    0.927554   37.474548
    0.264706    0.269158    0.000000   -0.000000    0.000000       -3.715294        1.000000   16.157182    2.216633    0.927554   37.474548
    0.274510    0.269158    0.000000    0.000000    0.000000       -3.715294        1.000000   16.778513    2.300251    0.927554   37.474548
    0.284314    0.269158   -0.000000    0.000000    0.000000       -3.715294        1.000000   17.399844    2.383869    0.927554   37.474548
    0.294118    0.269158   -0.000000   -0.000000    0.000000       -3.715294        1.000000   18.021174    2.467487    0.927554   37.474548
    0.303922    0.269158   -0.000000    0.000000    0.000000       -3.715294        1.000000   18.642505    2.551105    0.927554   37.474548
    0.313725    0.269158   -0.000000    0.000000    0.000000       -3.715294        1.000000   19.263836    2.634723    0.927554   37.474548
    0.323529    0.269158   -0.000000    0.000000    0.000000       -3.715294        1.000000   19.885167    2.718341    0.927554   37.474548
    0.333333    0.269158   -0.000000    0.000000    0.000000       -3.715294        1.000000   20.506498    2.801959    0.927554   37.474548
    0.343137    0.269158   -0.000000    0.000000    0.000000       -3.715294        1.000000   21.127829    2.885577    0.927554   37.474548
    0.352941    0.269158   -0.000000    0.000000    0.000000       -3.715294        1.000000   21.749160    2.969195    0.927554   37.474548
    0.362745    0.269158   -0.000000    0.000000    0.000000       -3.715294        1.000000   22.370490    3.052813    0.927554   37.474548
    0.372549    0.269158   -0.000000    0.000000    0.000000       -3.715294        1.000000   22.991821    3.136431    0.927554   37.474548
    0.382353    0.269158   -0.000000    0.000000    0.000000       -3.715294        1.000000   23.613152    3.220049    0.927554   37.474548
    0.392157    0.269158   -0.000000    0.000000    0.000000       -3.715294        1.000000   24.234483    3.303667    0.927554   37.474548
    0.401961    0.269158   -0.000000    0.000000    0.000000       -3.715294        1.000000   24.855814    3.387285    0.927554   37.474548
    0.411765    0.269158   -0.000000    0.000000    0.000000       -3.715294        1.000000   25.477145    3.470903    0.927554   37.474548
    0.421569    0.269158   -0.000000    0.000000    0.000000       -3.715294        1.000000   26.098475    3.554521    0.927554   37.474548
    0.431373    0.269158   -0.000000    0.000000    0.000000       -3.715294        1.000000   26.719806    3.638139    0.927554   37.474548
    0.441176    0.269158   -0.000000    0.000000    0.000000       -3.715294        1.000000   27.341137    3.721757    0.927554   37.474548
    0.450980    0.269158   -0.000000    0.000000    0.000000       -3.715294        1.000000   27.962468    3.805375    0.927554   37.474548
    0.460784    0.269158   -0.000000    0.000000    0.000000       -3.715294        1.000000   28.583799    3.888993    0.927554   37.474548
    0.470588    0.269158   -0.000000    0.000000    0.000000       -3.715294        1.000000   29.205130    3.972611    0.927554   37.474548
    0.480392    0.269158   -0.000000    0.000000    0.000000       -3.715294        1.000000   29.826461    4.056229    0.927554   37.474548
    0.490196    0.269158   -0.000000    0.000000    0.000000       -3.715294        1.000000   30.447791    4.139847    0.927554   37.474548
    0.500000    0.269158   -0.000000   -0.000000    0.000000       -3.715294        1.000000   31.069122    4.223465    0.927554   37.474548
    0.509804    0.269158    0.000000    0.000000    0.000000       -3.715294        1.000000   31.690453    4.307083    0.927554   37.474548
    0.519608    0.269158   -0.000000    0.000000    0.000000       -3.715294        1.000000   32.311784    4.390701    0.927554   37.474548
    0.529412    0.269158    0.000000   -0.000000    0.000000       -3.715294        1.000000   32.933115    4.474319    0.927554   37.474548
    0.539216    0.269158    0.000000    0.000000    0.000000       -3.715294        1.000000   33.554446    4.557937    0.927554   37.474548
    0.549020    0.269158    0.000000    0.000000    0.000000       -3.715294        1.000000   34.175777    4.641555    0.927554   37.474548
    0.558824    0.269158   -0.000000    0.000000    0.000000       -3.715294        1.000000   34.797107    4.725173    0.927554   37.474548
    0.568627    0.269158    0.000000   -0.000000    0.000000       -3.715294        1.000000   35.418438    4.808791    0.927554   37.474548
    0.578431    0.269158    0.000000    0.000000    0.000000       -3.715294        1.000000   36.039769    4.892409    0.927554   37.474548
    0.588235    0.269158    0.000000   -0.000000    0.000000       -3.715294        1.000000   36.661100    4.976027    0.927554   37.474548
    0.598039    0.269158    0.000000    0.000000    0.000000       -3.715294        1.000000   37.282431    5.059645    0.927554   37.474548
    0.607843    0.269158    0.000000   -0.000000    0.000000       -3.715294        1.000000   37.903762    5.143263    0.927554   37.474548
    0.617647    0.269158    0.000000    0.000000    0.000000       -3.715294        1.000000   38.525092    5.226881    0.927554   37.474548
    0.627451    0.269158    0.000000    0.000000    0.000000       -3.715294        1.000000   39.146423    5.310499    0.927554   37.474548
    0.637255    0.269158    0.000000    0.000000    0.000000       -3.715294        1.000000   39.767754    5.394117    0.927554   37.474548
    0.647059    0.269158    0.000000    0.000000    0.000000       -3.715294        1.000000   40.389085    5.477735    0.927554   37.474548
    0.656863    0.269158    0.000000    0.000000    0.000000       -3.715294        1.000000   41.010416    5.561353    0.927554   37.474548
    0.666667    0.269158    0.000000    0.000000    0.000000       -3.715294        1.000000   41.631747    5.644971    0.927554   37.474548
    0.676471    0.269158    0.000000    0.000000    0.000000       -3.715294        1.000000   42.253078    5.728589    0.927554   37.474548
    0.686275    0.269158    0.000000    0.000000    0.000000       -3.715294        1.000000   42.874408    5.812207    0.927554   37.474548
    0.696078    0.269158    0.000000    0.000000    0.000000       -3.715294        1.000000   43.495739    5.895824    0.927554   37.474548
    0.705882    0.269158    0.000000    0.000000    0.000000       -3.715294        1.000000   44.117070    5.979442    0.927554   37.474548
    0.715686    0.269158    0.000000    0.000000    0.000000       -3.715294        1.000000   44.738401    6.063060    0.927554   37.474548
    0.725490    0.269158    0.000000   -0.000000    0.000000       -3.715294        1.000000   45.359732    6.146678    0.927554   37.474548
    0.735294    0.269158    0.000000    0.000000    0.000000       -3.715294        1.000000   45.981063    6.230296    0.927554   37.474548
    0.745098    0.269158    0.000000   -0.000000    0.000000       -3.715294        1.000000   46.602393    6.313914    0.927554   37.474548
    0.754902    0.269158    0.000000    0.000000    0.000000       -3.715294        1.000000   47.223724    6.397532    0.927554   37.474548
    0.764706    0.269158   -0.000000   -0.000000    0.000000       -3.715294        1.000000   47.845055    6.481150    0.927554   37.474548
    0.774510    0.269158    0.000000    0.000000    0.000000       -3.715294        1.000000   48.466386    6.564768    0.927554   37.474548
    0.784314    0.269158   -0.000000    0.000000    0.000000       -3.715294        1.000000   49.087717    6.648386    0.927554   37.474548
    0.794118    0.269158    0.000000   -0.000000    0.000000       -3.715294        1.000000   49.709048    6.732004    0.927554   37.474548
    0.803922    0.269158    0.000000    0.000000    0.000000       -3.715294        1.000000   50.330379    6.815622    0.927554   37.474548
    0.813725    0.269158    0.000000    0.000000    0.000000       -3.715294        1.000000   50.951709    6.899240    0.927554   37.474548
    0.823529    0.269158    0.000000    0.000000    0.000000       -3.715294        1.000000   51.573040    6.982858    0.927554   37.474548
    0.833333    0.269158    0.000000   -0.000000    0.000000       -3.715294        1.000000   52.194371    7.066476    0.927554   37.474548
    0.843137    0.269158    0.000000    0.000000    0.000000       -3.715294        1.000000   52.815702    7.150094    0.927554   37.474548
    0.852941    0.269158    0.000000   -0.000000    0.000000       -3.715294        1.000000   53.437033    7.233712    0.927554   37.474548
    0.862745    0.269158    0.000000   -0.000000    0.000000       -3.715294        1.000000   54.058364    7.317330    0.927554   37.474548
    0.872549    0.269158    0.000000   -0.000000    0.000000       -3.715294        1.000000   54.679695    7.400948    0.927554   37.474548
    0.882353    0.269158    0.000000   -0.000000    0.000000       -3.715294        1.000000   55.301025    7.484566    0.927554   37.474548
    0.892157    0.269158    0.000000   -0.000000    0.000000       -3.715294        1.000000   55.922356    7.568184    0.927554   37.474548
    0.901961    0.269158    0.000000   -0.000000    0.000000       -3.715294        1.000000   56.543687    7.651802    0.927554   37.474548
    0.911765    0.269158    0.000000   -0.000000    0.000000       -3.715294        1.000000   57.165018    7.735420    0.927554   37.474548
    0.921569    0.269158    0.000000   -0.000000    0.000000       -3.715294        1.000000   57.786349    7.819038    0.927554   37.474548
    0.931373    0.269158    0.000000   -0.000001    0.000000       -3.715295        1.000000   58.407680    7.902656    0.927554   37.474548
    0.941176    0.269157    0.000002   -0.000012    0.000000       -3.715310        1.000000   59.029010    7.986274    0.927554   37.474548
    0.950980    0.269155    0.000019   -0.000123    0.000000       -3.715459        1.000000   59.650334    8.069891    0.927554   37.474548
    0.960784    0.269126    0.000203   -0.001308    0.000000       -3.717039        1.000000   60.271591    8.153502    0.927554   37.474548
    0.970588    0.268822    0.002158   -0.013867    0.000000       -3.733793        1.000000   60.892147    8.237040    0.927554   37.474548
    0.980392    0.265602    0.022812   -0.146057    0.000000       -3.910110        1.000000   61.505270    8.319808    0.927554   37.474548
    0.990196    0.232278    0.232521   -1.426239    0.000000       -5.615561        1.000000   62.041467    8.394467    0.927554   37.474548
    1.000000    0.000000    1.570796   -5.556731    0.000000      -11.113462        1.000000   62.041467    8.419468    0.927554   37.474548
