           t           r         psi          cs          qs               p             sig           A           V          Q2           S
    0.000000   -0.000000   -1.570796   -2.490662    0.000000       -4.981324        1.000000    0.000000    0.000000    0.928093   25.511832
    0.009804    0.229250   -0.801490   -3.956332    0.000000       -6.990735        1.000000    0.000000    0.007521    0.928093   25.511832
    0.019608    0.306618    0.055340   -1.865564    0.000000       -5.121963        1.000000    0.481857    0.067313    0.928093   25.511832
    0.029412    0.270326    0.128852    0.679138    0.000000       -2.989436        1.000000    0.906681    0.132629    0.928093   25.511832
    0.039216    0.259747   -0.025552    0.299082    0.000000       -3.549563        1.000000    1.314880    0.186338    0.928093   25.511832
    0.049020    0.268430   -0.024058   -0.171743    0.000000       -3.896033        1.000000    1.736724    0.241155    0.928093   25.511832
    0.058824    0.269780    0.007303   -0.043205    0.000000       -3.749824        1.000000    2.160691    0.298339    0.928093   25.511832
    0.068627    0.267939    0.004054    0.038104    0.000000       -3.694061        1.000000    2.581763    0.355102    0.928093   25.511832
    0.078431    0.267851   -0.001854    0.004899    0.000000       -3.728508        1.000000    3.002699    0.411441    0.928093   25.511832
    0.088235    0.268228   -0.000629   -0.008080    0.000000       -3.736255        1.000000    3.424225    0.467907    0.928093   25.511832
    0.098039    0.268209    0.000430   -0.000192    0.000000       -3.728632        1.000000    3.845722    0.524445    0.928093   25.511832
    0.107843    0.268136    0.000083    0.001628    0.000000       -3.727828        1.000000    4.267104    0.580950    0.928093   25.511832
    0.117647    0.268146   -0.000094   -0.000120    0.000000       -3.729425        1.000000    4.688503    0.637445    0.928093   25.511832
    0.127451    0.268160   -0.000008   -0.000313    0.000000       -3.729430        1.000000    5.109923    0.693947    0.928093   25.511832
    0.137255    0.268157    0.000019    0.000054    0.000000       -3.729111        1.000000    5.531338    0.750450    0.928093   25.511832
    0.147059    0.268154   -0.000000    0.000057    0.000000       -3.729141        1.000000    5.952749    0.806952    0.928093   25.511832
    0.156863    0.268155   -0.000004   -0.000016    0.000000       -3.729202        1.000000    6.374161    0.863454    0.928093   25.511832
    0.166667    0.268155    0.000000   -0.000010    0.000000       -3.729190        1.000000    6.795574    0.919956    0.928093   25.511832
    0.176471    0.268155    0.000001    0.000004    0.000000       -3.729179        1.000000    7.216987    0.976458    0.928093   25.511832
    0.186275    0.268155   -0.000000    0.000002    0.000000       -3.729182        1.000000    7.638399    1.032960    0.928093   25.511832
    0.196078    0.268155   -0.000000   -0.000001    0.000000       -3.729184        1.000000    8.059812    1.089462    0.928093   25.511832
    0.205882    0.268155    0.000000   -0.000000    0.000000       -3.729183        1.000000    8.481225    1.145964    0.928093   25.511832
    0.215686    0.268155    0.000000    0.000000    0.000000       -3.729183        1.000000    8.902638    1.202466    0.928093   25.511832
    0.225490    0.268155   -0.000000    0.000000    0.000000       -3.729183        1.000000    9.324050    1.258968    0.928093   25.511832
    0.235294    0.268155   -0.000000   -0.000000    0.000000       -3.729183        1.000000    9.745463    1.315470    0.928093   25.511832
    0.245098    0.268155    0.000000    0.000000    0.000000       -3.729183        1.000000   10.166876    1.371972    0.928093   25.511832
    0.254902    0.268155    0.000000    0.000000    0.000000       -3.729183        1.000000   10.588288    1.428474    0.928093   25.511832
    0.264706    0.268155   -0.000000   -0.000000    0.000000       -3.729183        1.000000   11.009701    1.484976    0.928093   25.511832
    0.274510    0.268155   -0.000000   -0.000000    0.000000       -3.729183        1.000000   11.431114    1.541478    0.928093   25.511832
    0.284314    0.268155    0.000000    0.000000    0.000000       -3.729183        1.000000   11.852526    1.597980    0.928093   25.511832
    0.294118    0.268155   -0.000000    0.000000    0.000000       -3.729183        1.000000   12.273939    1.654482    0.928093   25.511832
    0.303922    0.268155   -0.000000   -0.000000    0.000000       -3.729183        1.000000   12.695352    1.710984    0.928093   25.511832
    0.313725    0.268155    0.000000   -0.000000    0.000000       -3.729183        1.000000   13.116764    1.767486    0.928093   25.511832
    0.323529    0.268155    0.000000    0.000000    0.000000       -3.729183        1.000000   13.538177    1.823988    0.928093   25.511832
    0.333333    0.268155   -0.000000    0.000000    0.000000       -3.729183        1.000000   13.959590    1.880490    0.928093   25.511832
    0.343137    0.268155   -0.000000   -0.000000    0.000000       -3.729183        1.000000   14.381002    1.936992    0.928093   25.511832
    0.352941    0.268155    0.000000   -0.000000    0.000000       -3.729183        1.000000   14.802415    1.993494    0.928093   25.511832
    0.362745    0.268155    0.000000    0.000000    0.000000       -3.729183        1.000000   15.223828    2.049996    0.928093   25.511832
    0.372549    0.268155   -0.000000    0.000000    0.000000       -3.729183        1.000000   15.645241    2.106498    0.928093   25.511832
    0.382353    0.268155   -0.000000   -0.000000    0.000000       -3.729183        1.000000   16.066653    2.163000    0.928093   25.511832
    0.392157    0.268155    0.000000   -0.000000    0.000000       -3.729183        1.000000   16.488066    2.219502    0.928093   25.511832
    0.401961    0.268155    0.000000    0.000000    0.000000       -3.729183        1.000000   16.909479    2.276004    0.928093   25.511832
    0.411765    0.268155   -0.000000    0.000000    0.000000       -3.729183        1.000000   17.330891    2.332506    0.928093   25.511832
    0.421569    0.268155   -0.000000   -0.000000    0.000000       -3.729183        1.000000   17.752304    2.389008    0.928093   25.511832
    0.431373    0.268155    0.000000   -0.000000    0.000000       -3.729183        1.000000   18.173717    2.445510    0.928093   25.511832
    0.441176    0.268155    0.000000    0.000000    0.000000       -3.729183        1.000000   18.595129    2.502012    0.928093   25.511832
    0.450980    0.268155   -0.000000    0.000000    0.000000       -3.729183        1.000000   19.016542    2.558514    0.928093   25.511832
    0.460784    0.268155   -0.000000   -0.000000    0.000000       -3.729183        1.000000   19.437955    2.615016    0.928093   25.511832
    0.470588    0.268155    0.000000   -0.000000    0.000000       -3.729183        1.000000   19.859367    2.671518    0.928093   25.511832
    0.480392    0.268155    0.000000   -0.000000    0.000000       -3.729183        1.000000   20.280780    2.728020    0.928093   25.511832
    0.490196    0.268155    0.000000    0.000000    0.000000       -3.729183        1.000000   20.702193    2.784522    0.928093   25.511832
    0.500000    0.268155    0.000000   -0.000000    0.000000       -3.729183        1.000000   21.123605    2.841024    0.928093   25.511832
    0.509804    0.268155    0.000000   -0.000000    0.000000       -3.729183        1.000000   21.545018    2.897526    0.928093   25.511832
    0.519608    0.268155    0.000000    0.000000    0.000000       -3.729183        1.000000   21.966431    2.954028    0.928093   25.511832
    0.529412    0.268155   -0.000000    0.000000    0.000000       -3.729183        1.000000   22.387844    3.010530    0.928093   25.511832
    0.539216    0.268155   -0.000000    0.000000    0.000000       -3.729183        1.000000   22.809256    3.067032    0.928093   25.511832
    0.549020    0.268155   -0.000000   -0.000000    0.000000       -3.729183        1.000000   23.230669    3.123534    0.928093   25.511832
    0.558824    0.268155    0.000000   -0.000000    0.000000       -3.729183        1.000000   23.652082    3.180036    0.928093   25.511832
    0.568627    0.268155    0.000000   -0.000000    0.000000       -3.729183        1.000000   24.073494    3.236538    0.928093   25.511832
    0.578431    0.268155    0.000000    0.000000    0.000000       -3.729183        1.000000   24.494907    3.293040    0.928093   25.511832
    0.588235    0.268155   -0.000000    0.000000    0.000000       -3.729183        1.000000   24.916320    3.349542    0.928093   25.511832
    0.598039    0.268155   -0.000000   -0.000000    0.000000       -3.729183        1.000000   25.337732    3.406044    0.928093   25.511832
    0.607843    0.268155    0.000000    0.000000    0.000000       -3.729183        1.000000   25.759145    3.462546    0.928093   25.511832
    0.617647    0.268155    0.000000   -0.000000    0.000000       -3.729183        1.000000   26.180558    3.519048    0.928093   25.511832
    0.627451    0.268155    0.000000   -0.000000    0.000000       -3.729183        1.000000   26.601970    3.575550    0.928093   25.511832
    0.637255    0.268155    0.000000    0.000000    0.000000       -3.729183        1.000000   27.023383    3.632052    0.928093   25.511832
    0.647059    0.268155    0.000000    0.000000    0.000000       -3.729183        1.000000   27.444796    3.688554    0.928093   25.511832
    0.656863    0.268155   -0.000000    0.000000    0.000000       -3.729183        1.000000   27.866209    3.745056    0.928093   25.511832
    0.666667    0.268155    0.000000    0.000000    0.000000       -3.729183        1.000000   28.287621    3.801558    0.928093   25.511832
    0.676471    0.268155   -0.000000    0.000000    0.000000       -3.729183        1.000000   28.709034    3.858060    0.928093   25.511832
    0.686275    0.268155    0.000000   -0.000000    0.000000       -3.729183        1.000000   29.130447    3.914562    0.928093   25.511832
    0.696078    0.268155    0.000000    0.000000    0.000000       -3.729183        1.000000   29.551859    3.971064    0.928093   25.511832
    0.705882    0.268155   -0.000000    0.000000    0.000000       -3.729183        1.000000   29.973272    4.027566    0.928093   25.511832
    0.715686    0.268155    0.000000   -0.000000    0.000000       -3.729183        1.000000   30.394685    4.084068    0.928093   25.511832
    0.725490    0.268155    0.000000   -0.000000    0.000000       -3.729183        1.000000   30.816097    4.140570    0.928093   25.511832
    0.735294    0.268155    0.000000    0.000000    0.000000       -3.729183        1.000000   31.237510    4.197072    0.928093   25.511832
    0.745098    0.268155    0.000000    0.000000    0.000000       -3.729183        1.000000   31.658923    4.253575    0.928093   25.511832
    0.754902    0.268155    0.000000   -0.000000    0.000000       -3.729183        1.000000   32.080335    4.310077    0.928093   25.511832
    0.764706    0.268155    0.000000   -0.000000    0.000000       -3.729183        1.000000   32.501748    4.366579    0.928093   25.511832
    0.774510    0.268155    0.000000   -0.000000    0.000000       -3.729183        1.000000   32.923161    4.423081    0.928093   25.511832
    0.784314    0.268155    0.000000   -0.000000    0.000000       -3.729183        1.000000   33.344573    4.479583    0.928093   25.511832
    0.794118    0.268155    0.000000   -0.000000    0.000000       -3.729183        1.000000   33.765986    4.536085    0.928093   25.511832
    0.803922    0.268155    0.000000   -0.000000    0.000000       -3.729183        1.000000   34.187399    4.592587    0.928093   25.511832
    0.813725    0.268155    0.000000   -0.000000    0.000000       -3.729183        1.000000   34.608812    4.649089    0.928093   25.511832
    0.823529    0.268155    0.000000   -0.000000    0.000000       -3.729183        1.000000   35.030224    4.705591    0.928093   25.511832
    0.833333    0.268155    0.000000   -0.000000    0.000000       -3.729183        1.000000   35.451637    4.762093    0.928093   25.511832
    0.843137    0.268155    0.000000   -0.000000    0.000000       -3.729183        1.000000   35.873050    4.818595    0.928093   25.511832
    0.852941    0.268155    0.000000   -0.000000    0.000000       -3.729183        1.000000   36.294462    4.875097    0.928093   25.511832
    0.862745    0.268155    0.000000   -0.000000    0.000000       -3.729183        1.000000   36.715875    4.931599    0.928093   25.511832
    0.872549    0.268155    0.000000   -0.000000    0.000000       -3.729183        1.000000   37.137288    4.988101    0.928093   25.511832
    0.882353    0.268155    0.000000   -0.000000    0.000000       -3.729183        1.000000   37.558700    5.044603    0.928093   25.511832
    0.892157    0.268155    0.000000   -0.000000    0.000000       -3.729184        1.000000   37.980113    5.101105    0.928093   25.511832
    0.901961    0.268155    0.000000   -0.000002    0.000000       -3.729186        1.000000   38.401526    5.157607    0.928093   25.511832
    0.911765    0.268155    0.000001   -0.000008    0.000000       -3.729194        1.000000   38.822938    5.214109    0.928093   25.511832
    0.921569    0.268154    0.000006   -0.000041    0.000000       -3.729238        1.000000   39.244349    5.270610    0.928093   25.511832
    0.931373    0.268150    0.000032   -0.000207    0.000000       -3.729460        1.000000   39.665754    5.327111    0.928093   25.511832
    0.941176    0.268130    0.000161   -0.001039    0.000000       -3.730570        1.000000   40.087127    5.383608    0.928093   25.511832
    0.950980    0.268030    0.000809   -0.005215    0.000000       -3.736142        1.000000   40.508343    5.440084    0.928093   25.511832
    0.960784    0.267526    0.004057   -0.026144    0.000000       -3.764067        1.000000   40.928767    5.496454    0.928093   25.511832
    0.970588    0.265002    0.020300   -0.130464    0.000000       -3.903241        1.000000   41.345225    5.552295    0.928093   25.511832
    0.980392    0.252453    0.100416   -0.635761    0.000000       -4.576942        1.000000   41.741961    5.605479    0.928093   25.511832
    0.990196    0.193157    0.466054   -2.700423    0.000000       -7.325402        1.000000   42.045512    5.645986    0.928093   25.511832
    1.000000    0.000000    1.570796   -5.578671    0.000000      -11.157342        1.000000   42.045512    5.654867    0.928093   25.511832
