           t           r         psi          cs          qs               p             sig           A           V          Q2           S
    0.000000    0.000000   -1.570796   -0.990999    0.000000       -1.981998        1.000000    0.000000    0.000000    0.076081    4.791010
    0.009804    0.046954   -1.524248   -0.991036    0.000000       -1.982047        1.000000    0.000000    0.000004    0.076081    4.791010
    0.019608    0.093806   -1.477696   -0.991149    0.000000       -1.982197        1.000000    0.027684    0.000060    0.076081    4.791010
    0.029412    0.140454   -1.431137   -0.991342    0.000000       -1.982453        1.000000    0.069136    0.000305    0.076081    4.791010
    0.039216    0.186799   -1.384566   -0.991623    0.000000       -1.982824        1.000000    0.124265    0.000959    0.076081    4.791010
    0.049020    0.232738   -1.337981   -0.992003    0.000000       -1.983323        1.000000    0.192952    0.002326    0.076081    4.791010
    0.058824    0.278173   -1.291375   -0.992497    0.000000       -1.983968        1.000000    0.275048    0.004785    0.076081    4.791010
    0.068627    0.323003   -1.244742   -0.993125    0.000000       -1.984780        1.000000    0.370375    0.008783    0.076081    4.791010
    0.078431    0.367132   -1.198077   -0.993913    0.000000       -1.985790        1.000000    0.478725    0.014824    0.076081    4.791010
    0.088235    0.410463   -1.151370   -0.994892    0.000000       -1.987034        1.000000    0.599863    0.023459    0.076081    4.791010
    0.098039    0.452899   -1.104611   -0.996106    0.000000       -1.988560        1.000000    0.733525    0.035273    0.076081    4.791010
    0.107843    0.494348   -1.057789   -0.997610    0.000000       -1.990431        1.000000    0.879419    0.050873    0.076081    4.791010
    0.117647    0.534717   -1.010889   -0.999473    0.000000       -1.992723        1.000000    1.037228    0.070876    0.076081    4.791010
    0.127451    0.573915   -0.963890   -1.001791    0.000000       -1.995541        1.000000    1.206605    0.095891    0.076081    4.791010
    0.137255    0.611853   -0.916770   -1.004684    0.000000       -1.999019        1.000000    1.387179    0.126509    0.076081    4.791010
    0.147059    0.648442   -0.869497   -1.008318    0.000000       -2.003335        1.000000    1.578550    0.163287    0.076081    4.791010
    0.156863    0.683596   -0.822032   -1.012914    0.000000       -2.008728        1.000000    1.780297    0.206736    0.076081    4.791010
    0.166667    0.717228   -0.774323   -1.018772    0.000000       -2.015518        1.000000    1.991969    0.257309    0.076081    4.791010
    0.176471    0.749254   -0.726301   -1.026307    0.000000       -2.024147        1.000000    2.213093    0.315384    0.076081    4.791010
    0.186275    0.779587   -0.677875   -1.036095    0.000000       -2.035223        1.000000    2.443169    0.381260    0.076081    4.791010
    0.196078    0.808139   -0.628921   -1.048943    0.000000       -2.049591        1.000000    2.681671    0.455144    0.076081    4.791010
    0.205882    0.834819   -0.579271   -1.065990    0.000000       -2.068438        1.000000    2.928048    0.537142    0.076081    4.791010
    0.215686    0.859530   -0.528690   -1.088832    0.000000       -2.093414        1.000000    3.181717    0.627250    0.076081    4.791010
    0.225490    0.882165   -0.476860   -1.119654    0.000000       -2.126768        1.000000    3.442066    0.725349    0.076081    4.791010
    0.235294    0.902605   -0.423340   -1.161253    0.000000       -2.171354        1.000000    3.708448    0.831196    0.076081    4.791010
    0.245098    0.920706   -0.367555   -1.216541    0.000000       -2.230120        1.000000    3.980172    0.944410    0.076081    4.791010
    0.254902    0.936300   -0.308825   -1.286373    0.000000       -2.303880        1.000000    4.256498    1.064458    0.076081    4.791010
    0.264706    0.949188   -0.246593   -1.362998    0.000000       -2.384660        1.000000    4.536627    1.190620    0.076081    4.791010
    0.274510    0.959165   -0.181132   -1.415988    0.000000       -2.441505        1.000000    4.819702    1.321952    0.076081    4.791010
    0.284314    0.966086   -0.114967   -1.379486    0.000000       -2.407757        1.000000    5.104818    1.457248    0.076081    4.791010
    0.294118    0.970015   -0.054079   -1.184159    0.000000       -2.213564        1.000000    5.391095    1.595094    0.076081    4.791010
    0.303922    0.971363   -0.005985   -0.848521    0.000000       -1.877983        1.000000    5.677769    1.734117    0.076081    4.791010
    0.313725    0.970844    0.025268   -0.488577    0.000000       -1.518280        1.000000    5.964289    1.873295    0.076081    4.791010
    0.323529    0.969233    0.041104   -0.201842    0.000000       -1.232714        1.000000    6.250335    2.012083    0.076081    4.791010
    0.333333    0.967158    0.045765   -0.011904    0.000000       -1.044778        1.000000    6.535768    2.150279    0.076081    4.791010
    0.343137    0.965043    0.043466    0.098693    0.000000       -0.936551        1.000000    6.820577    2.287864    0.076081    4.791010
    0.352941    0.963136    0.037351    0.154357    0.000000       -0.883194        1.000000    7.104823    2.424899    0.076081    4.791010
    0.362745    0.961562    0.029520    0.174429    0.000000       -0.865092        1.000000    7.388604    2.561473    0.076081    4.791010
    0.372549    0.960369    0.021313    0.172119    0.000000       -0.868912        1.000000    7.672033    2.697687    0.076081    4.791010
    0.382353    0.959552    0.013563    0.156133    0.000000       -0.885923        1.000000    7.955222    2.833640    0.076081    4.791010
    0.392157    0.959079    0.006768    0.132288    0.000000       -0.910354        1.000000    8.238271    2.969426    0.076081    4.791010
    0.401961    0.958897    0.001195    0.104614    0.000000       -0.938250        1.000000    8.521266    3.105126    0.076081    4.791010
    0.411765    0.958946   -0.003046    0.076022    0.000000       -0.966785        1.000000    8.804275    3.240809    0.076081    4.791010
    0.421569    0.959163   -0.005966    0.048681    0.000000       -0.993877        1.000000    9.087349    3.376531    0.076081    4.791010
    0.431373    0.959487   -0.007664    0.024197    0.000000       -1.017995        1.000000    9.370518    3.512328    0.076081    4.791010
    0.441176    0.959866   -0.008302    0.003692    0.000000       -1.038084        1.000000    9.653799    3.648226    0.076081    4.791010
    0.450980    0.960254   -0.008084   -0.012181    0.000000       -1.053539        1.000000    9.937194    3.784232    0.076081    4.791010
    0.460784    0.960616   -0.007233   -0.023229    0.000000       -1.064201        1.000000   10.220697    3.920346    0.076081    4.791010
    0.470588    0.960927   -0.005974   -0.029683    0.000000       -1.070326        1.000000   10.504291    4.056557    0.076081    4.791010
    0.480392    0.961174   -0.004508   -0.032131    0.000000       -1.072515        1.000000   10.787958    4.192848    0.076081    4.791010
    0.490196    0.961350   -0.003005   -0.031414    0.000000       -1.071614        1.000000   11.071677    4.329200    0.076081    4.791010
    0.500000    0.961457   -0.001591   -0.028502    0.000000       -1.068588        1.000000   11.355427    4.465593    0.076081    4.791010
    0.509804    0.961502   -0.000346   -0.024373    0.000000       -1.064413        1.000000   11.639191    4.602008    0.076081    4.791010
    0.519608    0.961493    0.000694   -0.019926    0.000000       -1.059974        1.000000   11.922952    4.738428    0.076081    4.791010
    0.529412    0.961440    0.001533   -0.015919    0.000000       -1.056024        1.000000   12.206698    4.874838    0.076081    4.791010
    0.539216    0.961352    0.002206   -0.012962    0.000000       -1.053161        1.000000   12.490417    5.011228    0.076081    4.791010
    0.549020    0.961235    0.002774   -0.011524    0.000000       -1.051849        1.000000   12.774102    5.147589    0.076081    4.791010
    0.558824    0.961092    0.003318   -0.011982    0.000000       -1.052460        1.000000   13.057745    5.283913    0.076081    4.791010
    0.568627    0.960922    0.003935   -0.014668    0.000000       -1.055327        1.000000   13.341337    5.420192    0.076081    4.791010
    0.578431    0.960719    0.004736   -0.019929    0.000000       -1.060804        1.000000   13.624870    5.556418    0.076081    4.791010
    0.588235    0.960472    0.005854   -0.028195    0.000000       -1.069332        1.000000   13.908330    5.692580    0.076081    4.791010
    0.598039    0.960162    0.007441   -0.040028    0.000000       -1.081490        1.000000   14.191698    5.828662    0.076081    4.791010
    0.607843    0.959763    0.009681   -0.056172    0.000000       -1.098047        1.000000   14.474948    5.964643    0.076081    4.791010
    0.617647    0.959239    0.012800   -0.077573    0.000000       -1.119981        1.000000   14.758044    6.100490    0.076081    4.791010
    0.627451    0.958542    0.017069   -0.105362    0.000000       -1.148460        1.000000   15.040934    6.236159    0.076081    4.791010
    0.637255    0.957612    0.022817   -0.140767    0.000000       -1.184759        1.000000   15.323550    6.371589    0.076081    4.791010
    0.647059    0.956370    0.030430   -0.184937    0.000000       -1.230074        1.000000   15.605799    6.506692    0.076081    4.791010
    0.656863    0.954718    0.040340   -0.238663    0.000000       -1.285240        1.000000   15.887561    6.641354    0.076081    4.791010
    0.666667    0.952538    0.053001   -0.302014    0.000000       -1.350367        1.000000   16.168680    6.775417    0.076081    4.791010
    0.676471    0.949692    0.068848   -0.374013    0.000000       -1.424492        1.000000   16.448958    6.908676    0.076081    4.791010
    0.686275    0.946021    0.088238   -0.452467    0.000000       -1.505414        1.000000   16.728153    7.040864    0.076081    4.791010
    0.696078    0.941355    0.111404   -0.534135    0.000000       -1.589849        1.000000   17.005971    7.171649    0.076081    4.791010
    0.705882    0.935518    0.138407   -0.615236    0.000000       -1.673940        1.000000   17.282066    7.300620    0.076081    4.791010
    0.715686    0.928338    0.169134   -0.692156    0.000000       -1.753979        1.000000   17.556042    7.427299    0.076081    4.791010
    0.725490    0.919655    0.203319   -0.762083    0.000000       -1.827050        1.000000   17.827456    7.551144    0.076081    4.791010
    0.735294    0.909326    0.240589   -0.823341    0.000000       -1.891382        1.000000   18.095821    7.671562    0.076081    4.791010
    0.745098    0.897236    0.280520   -0.875389    0.000000       -1.946358        1.000000   18.360618    7.787939    0.076081    4.791010
    0.754902    0.883292    0.322685   -0.918564    0.000000       -1.992261        1.000000   18.621300    7.899657    0.076081    4.791010
    0.764706    0.867428    0.366686   -0.953750    0.000000       -2.029944        1.000000   18.877300    8.006121    0.076081    4.791010
    0.774510    0.849601    0.412174   -0.982076    0.000000       -2.060525        1.000000   19.128039    8.106783    0.076081    4.791010
    0.784314    0.829791    0.458854   -1.004703    0.000000       -2.085168        1.000000   19.372932    8.201161    0.076081    4.791010
    0.794118    0.807995    0.506485   -1.022702    0.000000       -2.104956        1.000000   19.611392    8.288855    0.076081    4.791010
    0.803922    0.784227    0.554870   -1.036999    0.000000       -2.120830        1.000000   19.842837    8.369562    0.076081    4.791010
    0.813725    0.758515    0.603856   -1.048361    0.000000       -2.133576        1.000000   20.066694    8.443080    0.076081    4.791010
    0.823529    0.730900    0.653319   -1.057406    0.000000       -2.143835        1.000000   20.282401    8.509320    0.076081    4.791010
    0.833333    0.701434    0.703162   -1.064627    0.000000       -2.152116        1.000000   20.489412    8.568298    0.076081    4.791010
    0.843137    0.670176    0.753309   -1.070410    0.000000       -2.158825        1.000000   20.687199    8.620141    0.076081    4.791010
    0.852941    0.637197    0.803700   -1.075058    0.000000       -2.164278        1.000000   20.875252    8.665078    0.076081    4.791010
    0.862745    0.602572    0.854287   -1.078805    0.000000       -2.168727        1.000000   21.053086    8.703429    0.076081    4.791010
    0.872549    0.566384    0.905033   -1.081835    0.000000       -2.172367        1.000000   21.220240    8.735603    0.076081    4.791010
    0.882353    0.528723    0.955907   -1.084292    0.000000       -2.175352        1.000000   21.376280    8.762075    0.076081    4.791010
    0.892157    0.489681    1.006886   -1.086287    0.000000       -2.177804        1.000000   21.520797    8.783381    0.076081    4.791010
    0.901961    0.449360    1.057949   -1.087910    0.000000       -2.179820        1.000000   21.653415    8.800097    0.076081    4.791010
    0.911765    0.407861    1.109080   -1.089228    0.000000       -2.181476        1.000000   21.773785    8.812824    0.076081    4.791010
    0.921569    0.365291    1.160268   -1.090296    0.000000       -2.182831        1.000000   21.881592    8.822171    0.076081    4.791010
    0.931373    0.321762    1.211501   -1.091158    0.000000       -2.183935        1.000000   21.976552    8.828738    0.076081    4.791010
    0.941176    0.277387    1.262770   -1.091847    0.000000       -2.184826        1.000000   22.058416    8.833100    0.076081    4.791010
    0.950980    0.232281    1.314069   -1.092391    0.000000       -2.185534        1.000000   22.126968    8.835792    0.076081    4.791010
    0.960784    0.186564    1.365389   -1.092809    0.000000       -2.186084        1.000000   22.182028    8.837292    0.076081    4.791010
    0.970588    0.140355    1.416727   -1.093119    0.000000       -2.186493        1.000000   22.223450    8.838011    0.076081    4.791010
    0.980392    0.093776    1.468077   -1.093332    0.000000       -2.186775        1.000000   22.251126    8.838281    0.076081    4.791010
    0.990196    0.046950    1.519435   -1.093457    0.000000       -2.186941        1.000000   22.264982    8.838343    0.076081    4.791010
    1.000000    0.000000    1.570796   -1.093498    0.000000       -2.186995        1.000000   22.264982    8.838347    0.076081    4.791010
