           t           r         psi          cs          qs               p             sig           A           V          Q2           S
    0.000000   -0.000000   -1.570796   -1.022066    0.000000       -2.044131        1.000000    0.000000    0.000000    0.295388    5.533217
    0.009804    0.054219   -1.515342   -1.022653    0.000000       -2.044914        1.000000    0.000000    0.000007    0.295388    5.533217
    0.019608    0.108272   -1.459822   -1.024444    0.000000       -2.047296        1.000000    0.036904    0.000111    0.295388    5.533217
    0.029412    0.161991   -1.404172   -1.027524    0.000000       -2.051376        1.000000    0.092118    0.000559    0.295388    5.533217
    0.039216    0.215208   -1.348316   -1.032036    0.000000       -2.057321        1.000000    0.165470    0.001754    0.295388    5.533217
    0.049020    0.267755   -1.292172   -1.038185    0.000000       -2.065369        1.000000    0.256733    0.004248    0.295388    5.533217
    0.058824    0.319461   -1.235644   -1.046247    0.000000       -2.075833        1.000000    0.365620    0.008722    0.295388    5.533217
    0.068627    0.370155   -1.178619   -1.056576    0.000000       -2.089121        1.000000    0.491786    0.015971    0.295388    5.533217
    0.078431    0.419659   -1.120962   -1.069625    0.000000       -2.105741        1.000000    0.634825    0.026879    0.295388    5.533217
    0.088235    0.467795   -1.062512   -1.085955    0.000000       -2.126325        1.000000    0.794270    0.042397    0.295388    5.533217
    0.098039    0.514374   -1.003071   -1.106256    0.000000       -2.151635        1.000000    0.969592    0.063512    0.295388    5.533217
    0.107843    0.559202   -0.942402   -1.131350    0.000000       -2.182572        1.000000    1.160194    0.091218    0.295388    5.533217
    0.117647    0.602072   -0.880222   -1.162172    0.000000       -2.220152        1.000000    1.365408    0.126481    0.295388    5.533217
    0.127451    0.642762   -0.816192   -1.199705    0.000000       -2.265419        1.000000    1.584490    0.170205    0.295388    5.533217
    0.137255    0.681032   -0.749924   -1.244797    0.000000       -2.319257        1.000000    1.816616    0.223185    0.295388    5.533217
    0.147059    0.716619   -0.680995   -1.297782    0.000000       -2.381967        1.000000    2.060872    0.286067    0.295388    5.533217
    0.156863    0.749236   -0.608994   -1.357741    0.000000       -2.452488        1.000000    2.316246    0.359286    0.295388    5.533217
    0.166667    0.778576   -0.533621   -1.421244    0.000000       -2.527072        1.000000    2.581620    0.443007    0.295388    5.533217
    0.176471    0.804315   -0.454869   -1.480534    0.000000       -2.597408        1.000000    2.855767    0.537048    0.295388    5.533217
    0.186275    0.826145   -0.373314   -1.521718    0.000000       -2.648789        1.000000    3.137355    0.640810    0.295388    5.533217
    0.196078    0.843816   -0.290460   -1.524716    0.000000       -2.660167        1.000000    3.424966    0.753221    0.295388    5.533217
    0.205882    0.857205   -0.208979   -1.467823    0.000000       -2.609024        1.000000    3.717140    0.872760    0.295388    5.533217
    0.215686    0.866390   -0.132542   -1.337911    0.000000       -2.482002        1.000000    4.012445    0.997576    0.295388    5.533217
    0.225490    0.871691   -0.065051   -1.140802    0.000000       -2.285571        1.000000    4.309557    1.125735    0.295388    5.533217
    0.235294    0.873655   -0.009531   -0.901967    0.000000       -2.046532        1.000000    4.607338    1.255495    0.295388    5.533217
    0.245098    0.872967    0.032666   -0.655114    0.000000       -1.800022        1.000000    4.904885    1.385508    0.295388    5.533217
    0.254902    0.870347    0.061915   -0.428298    0.000000       -1.575064        1.000000    5.201539    1.514876    0.295388    5.533217
    0.264706    0.866460    0.079788   -0.237262    0.000000       -1.387711        1.000000    5.496867    1.643088    0.295388    5.533217
    0.274510    0.861867    0.088391   -0.086577    0.000000       -1.242320        1.000000    5.790631    1.769910    0.295388    5.533217
    0.284314    0.857011    0.089871    0.026055    0.000000       -1.136083        1.000000    6.082739    1.895287    0.295388    5.533217
    0.294118    0.852223    0.086156    0.105945    0.000000       -1.063105        1.000000    6.373215    2.019268    0.295388    5.533217
    0.303922    0.847739    0.078861    0.159055    0.000000       -1.016887        1.000000    6.662163    2.141962    0.295388    5.533217
    0.313725    0.843717    0.069284    0.190894    0.000000       -0.991494        1.000000    6.949740    2.263510    0.295388    5.533217
    0.323529    0.840251    0.058449    0.206154    0.000000       -0.981935        1.000000    7.236135    2.384067    0.295388    5.533217
    0.333333    0.837387    0.047147    0.208685    0.000000       -0.984178        1.000000    7.521555    2.503798    0.295388    5.533217
    0.343137    0.835135    0.035981    0.201618    0.000000       -0.995018        1.000000    7.806207    2.622862    0.295388    5.533217
    0.352941    0.833474    0.025400    0.187494    0.000000       -1.011916        1.000000    8.090293    2.741417    0.295388    5.533217
    0.362745    0.832363    0.015728    0.168403    0.000000       -1.032847        1.000000    8.374000    2.859611    0.295388    5.533217
    0.372549    0.831747    0.007188    0.146073    0.000000       -1.056184        1.000000    8.657497    2.977578    0.295388    5.533217
    0.382353    0.831560   -0.000087    0.121954    0.000000       -1.080604        1.000000    8.940931    3.095441    0.295388    5.533217
    0.392157    0.831733   -0.006033    0.097259    0.000000       -1.105028        1.000000    9.224423    3.213303    0.295388    5.533217
    0.401961    0.832191   -0.010648    0.073005    0.000000       -1.128574        1.000000    9.508071    3.331252    0.295388    5.533217
    0.411765    0.832864   -0.013977    0.050025    0.000000       -1.150533        1.000000    9.791949    3.449359    0.295388    5.533217
    0.421569    0.833686   -0.016110    0.028986    0.000000       -1.170352        1.000000   10.076107    3.567675    0.295388    5.533217
    0.431373    0.834593   -0.017166    0.010385    0.000000       -1.187628        1.000000   10.360574    3.686236    0.295388    5.533217
    0.441176    0.835531   -0.017287   -0.005438    0.000000       -1.202102        1.000000   10.645361    3.805058    0.295388    5.533217
    0.450980    0.836454   -0.016630   -0.018300    0.000000       -1.213657        1.000000   10.930463    3.924148    0.295388    5.533217
    0.460784    0.837324   -0.015356   -0.028168    0.000000       -1.222308        1.000000   11.215861    4.043495    0.295388    5.533217
    0.470588    0.838112   -0.013626   -0.035141    0.000000       -1.228188        1.000000   11.501527    4.163083    0.295388    5.533217
    0.480392    0.838797   -0.011592   -0.039435    0.000000       -1.231539        1.000000   11.787427    4.282884    0.295388    5.533217
    0.490196    0.839367   -0.009391   -0.041360    0.000000       -1.232682        1.000000   12.073522    4.402867    0.295388    5.533217
    0.500000    0.839815   -0.007141   -0.041290    0.000000       -1.231998        1.000000   12.359769    4.522999    0.295388    5.533217
    0.509804    0.840142   -0.004940   -0.039640    0.000000       -1.229900        1.000000   12.646127    4.643244    0.295388    5.533217
    0.519608    0.840353   -0.002861   -0.036840    0.000000       -1.226811        1.000000   12.932558    4.763567    0.295388    5.533217
    0.529412    0.840456   -0.000956   -0.033312    0.000000       -1.223142        1.000000   13.219023    4.883935    0.295388    5.533217
    0.539216    0.840460    0.000747   -0.029452    0.000000       -1.219276        1.000000   13.505490    5.004319    0.295388    5.533217
    0.549020    0.840378    0.002240   -0.025621    0.000000       -1.215558        1.000000   13.791929    5.124691    0.295388    5.533217
    0.558824    0.840221    0.003533   -0.022133    0.000000       -1.212289        1.000000   14.078315    5.245028    0.295388    5.533217
    0.568627    0.839998    0.004653   -0.019261    0.000000       -1.209727        1.000000   14.364624    5.365310    0.295388    5.533217
    0.578431    0.839719    0.005638   -0.017234    0.000000       -1.208090        1.000000   14.650838    5.485520    0.295388    5.533217
    0.588235    0.839388    0.006541   -0.016245    0.000000       -1.207564        1.000000   14.936940    5.605641    0.295388    5.533217
    0.598039    0.839009    0.007423   -0.016463    0.000000       -1.208312        1.000000   15.222912    5.725660    0.295388    5.533217
    0.607843    0.838582    0.008352   -0.018041    0.000000       -1.210489        1.000000   15.508739    5.845563    0.295388    5.533217
    0.617647    0.838101    0.009407   -0.021128    0.000000       -1.214249        1.000000   15.794402    5.965336    0.295388    5.533217
    0.627451    0.837557    0.010674   -0.025882    0.000000       -1.219762        1.000000   16.079880    6.084961    0.295388    5.533217
    0.637255    0.836937    0.012249   -0.032483    0.000000       -1.227226        1.000000   16.365146    6.204419    0.295388    5.533217
    0.647059    0.836221    0.014236   -0.041145    0.000000       -1.236879        1.000000   16.650168    6.323684    0.295388    5.533217
    0.656863    0.835383    0.016755   -0.052125    0.000000       -1.249012        1.000000   16.934904    6.442724    0.295388    5.533217
    0.666667    0.834391    0.019939   -0.065736    0.000000       -1.263976        1.000000   17.219303    6.561499    0.295388    5.533217
    0.676471    0.833205    0.023941   -0.082346    0.000000       -1.282187        1.000000   17.503297    6.679957    0.295388    5.533217
    0.686275    0.831776    0.028935   -0.102388    0.000000       -1.304131        1.000000   17.786804    6.798032    0.295388    5.533217
    0.696078    0.830045    0.035120   -0.126343    0.000000       -1.330354        1.000000   18.069721    6.915642    0.295388    5.533217
    0.705882    0.827941    0.042723   -0.154735    0.000000       -1.361448        1.000000   18.351921    7.032683    0.295388    5.533217
    0.715686    0.825381    0.051998   -0.188097    0.000000       -1.398021        1.000000   18.633248    7.149026    0.295388    5.533217
    0.725490    0.822267    0.063229   -0.226931    0.000000       -1.440650        1.000000   18.913514    7.264513    0.295388    5.533217
    0.735294    0.818485    0.076725   -0.271652    0.000000       -1.489827        1.000000   19.192491    7.378948    0.295388    5.533217
    0.745098    0.813905    0.092813   -0.322518    0.000000       -1.545876        1.000000   19.469907    7.492093    0.295388    5.533217
    0.754902    0.808378    0.111828   -0.379553    0.000000       -1.608872        1.000000   19.745438    7.603661    0.295388    5.533217
    0.764706    0.801739    0.134099   -0.442472    0.000000       -1.678562        1.000000   20.018708    7.713311    0.295388    5.533217
    0.774510    0.793810    0.159929   -0.510632    0.000000       -1.754304        1.000000   20.289274    7.820640    0.295388    5.533217
    0.784314    0.784396    0.189576   -0.583013    0.000000       -1.835039        1.000000   20.556632    7.925183    0.295388    5.533217
    0.794118    0.773297    0.223234   -0.658253    0.000000       -1.919329        1.000000   20.820206    8.026412    0.295388    5.533217
    0.803922    0.760309    0.261016   -0.734733    0.000000       -2.005438        1.000000   21.079354    8.123745    0.295388    5.533217
    0.813725    0.745234    0.302940   -0.810718    0.000000       -2.091475        1.000000   21.333364    8.216557    0.295388    5.533217
    0.823529    0.727883    0.348934   -0.884506    0.000000       -2.175563        1.000000   21.581459    8.304205    0.295388    5.533217
    0.833333    0.708088    0.398837   -0.954585    0.000000       -2.255996        1.000000   21.822808    8.386051    0.295388    5.533217
    0.843137    0.685707    0.452412   -1.019746    0.000000       -2.331378        1.000000   22.056528    8.461500    0.295388    5.533217
    0.852941    0.660630    0.509369   -1.079148    0.000000       -2.400693        1.000000   22.281700    8.530037    0.295388    5.533217
    0.862745    0.632784    0.569381   -1.132330    0.000000       -2.463329        1.000000   22.497382    8.591263    0.295388    5.533217
    0.872549    0.602135    0.632106   -1.179172    0.000000       -2.519046        1.000000   22.702617    8.644931    0.295388    5.533217
    0.882353    0.568690    0.697203   -1.219831    0.000000       -2.567915        1.000000   22.896452    8.690973    0.295388    5.533217
    0.892157    0.532496    0.764345   -1.254664    0.000000       -2.610234        1.000000   23.077951    8.729514    0.295388    5.533217
    0.901961    0.493640    0.833230   -1.284151    0.000000       -2.646457        1.000000   23.246205    8.760876    0.295388    5.533217
    0.911765    0.452245    0.903582   -1.308835    0.000000       -2.677120        1.000000   23.400351    8.785568    0.295388    5.533217
    0.921569    0.408470    0.975155   -1.329269    0.000000       -2.702785        1.000000   23.539576    8.804262    0.295388    5.533217
    0.931373    0.362502    1.047733   -1.345983    0.000000       -2.724005        1.000000   23.663134    8.817758    0.295388    5.533217
    0.941176    0.314558    1.121128   -1.359461    0.000000       -2.741294        1.000000   23.770349    8.826939    0.295388    5.533217
    0.950980    0.264877    1.195176   -1.370131    0.000000       -2.755114        1.000000   23.860631    8.832723    0.295388    5.533217
    0.960784    0.213717    1.269735   -1.378358    0.000000       -2.765861        1.000000   23.933476    8.836001    0.295388    5.533217
    0.970588    0.161356    1.344681   -1.384440    0.000000       -2.773867        1.000000   23.988473    8.837594    0.295388    5.533217
    0.980392    0.108083    1.419905   -1.388613    0.000000       -2.779392        1.000000   24.025313    8.838197    0.295388    5.533217
    0.990196    0.054196    1.495307   -1.391048    0.000000       -2.782629        1.000000   24.043785    8.838338    0.295388    5.533217
    1.000000    0.000000    1.570796   -1.391847    0.000000       -2.783694        1.000000   24.043785    8.838347    0.295388    5.533217
