           t           r         psi          cs          qs               p             sig           A           V          Q2           S
    0.000000    0.000000   -1.570796   -0.997361    0.000000       -1.994723        1.000000    0.000000    0.000000    0.170786    3.918207
    0.009804    0.038404   -1.532483   -0.997460    0.000000       -1.994855        1.000000    0.000000    0.000002    0.170786    3.918207
    0.019608    0.076752   -1.494161   -0.997760    0.000000       -1.995254        1.000000    0.018525    0.000027    0.170786    3.918207
    0.029412    0.114988   -1.455824   -0.998269    0.000000       -1.995930        1.000000    0.046279    0.000138    0.170786    3.918207
    0.039216    0.153054   -1.417464   -0.998999    0.000000       -1.996897        1.000000    0.083220    0.000433    0.170786    3.918207
    0.049020    0.190895   -1.379071   -0.999969    0.000000       -1.998177        1.000000    0.129295    0.001054    0.170786    3.918207
    0.058824    0.228455   -1.340635   -1.001204    0.000000       -1.999799        1.000000    0.184435    0.002174    0.170786    3.918207
    0.068627    0.265678   -1.302147   -1.002734    0.000000       -2.001798        1.000000    0.248559    0.004003    0.170786    3.918207
    0.078431    0.302509   -1.263593   -1.004597    0.000000       -2.004218        1.000000    0.321573    0.006780    0.170786    3.918207
    0.088235    0.338891   -1.224961   -1.006841    0.000000       -2.007112        1.000000    0.403368    0.010775    0.170786    3.918207
    0.098039    0.374769   -1.186235   -1.009523    0.000000       -2.010547        1.000000    0.493822    0.016278    0.170786    3.918207
    0.107843    0.410089   -1.147395   -1.012711    0.000000       -2.014601        1.000000    0.592802    0.023599    0.170786    3.918207
    0.117647    0.444794   -1.108423   -1.016491    0.000000       -2.019368        1.000000    0.700158    0.033065    0.170786    3.918207
    0.127451    0.478831   -1.069292   -1.020964    0.000000       -2.024962        1.000000    0.815729    0.045013    0.170786    3.918207
    0.137255    0.512143   -1.029974   -1.026253    0.000000       -2.031521        1.000000    0.939340    0.059784    0.170786    3.918207
    0.147059    0.544675   -0.990435   -1.032509    0.000000       -2.039211        1.000000    1.070803    0.077719    0.170786    3.918207
    0.156863    0.576372   -0.950634   -1.039913    0.000000       -2.048232        1.000000    1.209917    0.099157    0.170786    3.918207
    0.166667    0.607177   -0.910524   -1.048688    0.000000       -2.058824        1.000000    1.356466    0.124425    0.170786    3.918207
    0.176471    0.637033   -0.870045   -1.059099    0.000000       -2.071279        1.000000    1.510221    0.153833    0.170786    3.918207
    0.186275    0.665881   -0.829130   -1.071472    0.000000       -2.085943        1.000000    1.670939    0.187673    0.170786    3.918207
    0.196078    0.693661   -0.787697   -1.086192    0.000000       -2.103230        1.000000    1.838362    0.226210    0.170786    3.918207
    0.205882    0.720310   -0.745645   -1.103717    0.000000       -2.123625        1.000000    2.012216    0.269676    0.170786    3.918207
    0.215686    0.745762   -0.702858   -1.124574    0.000000       -2.147686        1.000000    2.192214    0.318268    0.170786    3.918207
    0.225490    0.769947   -0.659197   -1.149348    0.000000       -2.176021        1.000000    2.378050    0.372141    0.170786    3.918207
    0.235294    0.792792   -0.614499   -1.178637    0.000000       -2.209251        1.000000    2.569399    0.431400    0.170786    3.918207
    0.245098    0.814214   -0.568580   -1.212958    0.000000       -2.247902        1.000000    2.765918    0.496097    0.170786    3.918207
    0.254902    0.834128   -0.521242   -1.252549    0.000000       -2.292199        1.000000    2.967244    0.566220    0.170786    3.918207
    0.264706    0.852439   -0.472287   -1.297016    0.000000       -2.341701        1.000000    3.172990    0.641687    0.170786    3.918207
    0.274510    0.869044   -0.421553   -1.344728    0.000000       -2.394679        1.000000    3.382743    0.722337    0.170786    3.918207
    0.284314    0.883839   -0.368980   -1.391922    0.000000       -2.447199        1.000000    3.596067    0.807912    0.170786    3.918207
    0.294118    0.896720   -0.314710   -1.431610    0.000000       -2.492016        1.000000    3.812501    0.898052    0.170786    3.918207
    0.303922    0.907594   -0.259228   -1.452791    0.000000       -2.517792        1.000000    4.031558    0.992282    0.170786    3.918207
    0.313725    0.916400   -0.203516   -1.441086    0.000000       -2.509792        1.000000    4.252741    1.090010    0.170786    3.918207
    0.323529    0.923130   -0.149120   -1.382172    0.000000       -2.453421        1.000000    4.475549    1.190549    0.170786    3.918207
    0.333333    0.927851   -0.098040   -1.268053    0.000000       -2.340637        1.000000    4.699496    1.293158    0.170786    3.918207
    0.343137    0.930716   -0.052357   -1.102975    0.000000       -2.175944        1.000000    4.924134    1.397107    0.170786    3.918207
    0.352941    0.931961   -0.013738   -0.903972    0.000000       -1.976877        1.000000    5.149073    1.501750    0.170786    3.918207
    0.362745    0.931873    0.016961   -0.694583    0.000000       -1.767537        1.000000    5.373991    1.606575    0.170786    3.918207
    0.372549    0.930759    0.039770   -0.496238    0.000000       -1.569780        1.000000    5.598640    1.711218    0.170786    3.918207
    0.382353    0.928910    0.055409   -0.322906    0.000000       -1.397783        1.000000    5.822843    1.815446    0.170786    3.918207
    0.392157    0.926582    0.064977   -0.180523    0.000000       -1.257481        1.000000    6.046484    1.919133    0.170786    3.918207
    0.401961    0.923984    0.069678   -0.069208    0.000000       -1.148851        1.000000    6.269497    2.022220    0.170786    3.918207
    0.411765    0.921281    0.070653    0.014078    0.000000       -1.068659        1.000000    6.491859    2.124696    0.170786    3.918207
    0.421569    0.918595    0.068901    0.073556    0.000000       -1.012480        1.000000    6.713572    2.226575    0.170786    3.918207
    0.431373    0.916016    0.065252    0.113498    0.000000       -0.975864        1.000000    6.934662    2.327890    0.170786    3.918207
    0.441176    0.913601    0.060382    0.137717    0.000000       -0.954858        1.000000    7.155170    2.428681    0.170786    3.918207
    0.450980    0.911388    0.054832    0.149407    0.000000       -0.946172        1.000000    7.375143    2.528994    0.170786    3.918207
    0.460784    0.909394    0.049031    0.151154    0.000000       -0.947158        1.000000    7.594636    2.628877    0.170786    3.918207
    0.470588    0.907622    0.043320    0.145014    0.000000       -0.955733        1.000000    7.813700    2.728374    0.170786    3.918207
    0.480392    0.906062    0.037970    0.132606    0.000000       -0.970276        1.000000    8.032388    2.827532    0.170786    3.918207
    0.490196    0.904698    0.033196    0.115194    0.000000       -0.989539        1.000000    8.250747    2.926389    0.170786    3.918207
    0.500000    0.903503    0.029171    0.093759    0.000000       -1.012574        1.000000    8.468817    3.024983    0.170786    3.918207
    0.509804    0.902446    0.026035    0.069055    0.000000       -1.038669        1.000000    8.686632    3.123341    0.170786    3.918207
    0.519608    0.901490    0.023900    0.041647    0.000000       -1.067311        1.000000    8.904217    3.221489    0.170786    3.918207
    0.529412    0.900595    0.022864    0.011943    0.000000       -1.098144        1.000000    9.121585    3.319439    0.170786    3.918207
    0.539216    0.899718    0.023009   -0.019784    0.000000       -1.130949        1.000000    9.338742    3.417199    0.170786    3.918207
    0.549020    0.898812    0.024408   -0.053374    0.000000       -1.165623        1.000000    9.555681    3.514764    0.170786    3.918207
    0.558824    0.897826    0.027132   -0.088767    0.000000       -1.202158        1.000000    9.772381    3.612121    0.170786    3.918207
    0.568627    0.896710    0.031251   -0.125979    0.000000       -1.240623        1.000000    9.988812    3.709241    0.170786    3.918207
    0.578431    0.895407    0.036835   -0.165087    0.000000       -1.281140        1.000000   10.204928    3.806086    0.170786    3.918207
    0.588235    0.893861    0.043960   -0.206198    0.000000       -1.323860        1.000000   10.420671    3.902601    0.170786    3.918207
    0.598039    0.892010    0.052704   -0.249422    0.000000       -1.368929        1.000000   10.635967    3.998718    0.170786    3.918207
    0.607843    0.889792    0.063151   -0.294831    0.000000       -1.416450        1.000000   10.850728    4.094350    0.170786    3.918207
    0.617647    0.887139    0.075383   -0.342430    0.000000       -1.466448        1.000000   11.064849    4.189392    0.170786    3.918207
    0.627451    0.883982    0.089485   -0.392118    0.000000       -1.518836        1.000000   11.278208    4.283720    0.170786    3.918207
    0.637255    0.880249    0.105533   -0.443662    0.000000       -1.573385        1.000000   11.490666    4.377191    0.170786    3.918207
    0.647059    0.875864    0.123590   -0.496690    0.000000       -1.629711        1.000000   11.702065    4.469636    0.170786    3.918207
    0.656863    0.870752    0.143705   -0.550687    0.000000       -1.687282        1.000000   11.912231    4.560869    0.170786    3.918207
    0.666667    0.864836    0.165902   -0.605025    0.000000       -1.745438        1.000000   12.120968    4.650678    0.170786    3.918207
    0.676471    0.858039    0.190183   -0.659000    0.000000       -1.803435        1.000000   12.328065    4.738834    0.170786    3.918207
    0.686275    0.850288    0.216518   -0.711885    0.000000       -1.860497        1.000000   12.533292    4.825086    0.170786    3.918207
    0.696078    0.841512    0.244852   -0.762979    0.000000       -1.915873        1.000000   12.736400    4.909171    0.170786    3.918207
    0.705882    0.831643    0.275105   -0.811664    0.000000       -1.968887        1.000000   12.937126    4.990813    0.170786    3.918207
    0.715686    0.820622    0.307173   -0.857434    0.000000       -2.018982        1.000000   13.135192    5.069733    0.170786    3.918207
    0.725490    0.808397    0.340937   -0.899925    0.000000       -2.065741        1.000000   13.330308    5.145651    0.170786    3.918207
    0.735294    0.794920    0.376267   -0.938913    0.000000       -2.108896        1.000000   13.522170    5.218296    0.170786    3.918207
    0.745098    0.780155    0.413026   -0.974312    0.000000       -2.148323        1.000000   13.710469    5.287415    0.170786    3.918207
    0.754902    0.764075    0.451076   -1.006153    0.000000       -2.184020        1.000000   13.894887    5.352773    0.170786    3.918207
    0.764706    0.746659    0.490282   -1.034559    0.000000       -2.216089        1.000000   14.075102    5.414168    0.170786    3.918207
    0.774510    0.727896    0.530517   -1.059722    0.000000       -2.244707        1.000000   14.250787    5.471431    0.170786    3.918207
    0.784314    0.707786    0.571659   -1.081881    0.000000       -2.270099        1.000000   14.421619    5.524436    0.170786    3.918207
    0.794118    0.686334    0.613600   -1.101295    0.000000       -2.292523        1.000000   14.587274    5.573099    0.170786    3.918207
    0.803922    0.663554    0.656238   -1.118234    0.000000       -2.312250        1.000000   14.747429    5.617386    0.170786    3.918207
    0.813725    0.639467    0.699483   -1.132963    0.000000       -2.329547        1.000000   14.901772    5.657311    0.170786    3.918207
    0.823529    0.614101    0.743255   -1.145733    0.000000       -2.344673        1.000000   15.049992    5.692936    0.170786    3.918207
    0.833333    0.587491    0.787485   -1.156779    0.000000       -2.357870        1.000000   15.191789    5.724372    0.170786    3.918207
    0.843137    0.559677    0.832108   -1.166313    0.000000       -2.369363        1.000000   15.326873    5.751777    0.170786    3.918207
    0.852941    0.530704    0.877073   -1.174528    0.000000       -2.379351        1.000000   15.454964    5.775350    0.170786    3.918207
    0.862745    0.500624    0.922330   -1.181592    0.000000       -2.388017        1.000000   15.575795    5.795328    0.170786    3.918207
    0.872549    0.469491    0.967839   -1.187655    0.000000       -2.395519        1.000000   15.689112    5.811979    0.170786    3.918207
    0.882353    0.437364    1.013563   -1.192847    0.000000       -2.401999        1.000000   15.794675    5.825599    0.170786    3.918207
    0.892157    0.404307    1.059473   -1.197282    0.000000       -2.407580        1.000000   15.892259    5.836503    0.170786    3.918207
    0.901961    0.370386    1.105539   -1.201055    0.000000       -2.412367        1.000000   15.981655    5.845015    0.170786    3.918207
    0.911765    0.335669    1.151739   -1.204251    0.000000       -2.416454        1.000000   16.062673    5.851468    0.170786    3.918207
    0.921569    0.300230    1.198053   -1.206941    0.000000       -2.419918        1.000000   16.135137    5.856189    0.170786    3.918207
    0.931373    0.264143    1.244460   -1.209186    0.000000       -2.422829        1.000000   16.198890    5.859494    0.170786    3.918207
    0.941176    0.227483    1.290946   -1.211035    0.000000       -2.425242        1.000000   16.253796    5.861684    0.170786    3.918207
    0.950980    0.190330    1.337497   -1.212531    0.000000       -2.427206        1.000000   16.299734    5.863031    0.170786    3.918207
    0.960784    0.152764    1.384098   -1.213709    0.000000       -2.428760        1.000000   16.336606    5.863780    0.170786    3.918207
    0.970588    0.114865    1.430739   -1.214598    0.000000       -2.429936        1.000000   16.364329    5.864139    0.170786    3.918207
    0.980392    0.076716    1.477409   -1.215217    0.000000       -2.430758        1.000000   16.382846    5.864273    0.170786    3.918207
    0.990196    0.038400    1.524098   -1.215582    0.000000       -2.431244        1.000000   16.392114    5.864304    0.170786    3.918207
    1.000000    0.000000    1.570796   -1.215703    0.000000       -2.431405        1.000000   16.392114    5.864306    0.170786    3.918207
