           t           r         psi          cs          qs               p             sig           A           V          Q2           S
    0.000000    0.000000   -1.570796   -0.998602    0.000000       -1.997205        1.000000    0.000000   -0.000000    0.004325    3.679377
    0.009804    0.036065   -1.534774   -0.998603    0.000000       -1.997205        1.000000    0.000000    0.000001    0.004325    3.679377
    0.019608    0.072082   -1.498752   -0.998603    0.000000       -1.997206        1.000000    0.016337    0.000021    0.004325    3.679377
    0.029412    0.108006   -1.462731   -0.998605    0.000000       -1.997208        1.000000    0.040817    0.000107    0.004325    3.679377
    0.039216    0.143791   -1.426709   -0.998607    0.000000       -1.997210        1.000000    0.073407    0.000338    0.004325    3.679377
    0.049020    0.179388   -1.390686   -0.998609    0.000000       -1.997214        1.000000    0.114065    0.000821    0.004325    3.679377
    0.058824    0.214753   -1.354664   -0.998612    0.000000       -1.997218        1.000000    0.162739    0.001694    0.004325    3.679377
    0.068627    0.249839   -1.318642   -0.998616    0.000000       -1.997223        1.000000    0.219364    0.003122    0.004325    3.679377
    0.078431    0.284601   -1.282619   -0.998621    0.000000       -1.997229        1.000000    0.283869    0.005291    0.004325    3.679377
    0.088235    0.318994   -1.246597   -0.998627    0.000000       -1.997237        1.000000    0.356169    0.008413    0.004325    3.679377
    0.098039    0.352972   -1.210574   -0.998634    0.000000       -1.997245        1.000000    0.436169    0.012717    0.004325    3.679377
    0.107843    0.386493   -1.174551   -0.998642    0.000000       -1.997256        1.000000    0.523768    0.018451    0.004325    3.679377
    0.117647    0.419513   -1.138527   -0.998651    0.000000       -1.997268        1.000000    0.618850    0.025872    0.004325    3.679377
    0.127451    0.451988   -1.102503   -0.998663    0.000000       -1.997282        1.000000    0.721293    0.035252    0.004325    3.679377
    0.137255    0.483876   -1.066479   -0.998676    0.000000       -1.997299        1.000000    0.830963    0.046864    0.004325    3.679377
    0.147059    0.515137   -1.030454   -0.998692    0.000000       -1.997319        1.000000    0.947718    0.060987    0.004325    3.679377
    0.156863    0.545729   -0.994429   -0.998711    0.000000       -1.997342        1.000000    1.071407    0.077896    0.004325    3.679377
    0.166667    0.575613   -0.958402   -0.998733    0.000000       -1.997369        1.000000    1.201869    0.097863    0.004325    3.679377
    0.176471    0.604751   -0.922375   -0.998760    0.000000       -1.997401        1.000000    1.338936    0.121149    0.004325    3.679377
    0.186275    0.633103   -0.886347   -0.998792    0.000000       -1.997439        1.000000    1.482428    0.148003    0.004325    3.679377
    0.196078    0.660634   -0.850318   -0.998831    0.000000       -1.997485        1.000000    1.632160    0.178660    0.004325    3.679377
    0.205882    0.687307   -0.814287   -0.998878    0.000000       -1.997539        1.000000    1.787937    0.213332    0.004325    3.679377
    0.215686    0.713089   -0.778254   -0.998935    0.000000       -1.997605        1.000000    1.949558    0.252209    0.004325    3.679377
    0.225490    0.737945   -0.742219   -0.999004    0.000000       -1.997685        1.000000    2.116813    0.295456    0.004325    3.679377
    0.235294    0.761842   -0.706181   -0.999091    0.000000       -1.997782        1.000000    2.289484    0.343209    0.004325    3.679377
    0.245098    0.784751   -0.670139   -0.999199    0.000000       -1.997903        1.000000    2.467347    0.395573    0.004325    3.679377
    0.254902    0.806641   -0.634094   -0.999334    0.000000       -1.998054        1.000000    2.650171    0.452620    0.004325    3.679377
    0.264706    0.827484   -0.598042   -0.999508    0.000000       -1.998245        1.000000    2.837720    0.514386    0.004325    3.679377
    0.274510    0.847252   -0.561984   -0.999731    0.000000       -1.998489        1.000000    3.029749    0.580872    0.004325    3.679377
    0.284314    0.865919   -0.525916   -1.000025    0.000000       -1.998807        1.000000    3.226009    0.652042    0.004325    3.679377
    0.294118    0.883461   -0.489836   -1.000416    0.000000       -1.999226        1.000000    3.426244    0.727820    0.004325    3.679377
    0.303922    0.899854   -0.453740   -1.000948    0.000000       -1.999792        1.000000    3.630195    0.808096    0.004325    3.679377
    0.313725    0.915077   -0.417621   -1.001689    0.000000       -2.000573        1.000000    3.837597    0.892720    0.004325    3.679377
    0.323529    0.929108   -0.381470   -1.002747    0.000000       -2.001681        1.000000    4.048178    0.981505    0.004325    3.679377
    0.333333    0.941929   -0.345272   -1.004308    0.000000       -2.003304        1.000000    4.261665    1.074230    0.004325    3.679377
    0.343137    0.953520   -0.309004   -1.006703    0.000000       -2.005777        1.000000    4.477780    1.170637    0.004325    3.679377
    0.352941    0.963863   -0.272627   -1.010557    0.000000       -2.009732        1.000000    4.696239    1.270437    0.004325    3.679377
    0.362745    0.972939   -0.236066   -1.017141    0.000000       -2.016449        1.000000    4.916754    1.373313    0.004325    3.679377
    0.372549    0.980728   -0.199180   -1.029285    0.000000       -2.028776        1.000000    5.139035    1.478915    0.004325    3.679377
    0.382353    0.987204   -0.161662   -1.053997    0.000000       -2.053751        1.000000    5.362784    1.586872    0.004325    3.679377
    0.392157    0.992322   -0.122768   -1.110679    0.000000       -2.110832        1.000000    5.587693    1.696784    0.004325    3.679377
    0.401961    0.995997   -0.080542   -1.250526    0.000000       -2.251290        1.000000    5.813435    1.808226    0.004325    3.679377
    0.411765    0.998043   -0.031963   -1.385653    0.000000       -2.387102        1.000000    6.039641    1.920717    0.004325    3.679377
    0.421569    0.998423    0.005398   -0.521056    0.000000       -1.522621        1.000000    6.265932    2.033654    0.004325    3.679377
    0.431373    0.998071    0.010470    0.094615    0.000000       -0.907264        1.000000    6.492144    2.146579    0.004325    3.679377
    0.441176    0.997784    0.005052    0.162617    0.000000       -0.839591        1.000000    6.718291    2.259427    0.004325    3.679377
    0.450980    0.997696    0.000238    0.096611    0.000000       -0.905698        1.000000    6.944418    2.372236    0.004325    3.679377
    0.460784    0.997733   -0.001832    0.021359    0.000000       -0.980911        1.000000    7.170553    2.485042    0.004325    3.679377
    0.470588    0.997801   -0.001703   -0.021750    0.000000       -1.023952        1.000000    7.396703    2.597861    0.004325    3.679377
    0.480392    0.997846   -0.000721   -0.027635    0.000000       -1.029793        1.000000    7.622864    2.710693    0.004325    3.679377
    0.490196    0.997856    0.000063   -0.014568    0.000000       -1.016717        1.000000    7.849027    2.823531    0.004325    3.679377
    0.500000    0.997847    0.000342   -0.001985    0.000000       -1.004142        1.000000    8.075189    2.936370    0.004325    3.679377
    0.509804    0.997835    0.000309    0.002334    0.000000       -0.999835        1.000000    8.301347    3.049205    0.004325    3.679377
    0.519608    0.997825    0.000268   -0.001197    0.000000       -1.003377        1.000000    8.527503    3.162039    0.004325    3.679377
    0.529412    0.997813    0.000478   -0.011842    0.000000       -1.014034        1.000000    8.753657    3.274870    0.004325    3.679377
    0.539216    0.997784    0.001266   -0.034862    0.000000       -1.037082        1.000000    8.979803    3.387696    0.004325    3.679377
    0.549020    0.997706    0.003338   -0.087059    0.000000       -1.089352        1.000000    9.205933    3.500511    0.004325    3.679377
    0.558824    0.997509    0.008257   -0.198148    0.000000       -1.200611        1.000000    9.432017    3.613296    0.004325    3.679377
    0.568627    0.997046    0.018591   -0.386415    0.000000       -1.389205        1.000000    9.657997    3.726001    0.004325    3.679377
    0.578431    0.996075    0.036544   -0.607051    0.000000       -1.610321        1.000000    9.883756    3.838518    0.004325    3.679377
    0.588235    0.994321    0.061790   -0.780671    0.000000       -1.784463        1.000000   10.109118    3.950638    0.004325    3.679377
    0.598039    0.991562    0.091998   -0.883740    0.000000       -1.887985        1.000000   10.333855    4.062057    0.004325    3.679377
    0.607843    0.987662    0.124962   -0.937977    0.000000       -1.942574        1.000000   10.557707    4.172406    0.004325    3.679377
    0.617647    0.982555    0.159359   -0.966183    0.000000       -1.971042        1.000000   10.780403    4.281291    0.004325    3.679377
    0.627451    0.976207    0.194513   -0.981393    0.000000       -1.986448        1.000000   11.001659    4.388312    0.004325    3.679377
    0.637255    0.968608    0.230084   -0.990021    0.000000       -1.995224        1.000000   11.221193    4.493083    0.004325    3.679377
    0.647059    0.959755    0.265897   -0.995170    0.000000       -2.000487        1.000000   11.438721    4.595231    0.004325    3.679377
    0.656863    0.949652    0.301857   -0.998388    0.000000       -2.003794        1.000000   11.653958    4.694406    0.004325    3.679377
    0.666667    0.938310    0.337911   -1.000481    0.000000       -2.005958        1.000000   11.866626    4.790287    0.004325    3.679377
    0.676471    0.925740    0.374028   -1.001891    0.000000       -2.007426        1.000000   12.076444    4.882576    0.004325    3.679377
    0.686275    0.911956    0.410187   -1.002870    0.000000       -2.008452        1.000000   12.283138    4.971012    0.004325    3.679377
    0.696078    0.896976    0.446377   -1.003568    0.000000       -2.009188        1.000000   12.486436    5.055365    0.004325    3.679377
    0.705882    0.880818    0.482587   -1.004076    0.000000       -2.009729        1.000000   12.686073    5.135440    0.004325    3.679377
    0.715686    0.863503    0.518814   -1.004454    0.000000       -2.010135        1.000000   12.881785    5.211080    0.004325    3.679377
    0.725490    0.845053    0.555052   -1.004739    0.000000       -2.010444        1.000000   13.073315    5.282166    0.004325    3.679377
    0.735294    0.825491    0.591299   -1.004959    0.000000       -2.010683        1.000000   13.260412    5.348614    0.004325    3.679377
    0.745098    0.804845    0.627554   -1.005129    0.000000       -2.010871        1.000000   13.442830    5.410382    0.004325    3.679377
    0.754902    0.783140    0.663814   -1.005264    0.000000       -2.011021        1.000000   13.620327    5.467462    0.004325    3.679377
    0.764706    0.760404    0.700078   -1.005371    0.000000       -2.011141        1.000000   13.792672    5.519885    0.004325    3.679377
    0.774510    0.736669    0.736346   -1.005457    0.000000       -2.011238        1.000000   13.959638    5.567717    0.004325    3.679377
    0.784314    0.711964    0.772616   -1.005526    0.000000       -2.011318        1.000000   14.121004    5.611057    0.004325    3.679377
    0.794118    0.686322    0.808889   -1.005583    0.000000       -2.011383        1.000000   14.276558    5.650035    0.004325    3.679377
    0.803922    0.659777    0.845163   -1.005630    0.000000       -2.011438        1.000000   14.426096    5.684811    0.004325    3.679377
    0.813725    0.632364    0.881439   -1.005669    0.000000       -2.011483        1.000000   14.569421    5.715574    0.004325    3.679377
    0.823529    0.604119    0.917717   -1.005701    0.000000       -2.011522        1.000000   14.706343    5.742532    0.004325    3.679377
    0.833333    0.575078    0.953995   -1.005728    0.000000       -2.011554        1.000000   14.836684    5.765916    0.004325    3.679377
    0.843137    0.545281    0.990275   -1.005750    0.000000       -2.011581        1.000000   14.960272    5.785973    0.004325    3.679377
    0.852941    0.514766    1.026555   -1.005769    0.000000       -2.011604        1.000000   15.076943    5.802965    0.004325    3.679377
    0.862745    0.483573    1.062836   -1.005785    0.000000       -2.011624        1.000000   15.186544    5.817161    0.004325    3.679377
    0.872549    0.451744    1.099117   -1.005799    0.000000       -2.011641        1.000000   15.288932    5.828837    0.004325    3.679377
    0.882353    0.419320    1.135398   -1.005810    0.000000       -2.011655        1.000000   15.383970    5.838270    0.004325    3.679377
    0.892157    0.386345    1.171681   -1.005820    0.000000       -2.011668        1.000000   15.471535    5.845736    0.004325    3.679377
    0.901961    0.352860    1.207963   -1.005828    0.000000       -2.011678        1.000000   15.551510    5.851505    0.004325    3.679377
    0.911765    0.318912    1.244246   -1.005835    0.000000       -2.011687        1.000000   15.623791    5.855837    0.004325    3.679377
    0.921569    0.284543    1.280529   -1.005841    0.000000       -2.011694        1.000000   15.688283    5.858979    0.004325    3.679377
    0.931373    0.249800    1.316812   -1.005846    0.000000       -2.011701        1.000000   15.744900    5.861163    0.004325    3.679377
    0.941176    0.214728    1.353095   -1.005849    0.000000       -2.011706        1.000000   15.793568    5.862600    0.004325    3.679377
    0.950980    0.179374    1.389378   -1.005853    0.000000       -2.011710        1.000000   15.834223    5.863479    0.004325    3.679377
    0.960784    0.143783    1.425662   -1.005855    0.000000       -2.011713        1.000000   15.866811    5.863966    0.004325    3.679377
    0.970588    0.108003    1.461945   -1.005857    0.000000       -2.011716        1.000000   15.891290    5.864198    0.004325    3.679377
    0.980392    0.072081    1.498229   -1.005858    0.000000       -2.011718        1.000000   15.907627    5.864285    0.004325    3.679377
    0.990196    0.036064    1.534513   -1.005859    0.000000       -2.011719        1.000000   15.915801    5.864305    0.004325    3.679377
    1.000000    0.000000    1.570796   -1.005859    0.000000       -2.011719        1.000000   15.915801    5.864306    0.004325    3.679377
