           t           r         psi          cs          qs               p             sig           A           V          Q2           S
    0.000000    0.000000   -1.570796   -0.994577    0.000000       -1.989155        1.000000    0.000000    0.000000    0.136103    3.995901
    0.009804    0.039166   -1.531832   -0.994645    0.000000       -1.989245        1.000000    0.000000    0.000002    0.136103    3.995901
    0.019608    0.078272   -1.492863   -0.994849    0.000000       -1.989516        1.000000    0.019266    0.000029    0.136103    3.995901
    0.029412    0.117259   -1.453883   -0.995195    0.000000       -1.989977        1.000000    0.048129    0.000148    0.136103    3.995901
    0.039216    0.156068   -1.414887   -0.995694    0.000000       -1.990636        1.000000    0.086545    0.000467    0.136103    3.995901
    0.049020    0.194640   -1.375867   -0.996357    0.000000       -1.991511        1.000000    0.134455    0.001136    0.136103    3.995901
    0.058824    0.232916   -1.336819   -0.997203    0.000000       -1.992622        1.000000    0.191786    0.002343    0.136103    3.995901
    0.068627    0.270837   -1.297733   -0.998254    0.000000       -1.993993        1.000000    0.258452    0.004312    0.136103    3.995901
    0.078431    0.308344   -1.258601   -0.999538    0.000000       -1.995659        1.000000    0.334350    0.007303    0.136103    3.995901
    0.088235    0.345381   -1.219415   -1.001090    0.000000       -1.997658        1.000000    0.419364    0.011601    0.136103    3.995901
    0.098039    0.381889   -1.180161   -1.002953    0.000000       -2.000039        1.000000    0.513365    0.017517    0.136103    3.995901
    0.107843    0.417810   -1.140827   -1.005178    0.000000       -2.002861        1.000000    0.616208    0.025383    0.136103    3.995901
    0.117647    0.453089   -1.101399   -1.007828    0.000000       -2.006195        1.000000    0.727735    0.035545    0.136103    3.995901
    0.127451    0.487668   -1.061857   -1.010983    0.000000       -2.010129        1.000000    0.847773    0.048361    0.136103    3.995901
    0.137255    0.521491   -1.022179   -1.014738    0.000000       -2.014769        1.000000    0.976136    0.064189    0.136103    3.995901
    0.147059    0.554502   -0.982341   -1.019211    0.000000       -2.020246        1.000000    1.112625    0.083389    0.136103    3.995901
    0.156863    0.586645   -0.942312   -1.024549    0.000000       -2.026721        1.000000    1.257026    0.106315    0.136103    3.995901
    0.166667    0.617863   -0.902053   -1.030932    0.000000       -2.034391        1.000000    1.409111    0.133304    0.136103    3.995901
    0.176471    0.648100   -0.861521   -1.038587    0.000000       -2.043499        1.000000    1.568639    0.164678    0.136103    3.995901
    0.186275    0.677299   -0.820659   -1.047791    0.000000       -2.054347        1.000000    1.735354    0.200735    0.136103    3.995901
    0.196078    0.705402   -0.779401   -1.058894    0.000000       -2.067305        1.000000    1.908987    0.241741    0.136103    3.995901
    0.205882    0.732348   -0.737663   -1.072323    0.000000       -2.082829        1.000000    2.089252    0.287931    0.136103    3.995901
    0.215686    0.758077   -0.695346   -1.088608    0.000000       -2.101477        1.000000    2.275850    0.339497    0.136103    3.995901
    0.225490    0.782522   -0.652324   -1.108381    0.000000       -2.123912        1.000000    2.468465    0.396586    0.136103    3.995901
    0.235294    0.805615   -0.608448   -1.132385    0.000000       -2.150907        1.000000    2.666765    0.459298    0.136103    3.995901
    0.245098    0.827281   -0.563535   -1.161430    0.000000       -2.183298        1.000000    2.870398    0.527674    0.136103    3.995901
    0.254902    0.847440   -0.517372   -1.196290    0.000000       -2.221875        1.000000    3.078992    0.601693    0.136103    3.995901
    0.264706    0.866002   -0.469722   -1.237447    0.000000       -2.267114        1.000000    3.292156    0.681268    0.136103    3.995901
    0.274510    0.882870   -0.420339   -1.284569    0.000000       -2.318640        1.000000    3.509472    0.766231    0.136103    3.995901
    0.284314    0.897938   -0.369023   -1.335539    0.000000       -2.374230        1.000000    3.730497    0.856327    0.136103    3.995901
    0.294118    0.911095   -0.315716   -1.384902    0.000000       -2.428234        1.000000    3.954760    0.951199    0.136103    3.995901
    0.303922    0.922232   -0.260673   -1.421927    0.000000       -2.469621        1.000000    4.181764    1.050375    0.136103    3.995901
    0.313725    0.931265   -0.204689   -1.429532    0.000000       -2.480923        1.000000    4.410993    1.153258    0.136103    3.995901
    0.323529    0.938157   -0.149327   -1.386786    0.000000       -2.440843        1.000000    4.641917    1.259137    0.136103    3.995901
    0.333333    0.942954   -0.096910   -1.277489    0.000000       -2.333010        1.000000    4.874022    1.367221    0.136103    3.995901
    0.343137    0.945809   -0.050110   -1.101870    0.000000       -2.157839        1.000000    5.106830    1.476719    0.136103    3.995901
    0.352941    0.946980   -0.011172   -0.881132    0.000000       -1.937054        1.000000    5.339927    1.586924    0.136103    3.995901
    0.362745    0.946802    0.018771   -0.648260    0.000000       -1.704261        1.000000    5.572979    1.697290    0.136103    3.995901
    0.372549    0.945626    0.039853   -0.432767    0.000000       -1.489428        1.000000    5.805742    1.807444    0.136103    3.995901
    0.382353    0.943782    0.053135   -0.251766    0.000000       -1.309837        1.000000    6.038051    1.917171    0.136103    3.995901
    0.392157    0.941547    0.060098   -0.110255    0.000000       -1.170419        1.000000    6.269810    2.026363    0.136103    3.995901
    0.401961    0.939139    0.062257   -0.005708    0.000000       -1.068451        1.000000    6.500976    2.134986    0.136103    3.995901
    0.411765    0.936718    0.060954    0.067560    0.000000       -0.998015        1.000000    6.731546    2.243047    0.136103    3.995901
    0.421569    0.934397    0.057291    0.115760    0.000000       -0.952694        1.000000    6.961545    2.350577    0.136103    3.995901
    0.431373    0.932251    0.052138    0.144440    0.000000       -0.926775        1.000000    7.191015    2.457620    0.136103    3.995901
    0.441176    0.930324    0.046169    0.158145    0.000000       -0.915604        1.000000    7.420012    2.564228    0.136103    3.995901
    0.450980    0.928638    0.039896    0.160440    0.000000       -0.915548        1.000000    7.648593    2.670452    0.136103    3.995901
    0.460784    0.927198    0.033711    0.154069    0.000000       -0.923837        1.000000    7.876820    2.776346    0.136103    3.995901
    0.470588    0.925993    0.027910    0.141124    0.000000       -0.938378        1.000000    8.104750    2.881959    0.136103    3.995901
    0.480392    0.925003    0.022719    0.123201    0.000000       -0.957597        1.000000    8.332437    2.987340    0.136103    3.995901
    0.490196    0.924202    0.018306    0.101511    0.000000       -0.980321        1.000000    8.559927    3.092529    0.136103    3.995901
    0.500000    0.923557    0.014802    0.076964    0.000000       -1.005687        1.000000    8.787257    3.197562    0.136103    3.995901
    0.509804    0.923030    0.012305    0.050232    0.000000       -1.033075        1.000000    9.014458    3.302467    0.136103    3.995901
    0.519608    0.922579    0.010889    0.021781    0.000000       -1.062072        1.000000    9.241548    3.407264    0.136103    3.995901
    0.529412    0.922162    0.010617   -0.008092    0.000000       -1.092440        1.000000    9.468536    3.511965    0.136103    3.995901
    0.539216    0.921732    0.011540   -0.039253    0.000000       -1.124095        1.000000    9.695417    3.616570    0.136103    3.995901
    0.549020    0.921241    0.013709   -0.071708    0.000000       -1.157098        1.000000    9.922178    3.721070    0.136103    3.995901
    0.558824    0.920641    0.017177   -0.105591    0.000000       -1.191631        1.000000   10.148790    3.825443    0.136103    3.995901
    0.568627    0.919878    0.022004   -0.141141    0.000000       -1.227979        1.000000   10.375215    3.929654    0.136103    3.995901
    0.578431    0.918898    0.028261   -0.178672    0.000000       -1.266497        1.000000   10.601399    4.033657    0.136103    3.995901
    0.588235    0.917644    0.036033   -0.218524    0.000000       -1.307564        1.000000   10.827275    4.137388    0.136103    3.995901
    0.598039    0.916054    0.045417   -0.261017    0.000000       -1.351530        1.000000   11.052759    4.240766    0.136103    3.995901
    0.607843    0.914064    0.056522   -0.306380    0.000000       -1.398648        1.000000   11.277753    4.343694    0.136103    3.995901
    0.617647    0.911604    0.069461   -0.354690    0.000000       -1.449011        1.000000   11.502141    4.446054    0.136103    3.995901
    0.627451    0.908601    0.084349   -0.405814    0.000000       -1.502494        1.000000   11.725791    4.547704    0.136103    3.995901
    0.637255    0.904977    0.101289   -0.459380    0.000000       -1.558717        1.000000   11.948548    4.648480    0.136103    3.995901
    0.647059    0.900651    0.120366   -0.514770    0.000000       -1.617044        1.000000   12.170240    4.748193    0.136103    3.995901
    0.656863    0.895541    0.141635   -0.571154    0.000000       -1.676616        1.000000   12.390675    4.846627    0.136103    3.995901
    0.666667    0.889563    0.165117   -0.627561    0.000000       -1.736419        1.000000   12.609638    4.943540    0.136103    3.995901
    0.676471    0.882636    0.190792   -0.682969    0.000000       -1.795381        1.000000   12.826896    5.038667    0.136103    3.995901
    0.686275    0.874680    0.218602   -0.736400    0.000000       -1.852468        1.000000   13.042196    5.131722    0.136103    3.995901
    0.696078    0.865621    0.248452   -0.787006    0.000000       -1.906773        1.000000   13.255266    5.222401    0.136103    3.995901
    0.705882    0.855392    0.280219   -0.834128    0.000000       -1.957585        1.000000   13.465818    5.310391    0.136103    3.995901
    0.715686    0.843933    0.313756   -0.877329    0.000000       -2.004410        1.000000   13.673549    5.395375    0.136103    3.995901
    0.725490    0.831195    0.348904   -0.916384    0.000000       -2.046984        1.000000   13.878145    5.477041    0.136103    3.995901
    0.735294    0.817135    0.385501   -0.951264    0.000000       -2.085238        1.000000   14.079281    5.555091    0.136103    3.995901
    0.745098    0.801724    0.423384   -0.982091    0.000000       -2.119270        1.000000   14.276623    5.629246    0.136103    3.995901
    0.754902    0.784939    0.462399   -1.009098    0.000000       -2.149294        1.000000   14.469833    5.699257    0.136103    3.995901
    0.764706    0.766769    0.502402   -1.032591    0.000000       -2.175606        1.000000   14.658571    5.764913    0.136103    3.995901
    0.774510    0.747211    0.543262   -1.052911    0.000000       -2.198540        1.000000   14.842495    5.826044    0.136103    3.995901
    0.784314    0.726271    0.584862   -1.070407    0.000000       -2.218448        1.000000   15.021264    5.882524    0.136103    3.995901
    0.794118    0.703961    0.627097   -1.085421    0.000000       -2.235676        1.000000   15.194542    5.934283    0.136103    3.995901
    0.803922    0.680303    0.669877   -1.098272    0.000000       -2.250550        1.000000   15.361996    5.981298    0.136103    3.995901
    0.813725    0.655324    0.713123   -1.109252    0.000000       -2.263372        1.000000   15.523302    6.023604    0.136103    3.995901
    0.823529    0.629058    0.756767   -1.118621    0.000000       -2.274412        1.000000   15.678143    6.061284    0.136103    3.995901
    0.833333    0.601544    0.800750   -1.126608    0.000000       -2.283911        1.000000   15.826211    6.094475    0.136103    3.995901
    0.843137    0.572827    0.845023   -1.133413    0.000000       -2.292078        1.000000   15.967210    6.123360    0.136103    3.995901
    0.852941    0.542956    0.889541   -1.139207    0.000000       -2.299097        1.000000   16.100857    6.148165    0.136103    3.995901
    0.862745    0.511984    0.934269   -1.144137    0.000000       -2.305124        1.000000   16.226880    6.169153    0.136103    3.995901
    0.872549    0.479968    0.979176   -1.148329    0.000000       -2.310295        1.000000   16.345023    6.186620    0.136103    3.995901
    0.882353    0.446970    1.024234   -1.151888    0.000000       -2.314726        1.000000   16.455043    6.200888    0.136103    3.995901
    0.892157    0.413053    1.069420   -1.154905    0.000000       -2.318514        1.000000   16.556715    6.212294    0.136103    3.995901
    0.901961    0.378285    1.114716   -1.157456    0.000000       -2.321743        1.000000   16.649829    6.221190    0.136103    3.995901
    0.911765    0.342735    1.160103   -1.159603    0.000000       -2.324485        1.000000   16.734192    6.227925    0.136103    3.995901
    0.921569    0.306474    1.205567   -1.161401    0.000000       -2.326797        1.000000   16.809629    6.232847    0.136103    3.995901
    0.931373    0.269576    1.251096   -1.162894    0.000000       -2.328731        1.000000   16.875985    6.236291    0.136103    3.995901
    0.941176    0.232118    1.296678   -1.164120    0.000000       -2.330329        1.000000   16.933120    6.238570    0.136103    3.995901
    0.950980    0.194177    1.342303   -1.165108    0.000000       -2.331626        1.000000   16.980916    6.239972    0.136103    3.995901
    0.960784    0.155830    1.387962   -1.165884    0.000000       -2.332649        1.000000   17.019273    6.240751    0.136103    3.995901
    0.970588    0.117158    1.433648   -1.166468    0.000000       -2.333422        1.000000   17.048111    6.241124    0.136103    3.995901
    0.980392    0.078242    1.479354   -1.166874    0.000000       -2.333962        1.000000   17.067370    6.241263    0.136103    3.995901
    0.990196    0.039162    1.525072   -1.167114    0.000000       -2.334280        1.000000   17.077010    6.241295    0.136103    3.995901
    1.000000    0.000000    1.570796   -1.167193    0.000000       -2.334386        1.000000   17.077010    6.241297    0.136103    3.995901
