           t           r         psi          cs          qs               p             sig           A           V          Q2           S
    0.000000    0.000000   -1.570796   -1.847497    0.000000       -3.694995        1.000000    0.000000    0.000000    0.862229   15.089822
    0.009804    0.146005   -1.285284   -2.092137    0.000000       -4.021176        1.000000    0.000000    0.000697    0.862229   15.089822
    0.019608    0.278273   -0.933131   -2.696192    0.000000       -4.835531        1.000000    0.258664    0.010975    0.862229   15.089822
    0.029412    0.375204   -0.501565   -2.997645    0.000000       -5.334590        1.000000    0.607427    0.049836    0.862229   15.089822
    0.039216    0.417625   -0.104570   -2.183876    0.000000       -4.565286        1.000000    0.995623    0.121176    0.862229   15.089822
    0.049020    0.414151    0.117921   -0.834452    0.000000       -3.232262        1.000000    1.380589    0.202435    0.862229   15.089822
    0.058824    0.391709    0.162857    0.129460    0.000000       -2.389673        1.000000    1.744695    0.277232    0.862229   15.089822
    0.068627    0.371005    0.108542    0.515873    0.000000       -2.163644        1.000000    2.089556    0.343924    0.862229   15.089822
    0.078431    0.360735    0.031684    0.470017    0.000000       -2.300710        1.000000    2.424870    0.405651    0.862229   15.089822
    0.088235    0.360390   -0.021014    0.230135    0.000000       -2.544025        1.000000    2.759864    0.465848    0.862229   15.089822
    0.098039    0.365119   -0.037331    0.004848    0.000000       -2.732081        1.000000    3.099253    0.526908    0.862229   15.089822
    0.107843    0.370169   -0.028184   -0.107739    0.000000       -2.808137        1.000000    3.443336    0.589731    0.862229   15.089822
    0.117647    0.373062   -0.010834   -0.112774    0.000000       -2.793137        1.000000    3.790109    0.653976    0.862229   15.089822
    0.127451    0.373586    0.002509   -0.063371    0.000000       -2.740122        1.000000    4.137368    0.718807    0.862229   15.089822
    0.137255    0.372727    0.007789   -0.010453    0.000000       -2.693300        1.000000    4.483830    0.783545    0.862229   15.089822
    0.147059    0.371596    0.006755    0.019897    0.000000       -2.671137        1.000000    4.829240    0.847911    0.862229   15.089822
    0.156863    0.370854    0.003146    0.025436    0.000000       -2.671032        1.000000    5.173960    0.911943    0.862229   15.089822
    0.166667    0.370642   -0.000052    0.016419    0.000000       -2.681604        1.000000    5.518482    0.975813    0.862229   15.089822
    0.176471    0.370784   -0.001578    0.004493    0.000000       -2.692490        1.000000    5.863138    1.039678    0.862229   15.089822
    0.186275    0.371033   -0.001592   -0.003355    0.000000       -2.698529        1.000000    6.208024    1.103617    0.862229   15.089822
    0.196078    0.371219   -0.000866   -0.005613    0.000000       -2.699441        1.000000    6.553084    1.167634    0.862229   15.089822
    0.205882    0.371289   -0.000117   -0.004125    0.000000       -2.697446        1.000000    6.898208    1.231696    0.862229   15.089822
    0.215686    0.371270    0.000300   -0.001507    0.000000       -2.694961        1.000000    7.243315    1.295765    0.862229   15.089822
    0.225490    0.371218    0.000364    0.000454    0.000000       -2.693383        1.000000    7.588374    1.359820    0.862229   15.089822
    0.235294    0.371173    0.000227    0.001195    0.000000       -2.692969        1.000000    7.933390    1.423858    0.862229   15.089822
    0.245098    0.371152    0.000057    0.001004    0.000000       -2.693310        1.000000    8.278387    1.487884    0.862229   15.089822
    0.254902    0.371153   -0.000052    0.000450    0.000000       -2.693859        1.000000    8.623385    1.551907    0.862229   15.089822
    0.264706    0.371163   -0.000081   -0.000026    0.000000       -2.694257        1.000000    8.968393    1.615932    0.862229   15.089822
    0.274510    0.371174   -0.000058   -0.000244    0.000000       -2.694398        1.000000    9.313411    1.679961    0.862229   15.089822
    0.284314    0.371180   -0.000020   -0.000238    0.000000       -2.694350        1.000000    9.658434    1.743993    0.862229   15.089822
    0.294118    0.371180    0.000008   -0.000125    0.000000       -2.694233        1.000000   10.003458    1.808026    0.862229   15.089822
    0.303922    0.371178    0.000017   -0.000013    0.000000       -2.694136        1.000000   10.348479    1.872059    0.862229   15.089822
    0.313725    0.371176    0.000014    0.000047    0.000000       -2.694093        1.000000   10.693499    1.936090    0.862229   15.089822
    0.323529    0.371174    0.000006    0.000055    0.000000       -2.694096        1.000000   11.038517    2.000122    0.862229   15.089822
    0.333333    0.371174   -0.000001    0.000033    0.000000       -2.694121        1.000000   11.383535    2.064152    0.862229   15.089822
    0.343137    0.371174   -0.000004    0.000007    0.000000       -2.694144        1.000000   11.728553    2.128183    0.862229   15.089822
    0.352941    0.371175   -0.000003   -0.000008    0.000000       -2.694156        1.000000   12.073571    2.192214    0.862229   15.089822
    0.362745    0.371175   -0.000002   -0.000012    0.000000       -2.694157        1.000000   12.418590    2.256246    0.862229   15.089822
    0.372549    0.371175   -0.000000   -0.000008    0.000000       -2.694152        1.000000   12.763609    2.320277    0.862229   15.089822
    0.382353    0.371175    0.000001   -0.000003    0.000000       -2.694147        1.000000   13.108628    2.384308    0.862229   15.089822
    0.392157    0.371175    0.000001    0.000001    0.000000       -2.694143        1.000000   13.453647    2.448339    0.862229   15.089822
    0.401961    0.371175    0.000000    0.000003    0.000000       -2.694143        1.000000   13.798666    2.512371    0.862229   15.089822
    0.411765    0.371175    0.000000    0.000002    0.000000       -2.694144        1.000000   14.143685    2.576402    0.862229   15.089822
    0.421569    0.371175   -0.000000    0.000001    0.000000       -2.694145        1.000000   14.488703    2.640433    0.862229   15.089822
    0.431373    0.371175   -0.000000   -0.000000    0.000000       -2.694146        1.000000   14.833722    2.704464    0.862229   15.089822
    0.441176    0.371175   -0.000000   -0.000001    0.000000       -2.694146        1.000000   15.178741    2.768495    0.862229   15.089822
    0.450980    0.371175   -0.000000   -0.000000    0.000000       -2.694146        1.000000   15.523760    2.832527    0.862229   15.089822
    0.460784    0.371175    0.000000   -0.000000    0.000000       -2.694145        1.000000   15.868779    2.896558    0.862229   15.089822
    0.470588    0.371175    0.000000   -0.000000    0.000000       -2.694145        1.000000   16.213798    2.960589    0.862229   15.089822
    0.480392    0.371175    0.000000    0.000000    0.000000       -2.694145        1.000000   16.558816    3.024620    0.862229   15.089822
    0.490196    0.371175    0.000000    0.000000    0.000000       -2.694145        1.000000   16.903835    3.088652    0.862229   15.089822
    0.500000    0.371175   -0.000000    0.000000    0.000000       -2.694145        1.000000   17.248854    3.152683    0.862229   15.089822
    0.509804    0.371175   -0.000000    0.000000    0.000000       -2.694145        1.000000   17.593873    3.216714    0.862229   15.089822
    0.519608    0.371175   -0.000000   -0.000000    0.000000       -2.694145        1.000000   17.938892    3.280745    0.862229   15.089822
    0.529412    0.371175   -0.000000   -0.000000    0.000000       -2.694145        1.000000   18.283911    3.344776    0.862229   15.089822
    0.539216    0.371175    0.000000   -0.000000    0.000000       -2.694145        1.000000   18.628929    3.408808    0.862229   15.089822
    0.549020    0.371175    0.000000   -0.000000    0.000000       -2.694145        1.000000   18.973948    3.472839    0.862229   15.089822
    0.558824    0.371175    0.000000    0.000000    0.000000       -2.694145        1.000000   19.318967    3.536870    0.862229   15.089822
    0.568627    0.371175    0.000000    0.000000    0.000000       -2.694145        1.000000   19.663986    3.600901    0.862229   15.089822
    0.578431    0.371175    0.000000    0.000000    0.000000       -2.694145        1.000000   20.009005    3.664933    0.862229   15.089822
    0.588235    0.371175   -0.000000    0.000000    0.000000       -2.694145        1.000000   20.354024    3.728964    0.862229   15.089822
    0.598039    0.371175   -0.000000   -0.000000    0.000000       -2.694145        1.000000   20.699042    3.792995    0.862229   15.089822
    0.607843    0.371175   -0.000000   -0.000000    0.000000       -2.694145        1.000000   21.044061    3.857026    0.862229   15.089822
    0.617647    0.371175   -0.000000   -0.000000    0.000000       -2.694145        1.000000   21.389080    3.921057    0.862229   15.089822
    0.627451    0.371175    0.000000   -0.000000    0.000000       -2.694145        1.000000   21.734099    3.985089    0.862229   15.089822
    0.637255    0.371175    0.000000   -0.000000    0.000000       -2.694145        1.000000   22.079118    4.049120    0.862229   15.089822
    0.647059    0.371175    0.000000    0.000000    0.000000       -2.694145        1.000000   22.424136    4.113151    0.862229   15.089822
    0.656863    0.371175    0.000000    0.000000    0.000000       -2.694145        1.000000   22.769155    4.177182    0.862229   15.089822
    0.666667    0.371175    0.000000   -0.000000    0.000000       -2.694145        1.000000   23.114174    4.241214    0.862229   15.089822
    0.676471    0.371175    0.000000   -0.000000    0.000000       -2.694145        1.000000   23.459193    4.305245    0.862229   15.089822
    0.686275    0.371175    0.000000   -0.000000    0.000000       -2.694145        1.000000   23.804212    4.369276    0.862229   15.089822
    0.696078    0.371175    0.000000   -0.000000    0.000000       -2.694145        1.000000   24.149231    4.433307    0.862229   15.089822
    0.705882    0.371175    0.000000   -0.000000    0.000000       -2.694145        1.000000   24.494249    4.497338    0.862229   15.089822
    0.715686    0.371175    0.000000   -0.000000    0.000000       -2.694145        1.000000   24.839268    4.561370    0.862229   15.089822
    0.725490    0.371175    0.000000   -0.000000    0.000000       -2.694145        1.000000   25.184287    4.625401    0.862229   15.089822
    0.735294    0.371175    0.000000   -0.000000    0.000000       -2.694145        1.000000   25.529306    4.689432    0.862229   15.089822
    0.745098    0.371175    0.000000   -0.000000    0.000000       -2.694145        1.000000   25.874325    4.753463    0.862229   15.089822
    0.754902    0.371175    0.000000   -0.000000    0.000000       -2.694146        1.000000   26.219344    4.817495    0.862229   15.089822
    0.764706    0.371175    0.000000   -0.000000    0.000000       -2.694146        1.000000   26.564362    4.881526    0.862229   15.089822
    0.774510    0.371175    0.000000   -0.000001    0.000000       -2.694146        1.000000   26.909381    4.945557    0.862229   15.089822
    0.784314    0.371175    0.000000   -0.000002    0.000000       -2.694148        1.000000   27.254400    5.009588    0.862229   15.089822
    0.794118    0.371175    0.000001   -0.000004    0.000000       -2.694150        1.000000   27.599419    5.073619    0.862229   15.089822
    0.803922    0.371175    0.000001   -0.000007    0.000000       -2.694155        1.000000   27.944437    5.137651    0.862229   15.089822
    0.813725    0.371175    0.000003   -0.000015    0.000000       -2.694165        1.000000   28.289455    5.201682    0.862229   15.089822
    0.823529    0.371174    0.000006   -0.000031    0.000000       -2.694186        1.000000   28.634473    5.265712    0.862229   15.089822
    0.833333    0.371173    0.000013   -0.000064    0.000000       -2.694229        1.000000   28.979489    5.329743    0.862229   15.089822
    0.843137    0.371170    0.000027   -0.000133    0.000000       -2.694318        1.000000   29.324503    5.393773    0.862229   15.089822
    0.852941    0.371164    0.000056   -0.000274    0.000000       -2.694503        1.000000   29.669511    5.457801    0.862229   15.089822
    0.862745    0.371152    0.000116   -0.000567    0.000000       -2.694883        1.000000   30.014508    5.521827    0.862229   15.089822
    0.872549    0.371127    0.000239   -0.001170    0.000000       -2.695668        1.000000   30.359482    5.585846    0.862229   15.089822
    0.882353    0.371075    0.000493   -0.002415    0.000000       -2.697290        1.000000   30.704407    5.649853    0.862229   15.089822
    0.892157    0.370968    0.001017   -0.004985    0.000000       -2.700637        1.000000   31.049233    5.713833    0.862229   15.089822
    0.901961    0.370747    0.002100   -0.010288    0.000000       -2.707542        1.000000   31.393853    5.777759    0.862229   15.089822
    0.911765    0.370290    0.004334   -0.021218    0.000000       -2.721775        1.000000   31.738050    5.841573    0.862229   15.089822
    0.921569    0.369349    0.008939   -0.043707    0.000000       -2.751063        1.000000   32.081371    5.905155    0.862229   15.089822
    0.931373    0.367410    0.018412   -0.089805    0.000000       -2.811101        1.000000   32.422890    5.968260    0.862229   15.089822
    0.941176    0.363420    0.037824   -0.183552    0.000000       -2.933221        1.000000   32.760700    6.030377    0.862229   15.089822
    0.950980    0.355250    0.077286   -0.371071    0.000000       -3.177590        1.000000   33.090915    6.090456    0.862229   15.089822
    0.960784    0.338678    0.156163   -0.733215    0.000000       -3.649945        1.000000   33.405727    6.146362    0.862229   15.089822
    0.970588    0.305803    0.308410   -1.381813    0.000000       -4.497598        1.000000   33.689980    6.193969    0.862229   15.089822
    0.980392    0.243910    0.582264   -2.369843    0.000000       -5.794141        1.000000   33.916702    6.226734    0.862229   15.089822
    0.990196    0.140159    1.014465   -3.438816    0.000000       -7.206491        1.000000   34.046984    6.240008    0.862229   15.089822
    1.000000    0.000000    1.570796   -3.929668    0.000000       -7.859336        1.000000   34.046984    6.241297    0.862229   15.089822
