           t           r         psi          cs          qs               p             sig           A           V          Q2           S
    0.000000   -0.000000   -1.570796   -1.073840    0.000000       -2.147679        1.000000    0.000000    0.000000    0.428651    6.524256
    0.009804    0.063913   -1.502068   -1.075808    0.000000       -2.150302        1.000000    0.000000    0.000014    0.428651    6.524256
    0.019608    0.127523   -1.433086   -1.081831    0.000000       -2.158306        1.000000    0.051251    0.000225    0.428651    6.524256
    0.029412    0.190526   -1.363579   -1.092258    0.000000       -2.172097        1.000000    0.127822    0.001132    0.428651    6.524256
    0.039216    0.252608   -1.293251   -1.107663    0.000000       -2.192332        1.000000    0.229343    0.003547    0.428651    6.524256
    0.049020    0.313447   -1.221757   -1.128838    0.000000       -2.219917        1.000000    0.355315    0.008567    0.428651    6.524256
    0.058824    0.372705   -1.148698   -1.156794    0.000000       -2.255990        1.000000    0.505103    0.017533    0.428651    6.524256
    0.068627    0.430021   -1.073602   -1.192721    0.000000       -2.301878        1.000000    0.677925    0.031974    0.428651    6.524256
    0.078431    0.485007   -0.995920   -1.237889    0.000000       -2.358968        1.000000    0.872847    0.053544    0.428651    6.524256
    0.088235    0.537235   -0.915023   -1.293390    0.000000       -2.428409        1.000000    1.088758    0.083940    0.428651    6.524256
    0.098039    0.586232   -0.830232   -1.359592    0.000000       -2.510509        1.000000    1.324361    0.124798    0.428651    6.524256
    0.107843    0.631472   -0.740894   -1.435101    0.000000       -2.603586        1.000000    1.578145    0.177564    0.428651    6.524256
    0.117647    0.672376   -0.646546   -1.515020    0.000000       -2.702108        1.000000    1.848368    0.243334    0.428651    6.524256
    0.127451    0.708333   -0.547213   -1.588561    0.000000       -2.794177        1.000000    2.133043    0.322655    0.428651    6.524256
    0.137255    0.738749   -0.443856   -1.637030    0.000000       -2.859505        1.000000    2.429941    0.415319    0.428651    6.524256
    0.147059    0.763136   -0.338872   -1.634883    0.000000       -2.870744        1.000000    2.736640    0.520198    0.428651    6.524256
    0.156863    0.781246   -0.236328   -1.557367    0.000000       -2.801794        1.000000    3.050618    0.635236    0.428651    6.524256
    0.166667    0.793199   -0.141490   -1.394122    0.000000       -2.642242        1.000000    3.369399    0.757688    0.428651    6.524256
    0.176471    0.799535   -0.059524   -1.159310    0.000000       -2.407822        1.000000    3.690726    0.884606    0.428651    6.524256
    0.186275    0.801153    0.006021   -0.887326    0.000000       -2.135505        1.000000    4.012704    1.013370    0.428651    6.524256
    0.196078    0.799140    0.054023   -0.616588    0.000000       -1.866107        1.000000    4.333873    1.142030    0.428651    6.524256
    0.205882    0.794599    0.085537   -0.375246    0.000000       -1.629142        1.000000    4.653217    1.269358    0.428651    6.524256
    0.215686    0.788512    0.102953   -0.176975    0.000000       -1.438471        1.000000    4.970115    1.394720    0.428651    6.524256
    0.225490    0.781690    0.109151   -0.024200    0.000000       -1.295868        1.000000    5.284270    1.517884    0.428651    6.524256
    0.235294    0.774754    0.106940    0.086865    0.000000       -1.196494        1.000000    5.595639    1.638863    0.428651    6.524256
    0.245098    0.768161    0.098796    0.162418    0.000000       -1.133045        1.000000    5.904357    1.757806    0.428651    6.524256
    0.254902    0.762218    0.086780    0.208976    0.000000       -1.098047        1.000000    6.210688    1.874934    0.428651    6.524256
    0.264706    0.757120    0.072553    0.232482    0.000000       -1.084837        1.000000    6.514969    1.990507    0.428651    6.524256
    0.274510    0.752964    0.057421    0.238055    0.000000       -1.087840        1.000000    6.817581    2.104797    0.428651    6.524256
    0.284314    0.749776    0.042390    0.230014    0.000000       -1.102519        1.000000    7.118911    2.218077    0.428651    6.524256
    0.294118    0.747525    0.028209    0.211996    0.000000       -1.125220        1.000000    7.419336    2.330610    0.428651    6.524256
    0.303922    0.746139    0.015416    0.187075    0.000000       -1.152999        1.000000    7.719204    2.442642    0.428651    6.524256
    0.313725    0.745516    0.004368    0.157861    0.000000       -1.183480        1.000000    8.018822    2.554396    0.428651    6.524256
    0.323529    0.745538   -0.004734    0.126563    0.000000       -1.214735        1.000000    8.318449    2.666070    0.428651    6.524256
    0.333333    0.746078   -0.011818    0.095038    0.000000       -1.245210        1.000000    8.618292    2.777827    0.428651    6.524256
    0.343137    0.747008   -0.016920    0.064811    0.000000       -1.273672        1.000000    8.918510    2.889800    0.428651    6.524256
    0.352941    0.748203   -0.020163    0.037086    0.000000       -1.299178        1.000000    9.219208    3.002087    0.428651    6.524256
    0.362745    0.749551   -0.021737    0.012761    0.000000       -1.321055        1.000000    9.520447    3.114753    0.428651    6.524256
    0.372549    0.750953   -0.021880   -0.007572    0.000000       -1.338895        1.000000    9.822250    3.227834    0.428651    6.524256
    0.382353    0.752325   -0.020860   -0.023607    0.000000       -1.352530        1.000000   10.124604    3.341337    0.428651    6.524256
    0.392157    0.753602   -0.018953   -0.035305    0.000000       -1.362026        1.000000   10.427472    3.455245    0.428651    6.524256
    0.401961    0.754737   -0.016432   -0.042857    0.000000       -1.367644        1.000000   10.730796    3.569524    0.428651    6.524256
    0.411765    0.755697   -0.013551   -0.046645    0.000000       -1.369805        1.000000   11.034505    3.684126    0.428651    6.524256
    0.421569    0.756467   -0.010534   -0.047188    0.000000       -1.369049        1.000000   11.338524    3.798996    0.428651    6.524256
    0.431373    0.757046   -0.007570   -0.045094    0.000000       -1.365980        1.000000   11.642776    3.914074    0.428651    6.524256
    0.441176    0.757440   -0.004808   -0.041002    0.000000       -1.361223        1.000000   11.947186    4.029302    0.428651    6.524256
    0.450980    0.757667   -0.002354   -0.035544    0.000000       -1.355381        1.000000   12.251687    4.144626    0.428651    6.524256
    0.460784    0.757749   -0.000278   -0.029302    0.000000       -1.349000        1.000000   12.556221    4.259997    0.428651    6.524256
    0.470588    0.757712    0.001388   -0.022786    0.000000       -1.342548        1.000000   12.860741    4.375375    0.428651    6.524256
    0.480392    0.757580    0.002640   -0.016416    0.000000       -1.336403        1.000000   13.165207    4.490725    0.428651    6.524256
    0.490196    0.757382    0.003499   -0.010516    0.000000       -1.330845        1.000000   13.469594    4.606025    0.428651    6.524256
    0.500000    0.757141    0.004001   -0.005317    0.000000       -1.326066        1.000000   13.773883    4.721257    0.428651    6.524256
    0.509804    0.756877    0.004197   -0.000966    0.000000       -1.322174        1.000000   14.078067    4.836411    0.428651    6.524256
    0.519608    0.756609    0.004144    0.002468    0.000000       -1.319208        1.000000   14.382143    4.951484    0.428651    6.524256
    0.529412    0.756351    0.003901    0.004976    0.000000       -1.317152        1.000000   14.686115    5.066477    0.428651    6.524256
    0.539216    0.756113    0.003526    0.006597    0.000000       -1.315949        1.000000   14.989992    5.181394    0.428651    6.524256
    0.549020    0.755901    0.003074    0.007405    0.000000       -1.315512        1.000000   15.293784    5.296243    0.428651    6.524256
    0.558824    0.755720    0.002594    0.007495    0.000000       -1.315742        1.000000   15.597502    5.411032    0.428651    6.524256
    0.568627    0.755569    0.002129    0.006970    0.000000       -1.316532        1.000000   15.901161    5.525772    0.428651    6.524256
    0.578431    0.755447    0.001713    0.005937    0.000000       -1.317781        1.000000   16.204769    5.640469    0.428651    6.524256
    0.588235    0.755348    0.001378    0.004492    0.000000       -1.319399        1.000000   16.508339    5.755134    0.428651    6.524256
    0.598039    0.755268    0.001146    0.002718    0.000000       -1.321314        1.000000   16.811876    5.869772    0.428651    6.524256
    0.607843    0.755199    0.001036    0.000677    0.000000       -1.323476        1.000000   17.115385    5.984387    0.428651    6.524256
    0.617647    0.755133    0.001064   -0.001591    0.000000       -1.325861        1.000000   17.418868    6.098982    0.428651    6.524256
    0.627451    0.755060    0.001244   -0.004078    0.000000       -1.328476        1.000000   17.722321    6.213556    0.428651    6.524256
    0.637255    0.754970    0.001591   -0.006803    0.000000       -1.331357        1.000000   18.025739    6.328105    0.428651    6.524256
    0.647059    0.754852    0.002121   -0.009820    0.000000       -1.334580        1.000000   18.329109    6.442624    0.428651    6.524256
    0.656863    0.754694    0.002855   -0.013220    0.000000       -1.338254        1.000000   18.632415    6.557100    0.428651    6.524256
    0.666667    0.754482    0.003823   -0.017131    0.000000       -1.342534        1.000000   18.935637    6.671521    0.428651    6.524256
    0.676471    0.754200    0.005061   -0.021728    0.000000       -1.347620        1.000000   19.238744    6.785866    0.428651    6.524256
    0.686275    0.753828    0.006622   -0.027231    0.000000       -1.353765        1.000000   19.541703    6.900112    0.428651    6.524256
    0.696078    0.753344    0.008570   -0.033918    0.000000       -1.361284        1.000000   19.844467    7.014228    0.428651    6.524256
    0.705882    0.752721    0.010993   -0.042125    0.000000       -1.370558        1.000000   20.146980    7.128175    0.428651    6.524256
    0.715686    0.751925    0.014000   -0.052262    0.000000       -1.382051        1.000000   20.449174    7.241905    0.428651    6.524256
    0.725490    0.750915    0.017730   -0.064817    0.000000       -1.396317        1.000000   20.750962    7.355358    0.428651    6.524256
    0.735294    0.749638    0.022356   -0.080366    0.000000       -1.414009        1.000000   21.052236    7.468459    0.428651    6.524256
    0.745098    0.748032    0.028089   -0.099577    0.000000       -1.435892        1.000000   21.352865    7.581114    0.428651    6.524256
    0.754902    0.746016    0.035189   -0.123217    0.000000       -1.462840        1.000000   21.652684    7.693207    0.428651    6.524256
    0.764706    0.743496    0.043964   -0.152134    0.000000       -1.495833        1.000000   21.951490    7.804591    0.428651    6.524256
    0.774510    0.740351    0.054783   -0.187246    0.000000       -1.535931        1.000000   22.249032    7.915085    0.428651    6.524256
    0.784314    0.736439    0.068070   -0.229489    0.000000       -1.584231        1.000000   22.545001    8.024462    0.428651    6.524256
    0.794118    0.731587    0.084312   -0.279754    0.000000       -1.641790        1.000000   22.839021    8.132440    0.428651    6.524256
    0.803922    0.725592    0.104045   -0.338786    0.000000       -1.709518        1.000000   23.130632    8.238671    0.428651    6.524256
    0.813725    0.718216    0.127849   -0.407058    0.000000       -1.788034        1.000000   23.419278    8.342730    0.428651    6.524256
    0.823529    0.709184    0.156317   -0.484624    0.000000       -1.877502        1.000000   23.704294    8.444101    0.428651    6.524256
    0.833333    0.698192    0.190033   -0.570982    0.000000       -1.977468        1.000000   23.984893    8.542173    0.428651    6.524256
    0.843137    0.684905    0.229524   -0.664968    0.000000       -2.086735        1.000000   24.260152    8.636232    0.428651    6.524256
    0.852941    0.668967    0.275224   -0.764733    0.000000       -2.203316        1.000000   24.529005    8.725473    0.428651    6.524256
    0.862745    0.650020    0.327425   -0.867830    0.000000       -2.324514        1.000000   24.790244    8.809017    0.428651    6.524256
    0.872549    0.627713    0.386253   -0.971407    0.000000       -2.447126        1.000000   25.042517    8.885960    0.428651    6.524256
    0.882353    0.601729    0.451641   -1.072506    0.000000       -2.567752        1.000000   25.284348    8.955428    0.428651    6.524256
    0.892157    0.571803    0.523343   -1.168371    0.000000       -2.683148        1.000000   25.514151    9.016660    0.428651    6.524256
    0.901961    0.537744    0.600946   -1.256730    0.000000       -2.790546        1.000000   25.730267    9.069100    0.428651    6.524256
    0.911765    0.499454    0.683917   -1.335962    0.000000       -2.887866        1.000000   25.930994    9.112482    0.428651    6.524256
    0.921569    0.456936    0.771637   -1.405157    0.000000       -2.973802        1.000000   26.114634    9.146904    0.428651    6.524256
    0.931373    0.410307    0.863454   -1.464048    0.000000       -3.047781        1.000000   26.279533    9.172859    0.428651    6.524256
    0.941176    0.359794    0.958713   -1.512877    0.000000       -3.109828        1.000000   26.424132    9.191222    0.428651    6.524256
    0.950980    0.305734    1.056789   -1.552234    0.000000       -3.160402        1.000000   26.547004    9.203195    0.428651    6.524256
    0.960784    0.248558    1.157099   -1.582889    0.000000       -3.200210        1.000000   26.646898    9.210183    0.428651    6.524256
    0.970588    0.188784    1.259114   -1.605659    0.000000       -3.230056        1.000000   26.722769    9.213661    0.428651    6.524256
    0.980392    0.127000    1.362354   -1.621297    0.000000       -3.250711        1.000000   26.773809    9.215000    0.428651    6.524256
    0.990196    0.063847    1.466382   -1.630410    0.000000       -3.262817        1.000000   26.799469    9.215317    0.428651    6.524256
    1.000000    0.000000    1.570796   -1.633401    0.000000       -3.266801        1.000000   26.799469    9.215338    0.428651    6.524256
