           t           r         psi          cs          qs               p             sig           A           V          Q2           S
    0.000000    0.000000   -1.570796   -1.002129    0.000000       -2.004259        1.000000    0.000000    0.000000    0.010115    3.131548
    0.009804    0.030697   -1.540030   -1.002130    0.000000       -2.004259        1.000000    0.000000    0.000001    0.010115    3.131548
    0.019608    0.061364   -1.509263   -1.002130    0.000000       -2.004260        1.000000    0.011837    0.000011    0.010115    3.131548
    0.029412    0.091974   -1.478496   -1.002131    0.000000       -2.004261        1.000000    0.029579    0.000056    0.010115    3.131548
    0.039216    0.122496   -1.447729   -1.002132    0.000000       -2.004263        1.000000    0.053209    0.000178    0.010115    3.131548
    0.049020    0.152902   -1.416962   -1.002134    0.000000       -2.004265        1.000000    0.082704    0.000434    0.010115    3.131548
    0.058824    0.183164   -1.386195   -1.002136    0.000000       -2.004267        1.000000    0.118037    0.000896    0.010115    3.131548
    0.068627    0.213253   -1.355428   -1.002138    0.000000       -2.004271        1.000000    0.159174    0.001653    0.010115    3.131548
    0.078431    0.243139   -1.324661   -1.002141    0.000000       -2.004274        1.000000    0.206077    0.002807    0.010115    3.131548
    0.088235    0.272795   -1.293894   -1.002145    0.000000       -2.004279        1.000000    0.258700    0.004472    0.010115    3.131548
    0.098039    0.302194   -1.263126   -1.002149    0.000000       -2.004284        1.000000    0.316994    0.006776    0.010115    3.131548
    0.107843    0.331306   -1.232359   -1.002154    0.000000       -2.004291        1.000000    0.380904    0.009854    0.010115    3.131548
    0.117647    0.360104   -1.201591   -1.002159    0.000000       -2.004298        1.000000    0.450369    0.013856    0.010115    3.131548
    0.127451    0.388562   -1.170823   -1.002166    0.000000       -2.004306        1.000000    0.525323    0.018934    0.010115    3.131548
    0.137255    0.416652   -1.140055   -1.002173    0.000000       -2.004315        1.000000    0.605697    0.025251    0.010115    3.131548
    0.147059    0.444347   -1.109287   -1.002182    0.000000       -2.004326        1.000000    0.691413    0.032973    0.010115    3.131548
    0.156863    0.471622   -1.078518   -1.002191    0.000000       -2.004338        1.000000    0.782390    0.042269    0.010115    3.131548
    0.166667    0.498451   -1.047749   -1.002203    0.000000       -2.004352        1.000000    0.878542    0.053309    0.010115    3.131548
    0.176471    0.524807   -1.016980   -1.002216    0.000000       -2.004368        1.000000    0.979779    0.066266    0.010115    3.131548
    0.186275    0.550667   -0.986210   -1.002231    0.000000       -2.004387        1.000000    1.086005    0.081308    0.010115    3.131548
    0.196078    0.576005   -0.955440   -1.002249    0.000000       -2.004408        1.000000    1.197118    0.098601    0.010115    3.131548
    0.205882    0.600799   -0.924669   -1.002269    0.000000       -2.004432        1.000000    1.313013    0.118306    0.010115    3.131548
    0.215686    0.625023   -0.893898   -1.002293    0.000000       -2.004461        1.000000    1.433582    0.140575    0.010115    3.131548
    0.225490    0.648656   -0.863126   -1.002320    0.000000       -2.004493        1.000000    1.558710    0.165555    0.010115    3.131548
    0.235294    0.671674   -0.832353   -1.002353    0.000000       -2.004532        1.000000    1.688278    0.193381    0.010115    3.131548
    0.245098    0.694057   -0.801578   -1.002391    0.000000       -2.004576        1.000000    1.822163    0.224176    0.010115    3.131548
    0.254902    0.715783   -0.770803   -1.002436    0.000000       -2.004628        1.000000    1.960240    0.258051    0.010115    3.131548
    0.264706    0.736831   -0.740026   -1.002490    0.000000       -2.004690        1.000000    2.102377    0.295104    0.010115    3.131548
    0.274510    0.757181   -0.709247   -1.002555    0.000000       -2.004763        1.000000    2.248439    0.335414    0.010115    3.131548
    0.284314    0.776814   -0.678466   -1.002632    0.000000       -2.004850        1.000000    2.398289    0.379048    0.010115    3.131548
    0.294118    0.795711   -0.647682   -1.002726    0.000000       -2.004955        1.000000    2.551783    0.426053    0.010115    3.131548
    0.303922    0.813854   -0.616895   -1.002841    0.000000       -2.005082        1.000000    2.708778    0.476458    0.010115    3.131548
    0.313725    0.831227   -0.586105   -1.002981    0.000000       -2.005237        1.000000    2.869124    0.530273    0.010115    3.131548
    0.323529    0.847812   -0.555309   -1.003156    0.000000       -2.005427        1.000000    3.032670    0.587491    0.010115    3.131548
    0.333333    0.863594   -0.524507   -1.003376    0.000000       -2.005665        1.000000    3.199260    0.648081    0.010115    3.131548
    0.343137    0.878557   -0.493698   -1.003654    0.000000       -2.005964        1.000000    3.368736    0.711997    0.010115    3.131548
    0.352941    0.892687   -0.462879   -1.004012    0.000000       -2.006346        1.000000    3.540938    0.779170    0.010115    3.131548
    0.362745    0.905971   -0.432048   -1.004478    0.000000       -2.006839        1.000000    3.715702    0.849511    0.010115    3.131548
    0.372549    0.918394   -0.401200   -1.005094    0.000000       -2.007488        1.000000    3.892863    0.922913    0.010115    3.131548
    0.382353    0.929946   -0.370330   -1.005924    0.000000       -2.008356        1.000000    4.072252    0.999249    0.010115    3.131548
    0.392157    0.940614   -0.339430   -1.007064    0.000000       -2.009542        1.000000    4.253699    1.078375    0.010115    3.131548
    0.401961    0.950386   -0.308489   -1.008666    0.000000       -2.011199        1.000000    4.437032    1.160126    0.010115    3.131548
    0.411765    0.959253   -0.277488   -1.010976    0.000000       -2.013575        1.000000    4.622074    1.244323    0.010115    3.131548
    0.421569    0.967204   -0.246401   -1.014401    0.000000       -2.017082        1.000000    4.808651    1.330771    0.010115    3.131548
    0.431373    0.974227   -0.215183   -1.019636    0.000000       -2.022418        1.000000    4.996582    1.419258    0.010115    3.131548
    0.441176    0.980310   -0.183761   -1.027882    0.000000       -2.030792        1.000000    5.185686    1.509559    0.010115    3.131548
    0.450980    0.985442   -0.152017   -1.041151    0.000000       -2.044222        1.000000    5.375781    1.601436    0.010115    3.131548
    0.460784    0.989602   -0.119751   -1.062264    0.000000       -2.065534        1.000000    5.566678    1.694640    0.010115    3.131548
    0.470588    0.992768   -0.086698   -1.091893    0.000000       -2.095395        1.000000    5.758186    1.788905    0.010115    3.131548
    0.480392    0.994909   -0.052774   -1.113169    0.000000       -2.116887        1.000000    5.950107    1.883952    0.010115    3.131548
    0.490196    0.996007   -0.019022   -1.069321    0.000000       -2.073148        1.000000    6.142239    1.979480    0.010115    3.131548
    0.500000    0.996104    0.012077   -0.953726    0.000000       -1.957564        1.000000    6.334391    2.075183    0.010115    3.131548
    0.509804    0.995298    0.040111   -0.888074    0.000000       -1.891990        1.000000    6.526386    2.170784    0.010115    3.131548
    0.519608    0.993649    0.067398   -0.897295    0.000000       -1.901401        1.000000    6.718064    2.266046    0.010115    3.131548
    0.529412    0.991156    0.095411   -0.927856    0.000000       -1.932190        1.000000    6.909261    2.360734    0.010115    3.131548
    0.539216    0.987791    0.124315   -0.953627    0.000000       -1.958174        1.000000    7.099809    2.454608    0.010115    3.131548
    0.549020    0.983536    0.153879   -0.971044    0.000000       -1.975769        1.000000    7.289536    2.547420    0.010115    3.131548
    0.558824    0.978377    0.183876   -0.982203    0.000000       -1.987074        1.000000    7.478268    2.638924    0.010115    3.131548
    0.568627    0.972308    0.214148   -0.989355    0.000000       -1.994343        1.000000    7.665829    2.728879    0.010115    3.131548
    0.578431    0.965328    0.244600   -0.994026    0.000000       -1.999108        1.000000    7.852043    2.817050    0.010115    3.131548
    0.588235    0.957440    0.275169   -0.997154    0.000000       -2.002313        1.000000    8.036736    2.903214    0.010115    3.131548
    0.598039    0.948646    0.305818   -0.999302    0.000000       -2.004525        1.000000    8.219733    2.987161    0.010115    3.131548
    0.607843    0.938955    0.336522   -1.000815    0.000000       -2.006090        1.000000    8.400860    3.068695    0.010115    3.131548
    0.617647    0.928374    0.367267   -1.001903    0.000000       -2.007223        1.000000    8.579946    3.147635    0.010115    3.131548
    0.627451    0.916911    0.398039   -1.002703    0.000000       -2.008060        1.000000    8.756821    3.223815    0.010115    3.131548
    0.637255    0.904577    0.428833   -1.003301    0.000000       -2.008690        1.000000    8.931316    3.297088    0.010115    3.131548
    0.647059    0.891383    0.459643   -1.003755    0.000000       -2.009172        1.000000    9.103266    3.367327    0.010115    3.131548
    0.656863    0.877341    0.490466   -1.004106    0.000000       -2.009546        1.000000    9.272508    3.434420    0.010115    3.131548
    0.666667    0.862464    0.521298   -1.004380    0.000000       -2.009841        1.000000    9.438880    3.498278    0.010115    3.131548
    0.676471    0.846767    0.552137   -1.004597    0.000000       -2.010075        1.000000    9.602223    3.558830    0.010115    3.131548
    0.686275    0.830263    0.582982   -1.004770    0.000000       -2.010264        1.000000    9.762383    3.616026    0.010115    3.131548
    0.696078    0.812969    0.613832   -1.004910    0.000000       -2.010418        1.000000    9.919207    3.669834    0.010115    3.131548
    0.705882    0.794900    0.644686   -1.005024    0.000000       -2.010544        1.000000   10.072546    3.720244    0.010115    3.131548
    0.715686    0.776074    0.675544   -1.005117    0.000000       -2.010648        1.000000   10.222253    3.767265    0.010115    3.131548
    0.725490    0.756510    0.706403   -1.005194    0.000000       -2.010735        1.000000   10.368186    3.810923    0.010115    3.131548
    0.735294    0.736224    0.737265   -1.005259    0.000000       -2.010808        1.000000   10.510206    3.851264    0.010115    3.131548
    0.745098    0.715237    0.768129   -1.005312    0.000000       -2.010870        1.000000   10.648177    3.888352    0.010115    3.131548
    0.754902    0.693569    0.798994   -1.005358    0.000000       -2.010922        1.000000   10.781968    3.922267    0.010115    3.131548
    0.764706    0.671239    0.829861   -1.005396    0.000000       -2.010966        1.000000   10.911452    3.953103    0.010115    3.131548
    0.774510    0.648270    0.860728   -1.005428    0.000000       -2.011004        1.000000   11.036506    3.980971    0.010115    3.131548
    0.784314    0.624684    0.891597   -1.005456    0.000000       -2.011037        1.000000   11.157009    4.005993    0.010115    3.131548
    0.794118    0.600502    0.922466   -1.005480    0.000000       -2.011065        1.000000   11.272847    4.028304    0.010115    3.131548
    0.803922    0.575748    0.953336   -1.005500    0.000000       -2.011090        1.000000   11.383911    4.048048    0.010115    3.131548
    0.813725    0.550445    0.984207   -1.005518    0.000000       -2.011111        1.000000   11.490093    4.065378    0.010115    3.131548
    0.823529    0.524618    1.015078   -1.005533    0.000000       -2.011130        1.000000   11.591293    4.080454    0.010115    3.131548
    0.833333    0.498290    1.045950   -1.005546    0.000000       -2.011146        1.000000   11.687415    4.093442    0.010115    3.131548
    0.843137    0.471488    1.076821   -1.005558    0.000000       -2.011160        1.000000   11.778366    4.104511    0.010115    3.131548
    0.852941    0.444236    1.107694   -1.005567    0.000000       -2.011172        1.000000   11.864061    4.113831    0.010115    3.131548
    0.862745    0.416561    1.138566   -1.005576    0.000000       -2.011183        1.000000   11.944417    4.121574    0.010115    3.131548
    0.872549    0.388489    1.169439   -1.005583    0.000000       -2.011192        1.000000   12.019357    4.127909    0.010115    3.131548
    0.882353    0.360047    1.200312   -1.005590    0.000000       -2.011201        1.000000   12.088812    4.133003    0.010115    3.131548
    0.892157    0.331261    1.231185   -1.005595    0.000000       -2.011208        1.000000   12.152713    4.137016    0.010115    3.131548
    0.901961    0.302160    1.262058   -1.005600    0.000000       -2.011214        1.000000   12.211000    4.140105    0.010115    3.131548
    0.911765    0.272771    1.292932   -1.005604    0.000000       -2.011219        1.000000   12.263619    4.142415    0.010115    3.131548
    0.921569    0.243122    1.323805   -1.005608    0.000000       -2.011224        1.000000   12.310518    4.144086    0.010115    3.131548
    0.931373    0.213241    1.354679   -1.005611    0.000000       -2.011228        1.000000   12.351652    4.145244    0.010115    3.131548
    0.941176    0.183157    1.385553   -1.005613    0.000000       -2.011231        1.000000   12.386984    4.146003    0.010115    3.131548
    0.950980    0.152898    1.416427   -1.005615    0.000000       -2.011234        1.000000   12.416478    4.146467    0.010115    3.131548
    0.960784    0.122494    1.447301   -1.005617    0.000000       -2.011236        1.000000   12.440108    4.146724    0.010115    3.131548
    0.970588    0.091973    1.478174   -1.005618    0.000000       -2.011237        1.000000   12.457850    4.146846    0.010115    3.131548
    0.980392    0.061364    1.509048   -1.005619    0.000000       -2.011239        1.000000   12.469687    4.146891    0.010115    3.131548
    0.990196    0.030697    1.539922   -1.005620    0.000000       -2.011239        1.000000   12.475608    4.146902    0.010115    3.131548
    1.000000    0.000000    1.570796   -1.005620    0.000000       -2.011240        1.000000   12.475608    4.146902    0.010115    3.131548
