           t           r         psi          cs          qs               p             sig           A           V          Q2           S
    0.000000    0.000000   -1.570796   -1.000456    0.000000       -2.000912        1.000000    0.000000    0.000000    0.017580    3.134495
    0.009804    0.030725   -1.540052   -1.000457    0.000000       -2.000914        1.000000    0.000000    0.000001    0.017580    3.134495
    0.019608    0.061422   -1.509308   -1.000460    0.000000       -2.000917        1.000000    0.011860    0.000011    0.017580    3.134495
    0.029412    0.092060   -1.478563   -1.000464    0.000000       -2.000923        1.000000    0.029635    0.000057    0.017580    3.134495
    0.039216    0.122612   -1.447818   -1.000471    0.000000       -2.000932        1.000000    0.053309    0.000178    0.017580    3.134495
    0.049020    0.153047   -1.417073   -1.000479    0.000000       -2.000943        1.000000    0.082861    0.000435    0.017580    3.134495
    0.058824    0.183338   -1.386328   -1.000490    0.000000       -2.000957        1.000000    0.118260    0.000898    0.017580    3.134495
    0.068627    0.213456   -1.355583   -1.000503    0.000000       -2.000974        1.000000    0.159475    0.001657    0.017580    3.134495
    0.078431    0.243371   -1.324837   -1.000519    0.000000       -2.000995        1.000000    0.206466    0.002813    0.017580    3.134495
    0.088235    0.273057   -1.294090   -1.000537    0.000000       -2.001019        1.000000    0.259190    0.004482    0.017580    3.134495
    0.098039    0.302485   -1.263343   -1.000559    0.000000       -2.001047        1.000000    0.317595    0.006790    0.017580    3.134495
    0.107843    0.331627   -1.232595   -1.000584    0.000000       -2.001080        1.000000    0.381627    0.009876    0.017580    3.134495
    0.117647    0.360455   -1.201846   -1.000614    0.000000       -2.001117        1.000000    0.451225    0.013886    0.017580    3.134495
    0.127451    0.388942   -1.171096   -1.000648    0.000000       -2.001161        1.000000    0.526324    0.018976    0.017580    3.134495
    0.137255    0.417062   -1.140346   -1.000687    0.000000       -2.001210        1.000000    0.606852    0.025307    0.017580    3.134495
    0.147059    0.444788   -1.109593   -1.000732    0.000000       -2.001267        1.000000    0.692733    0.033047    0.017580    3.134495
    0.156863    0.472093   -1.078840   -1.000784    0.000000       -2.001332        1.000000    0.783887    0.042364    0.017580    3.134495
    0.166667    0.498951   -1.048085   -1.000844    0.000000       -2.001406        1.000000    0.880227    0.053431    0.017580    3.134495
    0.176471    0.525338   -1.017327   -1.000913    0.000000       -2.001491        1.000000    0.981661    0.066418    0.017580    3.134495
    0.186275    0.551228   -0.986568   -1.000994    0.000000       -2.001589        1.000000    1.088095    0.081497    0.017580    3.134495
    0.196078    0.576597   -0.955805   -1.001086    0.000000       -2.001701        1.000000    1.199427    0.098832    0.017580    3.134495
    0.205882    0.601420   -0.925040   -1.001194    0.000000       -2.001831        1.000000    1.315551    0.118586    0.017580    3.134495
    0.215686    0.625674   -0.894271   -1.001319    0.000000       -2.001980        1.000000    1.436359    0.140912    0.017580    3.134495
    0.225490    0.649336   -0.863498   -1.001466    0.000000       -2.002153        1.000000    1.561736    0.165957    0.017580    3.134495
    0.235294    0.672384   -0.832720   -1.001638    0.000000       -2.002354        1.000000    1.691563    0.193856    0.017580    3.134495
    0.245098    0.694795   -0.801936   -1.001840    0.000000       -2.002589        1.000000    1.825717    0.224733    0.017580    3.134495
    0.254902    0.716549   -0.771146   -1.002079    0.000000       -2.002865        1.000000    1.964071    0.258701    0.017580    3.134495
    0.264706    0.737624   -0.740348   -1.002363    0.000000       -2.003190        1.000000    2.106495    0.295856    0.017580    3.134495
    0.274510    0.758000   -0.709539   -1.002702    0.000000       -2.003575        1.000000    2.252853    0.336281    0.017580    3.134495
    0.284314    0.777658   -0.678720   -1.003111    0.000000       -2.004035        1.000000    2.403007    0.380041    0.017580    3.134495
    0.294118    0.796579   -0.647887   -1.003605    0.000000       -2.004587        1.000000    2.556814    0.427184    0.017580    3.134495
    0.303922    0.814744   -0.617037   -1.004208    0.000000       -2.005254        1.000000    2.714128    0.477740    0.017580    3.134495
    0.313725    0.832136   -0.586166   -1.004949    0.000000       -2.006069        1.000000    2.874801    0.531720    0.017580    3.134495
    0.323529    0.848737   -0.555270   -1.005868    0.000000       -2.007071        1.000000    3.038679    0.589116    0.017580    3.134495
    0.333333    0.864531   -0.524342   -1.007019    0.000000       -2.008318        1.000000    3.205606    0.649899    0.017580    3.134495
    0.343137    0.879501   -0.493375   -1.008476    0.000000       -2.009884        1.000000    3.375424    0.714022    0.017580    3.134495
    0.352941    0.893633   -0.462357   -1.010344    0.000000       -2.011878        1.000000    3.547971    0.781416    0.017580    3.134495
    0.362745    0.906911   -0.431273   -1.012769    0.000000       -2.014449        1.000000    3.723081    0.851993    0.017580    3.134495
    0.372549    0.919321   -0.400103   -1.015965    0.000000       -2.017814        1.000000    3.900588    0.925645    0.017580    3.134495
    0.382353    0.930846   -0.368820   -1.020245    0.000000       -2.022294        1.000000    4.080319    1.002245    0.017580    3.134495
    0.392157    0.941473   -0.337382   -1.026078    0.000000       -2.028363        1.000000    4.262103    1.081645    0.017580    3.134495
    0.401961    0.951185   -0.305733   -1.034180    0.000000       -2.036747        1.000000    4.445762    1.163683    0.017580    3.134495
    0.411765    0.959966   -0.273787   -1.045655    0.000000       -2.048559        1.000000    4.631117    1.248174    0.017580    3.134495
    0.421569    0.967796   -0.241415   -1.062198    0.000000       -2.065509        1.000000    4.817983    1.334920    0.017580    3.134495
    0.431373    0.974651   -0.208426   -1.086326    0.000000       -2.090129        1.000000    5.006173    1.423703    0.017580    3.134495
    0.441176    0.980502   -0.174537   -1.121287    0.000000       -2.125678        1.000000    5.195493    1.514289    0.017580    3.134495
    0.450980    0.985309   -0.139376   -1.169159    0.000000       -2.174227        1.000000    5.385741    1.606423    0.017580    3.134495
    0.460784    0.989022   -0.102615   -1.222398    0.000000       -2.228179        1.000000    5.576705    1.699826    0.017580    3.134495
    0.470588    0.991590   -0.064568   -1.242453    0.000000       -2.248834        1.000000    5.768166    1.794188    0.017580    3.134495
    0.480392    0.992995   -0.027374   -1.155215    0.000000       -2.161892        1.000000    5.959898    1.889161    0.017580    3.134495
    0.490196    0.993319    0.005228   -0.957003    0.000000       -1.963715        1.000000    6.151692    1.984393    0.017580    3.134495
    0.500000    0.992738    0.031717   -0.782716    0.000000       -1.789525        1.000000    6.343375    2.079587    0.017580    3.134495
    0.509804    0.991408    0.054524   -0.720040    0.000000       -1.727207        1.000000    6.534800    2.174525    0.017580    3.134495
    0.519608    0.989393    0.076827   -0.740535    0.000000       -1.748274        1.000000    6.725836    2.269027    0.017580    3.134495
    0.529412    0.986679    0.100348   -0.792186    0.000000       -1.800589        1.000000    6.916349    2.362914    0.017580    3.134495
    0.539216    0.983220    0.125520   -0.844990    0.000000       -1.854055        1.000000    7.106193    2.455987    0.017580    3.134495
    0.549020    0.978970    0.152182   -0.888407    0.000000       -1.898083        1.000000    7.295217    2.548031    0.017580    3.134495
    0.558824    0.973892    0.180012   -0.921159    0.000000       -1.931375        1.000000    7.483260    2.638821    0.017580    3.134495
    0.568627    0.967959    0.208706   -0.945017    0.000000       -1.955700        1.000000    7.670158    2.728130    0.017580    3.134495
    0.578431    0.961153    0.238026   -0.962215    0.000000       -1.973298        1.000000    7.855742    2.815730    0.017580    3.134495
    0.588235    0.953465    0.267796   -0.974637    0.000000       -1.986060        1.000000    8.039841    2.901403    0.017580    3.134495
    0.598039    0.944890    0.297893   -0.983683    0.000000       -1.995396        1.000000    8.222285    2.984938    0.017580    3.134495
    0.607843    0.935426    0.328229   -0.990346    0.000000       -2.002306        1.000000    8.402901    3.066135    0.017580    3.134495
    0.617647    0.925078    0.358743   -0.995314    0.000000       -2.007487        1.000000    8.581519    3.144812    0.017580    3.134495
    0.627451    0.913850    0.389390   -0.999068    0.000000       -2.011424        1.000000    8.757969    3.220798    0.017580    3.134495
    0.637255    0.901749    0.420137   -1.001939    0.000000       -2.014452        1.000000    8.932083    3.293942    0.017580    3.134495
    0.647059    0.888784    0.450963   -1.004161    0.000000       -2.016812        1.000000    9.103693    3.364109    0.017580    3.134495
    0.656863    0.874966    0.481849   -1.005901    0.000000       -2.018671        1.000000    9.272635    3.431183    0.017580    3.134495
    0.666667    0.860306    0.512783   -1.007277    0.000000       -2.020152        1.000000    9.438747    3.495068    0.017580    3.134495
    0.676471    0.844818    0.543754   -1.008375    0.000000       -2.021343        1.000000    9.601868    3.555687    0.017580    3.134495
    0.686275    0.828514    0.574756   -1.009261    0.000000       -2.022310        1.000000    9.761841    3.612984    0.017580    3.134495
    0.696078    0.811411    0.605782   -1.009981    0.000000       -2.023101        1.000000    9.918512    3.666923    0.017580    3.134495
    0.705882    0.793524    0.636829   -1.010570    0.000000       -2.023755        1.000000   10.071729    3.717486    0.017580    3.134495
    0.715686    0.774869    0.667891   -1.011056    0.000000       -2.024297        1.000000   10.221344    3.764677    0.017580    3.134495
    0.725490    0.755465    0.698968   -1.011459    0.000000       -2.024751        1.000000   10.367213    3.808518    0.017580    3.134495
    0.735294    0.735330    0.730056   -1.011796    0.000000       -2.025134        1.000000   10.509193    3.849051    0.017580    3.134495
    0.745098    0.714483    0.761153   -1.012079    0.000000       -2.025457        1.000000   10.647149    3.886335    0.017580    3.134495
    0.754902    0.692944    0.792258   -1.012317    0.000000       -2.025732        1.000000   10.780945    3.920446    0.017580    3.134495
    0.764706    0.670733    0.823370   -1.012520    0.000000       -2.025967        1.000000   10.910454    3.951475    0.017580    3.134495
    0.774510    0.647873    0.854488   -1.012692    0.000000       -2.026169        1.000000   11.035548    3.979531    0.017580    3.134495
    0.784314    0.624385    0.885611   -1.012839    0.000000       -2.026343        1.000000   11.156107    4.004732    0.017580    3.134495
    0.794118    0.600292    0.916738   -1.012965    0.000000       -2.026493        1.000000   11.272014    4.027212    0.017580    3.134495
    0.803922    0.575616    0.947868   -1.013073    0.000000       -2.026623        1.000000   11.383156    4.047114    0.017580    3.134495
    0.813725    0.550383    0.979002   -1.013167    0.000000       -2.026736        1.000000   11.489427    4.064588    0.017580    3.134495
    0.823529    0.524616    1.010138   -1.013248    0.000000       -2.026835        1.000000   11.590722    4.079796    0.017580    3.134495
    0.833333    0.498340    1.041277   -1.013318    0.000000       -2.026921        1.000000   11.686943    4.092902    0.017580    3.134495
    0.843137    0.471581    1.072417   -1.013378    0.000000       -2.026996        1.000000   11.777998    4.104074    0.017580    3.134495
    0.852941    0.444364    1.103559   -1.013431    0.000000       -2.027061        1.000000   11.863798    4.113484    0.017580    3.134495
    0.862745    0.416717    1.134703   -1.013477    0.000000       -2.027119        1.000000   11.944260    4.121304    0.017580    3.134495
    0.872549    0.388665    1.165848   -1.013516    0.000000       -2.027169        1.000000   12.019305    4.127703    0.017580    3.134495
    0.882353    0.360236    1.196995   -1.013551    0.000000       -2.027213        1.000000   12.088861    4.132850    0.017580    3.134495
    0.892157    0.331457    1.228142   -1.013580    0.000000       -2.027251        1.000000   12.152860    4.136906    0.017580    3.134495
    0.901961    0.302357    1.259290   -1.013606    0.000000       -2.027284        1.000000   12.211240    4.140028    0.017580    3.134495
    0.911765    0.272964    1.290439   -1.013628    0.000000       -2.027312        1.000000   12.263945    4.142364    0.017580    3.134495
    0.921569    0.243306    1.321588   -1.013647    0.000000       -2.027337        1.000000   12.310924    4.144054    0.017580    3.134495
    0.931373    0.213412    1.352738   -1.013663    0.000000       -2.027358        1.000000   12.352130    4.145224    0.017580    3.134495
    0.941176    0.183310    1.383888   -1.013676    0.000000       -2.027375        1.000000   12.387525    4.145993    0.017580    3.134495
    0.950980    0.153031    1.415039   -1.013687    0.000000       -2.027389        1.000000   12.417073    4.146462    0.017580    3.134495
    0.960784    0.122604    1.446190   -1.013695    0.000000       -2.027401        1.000000   12.440746    4.146721    0.017580    3.134495
    0.970588    0.092057    1.477342   -1.013702    0.000000       -2.027409        1.000000   12.458520    4.146845    0.017580    3.134495
    0.980392    0.061421    1.508493   -1.013707    0.000000       -2.027416        1.000000   12.470380    4.146891    0.017580    3.134495
    0.990196    0.030725    1.539645   -1.013709    0.000000       -2.027419        1.000000   12.476312    4.146902    0.017580    3.134495
    1.000000    0.000000    1.570796   -1.013710    0.000000       -2.027420        1.000000   12.476312    4.146902    0.017580    3.134495
