           t           r         psi          cs          qs               p             sig           A           V          Q2           S
    0.000000   -0.000000   -1.570796   -2.194516    0.000000       -4.389032        1.000000    0.000000   -0.000000    0.905676   14.545372
    0.009804    0.140100   -1.237462   -2.613870    0.000000       -4.949319        1.000000    0.000000    0.000718    0.905676   14.545372
    0.019608    0.261427   -0.802690   -3.461324    0.000000       -6.118953        1.000000    0.234236    0.011145    0.905676   14.545372
    0.029412    0.335144   -0.301149   -3.270608    0.000000       -6.120118        1.000000    0.534523    0.046543    0.905676   14.545372
    0.039216    0.349651    0.056125   -1.622871    0.000000       -4.478360        1.000000    0.847808    0.099824    0.905676   14.545372
    0.049020    0.330990    0.169905   -0.092972    0.000000       -3.070712        1.000000    1.144372    0.151655    0.905676   14.545372
    0.058824    0.308984    0.123590    0.600151    0.000000       -2.611577        1.000000    1.421220    0.196825    0.905676   14.545372
    0.068627    0.297875    0.033101    0.579159    0.000000       -2.776118        1.000000    1.688114    0.237641    0.905676   14.545372
    0.078431    0.297994   -0.026580    0.241066    0.000000       -3.113524        1.000000    1.955114    0.277211    0.905676   14.545372
    0.088235    0.303120   -0.038409   -0.047862    0.000000       -3.344457        1.000000    2.226707    0.317619    0.905676   14.545372
    0.098039    0.307607   -0.022159   -0.149103    0.000000       -3.399205        1.000000    2.502320    0.359427    0.905676   14.545372
    0.107843    0.309305   -0.002619   -0.110154    0.000000       -3.343201        1.000000    2.779455    0.402113    0.905676   14.545372
    0.117647    0.308826    0.007437   -0.031459    0.000000       -3.269439        1.000000    3.056161    0.444939    0.905676   14.545372
    0.127451    0.307658    0.007699    0.020794    0.000000       -3.229473        1.000000    3.331820    0.487504    0.905676   14.545372
    0.137255    0.306841    0.003496    0.032221    0.000000       -3.226778        1.000000    3.606747    0.529781    0.905676   14.545372
    0.147059    0.306637   -0.000324    0.019201    0.000000       -3.241979        1.000000    3.881492    0.571919    0.905676   14.545372
    0.156863    0.306819   -0.001832    0.002670    0.000000       -3.256570        1.000000    4.156400    0.614063    0.905676   14.545372
    0.166667    0.307070   -0.001471   -0.006135    0.000000       -3.262719        1.000000    4.431533    0.656272    0.905676   14.545372
    0.176471    0.307210   -0.000487   -0.006584    0.000000       -3.261686        1.000000    4.706791    0.698537    0.905676   14.545372
    0.186275    0.307223    0.000221   -0.003091    0.000000       -3.258056        1.000000    4.982060    0.740822    0.905676   14.545372
    0.196078    0.307172    0.000409    0.000184    0.000000       -3.255315        1.000000    5.257285    0.783101    0.905676   14.545372
    0.205882    0.307122    0.000263    0.001528    0.000000       -3.254504        1.000000    5.532464    0.825364    0.905676   14.545372
    0.215686    0.307100    0.000051    0.001265    0.000000       -3.255000        1.000000    5.807624    0.867617    0.905676   14.545372
    0.225490    0.307103   -0.000071    0.000439    0.000000       -3.255795        1.000000    6.082786    0.909868    0.905676   14.545372
    0.235294    0.307115   -0.000085   -0.000172    0.000000       -3.256277        1.000000    6.357959    0.952121    0.905676   14.545372
    0.245098    0.307125   -0.000044   -0.000345    0.000000       -3.256350        1.000000    6.633141    0.994377    0.905676   14.545372
    0.254902    0.307128   -0.000001   -0.000228    0.000000       -3.256202        1.000000    6.908325    1.036635    0.905676   14.545372
    0.264706    0.307126    0.000019   -0.000049    0.000000       -3.256039        1.000000    7.183508    1.078894    0.905676   14.545372
    0.274510    0.307124    0.000017    0.000058    0.000000       -3.255960        1.000000    7.458689    1.121151    0.905676   14.545372
    0.284314    0.307122    0.000007    0.000073    0.000000       -3.255964        1.000000    7.733868    1.163408    0.905676   14.545372
    0.294118    0.307122   -0.000002    0.000038    0.000000       -3.256001        1.000000    8.009046    1.205665    0.905676   14.545372
    0.303922    0.307122   -0.000004    0.000002    0.000000       -3.256033        1.000000    8.284225    1.247922    0.905676   14.545372
    0.313725    0.307123   -0.000003   -0.000015    0.000000       -3.256044        1.000000    8.559405    1.290179    0.905676   14.545372
    0.323529    0.307123   -0.000001   -0.000014    0.000000       -3.256040        1.000000    8.834585    1.332436    0.905676   14.545372
    0.333333    0.307123    0.000001   -0.000006    0.000000       -3.256031        1.000000    9.109765    1.374693    0.905676   14.545372
    0.343137    0.307123    0.000001    0.000001    0.000000       -3.256026        1.000000    9.384945    1.416950    0.905676   14.545372
    0.352941    0.307123    0.000001    0.000004    0.000000       -3.256024        1.000000    9.660124    1.459207    0.905676   14.545372
    0.362745    0.307123    0.000000    0.000003    0.000000       -3.256026        1.000000    9.935304    1.501464    0.905676   14.545372
    0.372549    0.307123   -0.000000    0.000001    0.000000       -3.256027        1.000000   10.210484    1.543720    0.905676   14.545372
    0.382353    0.307123   -0.000000   -0.000001    0.000000       -3.256028        1.000000   10.485664    1.585977    0.905676   14.545372
    0.392157    0.307123   -0.000000   -0.000001    0.000000       -3.256028        1.000000   10.760843    1.628234    0.905676   14.545372
    0.401961    0.307123    0.000000   -0.000000    0.000000       -3.256028        1.000000   11.036023    1.670491    0.905676   14.545372
    0.411765    0.307123    0.000000   -0.000000    0.000000       -3.256028        1.000000   11.311203    1.712748    0.905676   14.545372
    0.421569    0.307123    0.000000    0.000000    0.000000       -3.256028        1.000000   11.586382    1.755005    0.905676   14.545372
    0.431373    0.307123    0.000000    0.000000    0.000000       -3.256028        1.000000   11.861562    1.797262    0.905676   14.545372
    0.441176    0.307123   -0.000000    0.000000    0.000000       -3.256028        1.000000   12.136742    1.839519    0.905676   14.545372
    0.450980    0.307123   -0.000000   -0.000000    0.000000       -3.256028        1.000000   12.411922    1.881776    0.905676   14.545372
    0.460784    0.307123   -0.000000   -0.000000    0.000000       -3.256028        1.000000   12.687101    1.924033    0.905676   14.545372
    0.470588    0.307123   -0.000000   -0.000000    0.000000       -3.256028        1.000000   12.962281    1.966290    0.905676   14.545372
    0.480392    0.307123    0.000000   -0.000000    0.000000       -3.256028        1.000000   13.237461    2.008547    0.905676   14.545372
    0.490196    0.307123    0.000000    0.000000    0.000000       -3.256028        1.000000   13.512640    2.050804    0.905676   14.545372
    0.500000    0.307123    0.000000    0.000000    0.000000       -3.256028        1.000000   13.787820    2.093061    0.905676   14.545372
    0.509804    0.307123    0.000000    0.000000    0.000000       -3.256028        1.000000   14.063000    2.135318    0.905676   14.545372
    0.519608    0.307123   -0.000000    0.000000    0.000000       -3.256028        1.000000   14.338180    2.177575    0.905676   14.545372
    0.529412    0.307123   -0.000000   -0.000000    0.000000       -3.256028        1.000000   14.613359    2.219832    0.905676   14.545372
    0.539216    0.307123   -0.000000   -0.000000    0.000000       -3.256028        1.000000   14.888539    2.262089    0.905676   14.545372
    0.549020    0.307123    0.000000   -0.000000    0.000000       -3.256028        1.000000   15.163719    2.304346    0.905676   14.545372
    0.558824    0.307123    0.000000   -0.000000    0.000000       -3.256028        1.000000   15.438899    2.346603    0.905676   14.545372
    0.568627    0.307123    0.000000    0.000000    0.000000       -3.256028        1.000000   15.714078    2.388860    0.905676   14.545372
    0.578431    0.307123    0.000000    0.000000    0.000000       -3.256028        1.000000   15.989258    2.431117    0.905676   14.545372
    0.588235    0.307123   -0.000000    0.000000    0.000000       -3.256028        1.000000   16.264438    2.473374    0.905676   14.545372
    0.598039    0.307123   -0.000000   -0.000000    0.000000       -3.256028        1.000000   16.539617    2.515631    0.905676   14.545372
    0.607843    0.307123   -0.000000   -0.000000    0.000000       -3.256028        1.000000   16.814797    2.557888    0.905676   14.545372
    0.617647    0.307123   -0.000000   -0.000000    0.000000       -3.256028        1.000000   17.089977    2.600145    0.905676   14.545372
    0.627451    0.307123    0.000000   -0.000000    0.000000       -3.256028        1.000000   17.365157    2.642402    0.905676   14.545372
    0.637255    0.307123    0.000000    0.000000    0.000000       -3.256028        1.000000   17.640336    2.684659    0.905676   14.545372
    0.647059    0.307123    0.000000    0.000000    0.000000       -3.256028        1.000000   17.915516    2.726916    0.905676   14.545372
    0.656863    0.307123    0.000000    0.000000    0.000000       -3.256028        1.000000   18.190696    2.769173    0.905676   14.545372
    0.666667    0.307123    0.000000   -0.000000    0.000000       -3.256028        1.000000   18.465875    2.811429    0.905676   14.545372
    0.676471    0.307123    0.000000   -0.000000    0.000000       -3.256028        1.000000   18.741055    2.853686    0.905676   14.545372
    0.686275    0.307123    0.000000   -0.000000    0.000000       -3.256028        1.000000   19.016235    2.895943    0.905676   14.545372
    0.696078    0.307123    0.000000   -0.000000    0.000000       -3.256028        1.000000   19.291415    2.938200    0.905676   14.545372
    0.705882    0.307123    0.000000   -0.000000    0.000000       -3.256028        1.000000   19.566594    2.980457    0.905676   14.545372
    0.715686    0.307123    0.000000   -0.000000    0.000000       -3.256028        1.000000   19.841774    3.022714    0.905676   14.545372
    0.725490    0.307123    0.000000   -0.000000    0.000000       -3.256028        1.000000   20.116954    3.064971    0.905676   14.545372
    0.735294    0.307123    0.000000   -0.000000    0.000000       -3.256028        1.000000   20.392134    3.107228    0.905676   14.545372
    0.745098    0.307123    0.000000   -0.000000    0.000000       -3.256028        1.000000   20.667313    3.149485    0.905676   14.545372
    0.754902    0.307123    0.000000   -0.000000    0.000000       -3.256028        1.000000   20.942493    3.191742    0.905676   14.545372
    0.764706    0.307123    0.000000   -0.000000    0.000000       -3.256028        1.000000   21.217673    3.233999    0.905676   14.545372
    0.774510    0.307123    0.000000   -0.000000    0.000000       -3.256028        1.000000   21.492852    3.276256    0.905676   14.545372
    0.784314    0.307123    0.000000   -0.000000    0.000000       -3.256028        1.000000   21.768032    3.318513    0.905676   14.545372
    0.794118    0.307123    0.000000   -0.000001    0.000000       -3.256028        1.000000   22.043212    3.360770    0.905676   14.545372
    0.803922    0.307123    0.000000   -0.000001    0.000000       -3.256029        1.000000   22.318392    3.403027    0.905676   14.545372
    0.813725    0.307123    0.000000   -0.000003    0.000000       -3.256031        1.000000   22.593571    3.445284    0.905676   14.545372
    0.823529    0.307122    0.000001   -0.000006    0.000000       -3.256036        1.000000   22.868751    3.487541    0.905676   14.545372
    0.833333    0.307122    0.000003   -0.000014    0.000000       -3.256047        1.000000   23.143930    3.529798    0.905676   14.545372
    0.843137    0.307122    0.000006   -0.000033    0.000000       -3.256071        1.000000   23.419109    3.572055    0.905676   14.545372
    0.852941    0.307120    0.000013   -0.000074    0.000000       -3.256125        1.000000   23.694287    3.614311    0.905676   14.545372
    0.862745    0.307118    0.000029   -0.000167    0.000000       -3.256248        1.000000   23.969462    3.656567    0.905676   14.545372
    0.872549    0.307111    0.000066   -0.000377    0.000000       -3.256527        1.000000   24.244631    3.698822    0.905676   14.545372
    0.882353    0.307097    0.000149   -0.000854    0.000000       -3.257158        1.000000   24.519788    3.741074    0.905676   14.545372
    0.892157    0.307064    0.000338   -0.001934    0.000000       -3.258586        1.000000   24.794914    3.783320    0.905676   14.545372
    0.901961    0.306989    0.000764   -0.004376    0.000000       -3.261818        1.000000   25.069975    3.825552    0.905676   14.545372
    0.911765    0.306821    0.001729   -0.009902    0.000000       -3.269128        1.000000   25.344884    3.867752    0.905676   14.545372
    0.921569    0.306440    0.003912   -0.022394    0.000000       -3.285656        1.000000   25.619452    3.909880    0.905676   14.545372
    0.931373    0.305577    0.008847   -0.050590    0.000000       -3.322958        1.000000   25.893246    3.951846    0.905676   14.545372
    0.941176    0.303628    0.019979   -0.113995    0.000000       -3.406839        1.000000   26.165295    3.993445    0.905676   14.545372
    0.950980    0.299234    0.044993   -0.255374    0.000000       -3.593863        1.000000   26.433406    4.034210    0.905676   14.545372
    0.960784    0.289377    0.100653   -0.564385    0.000000       -4.002594        1.000000   26.692686    4.073092    0.905676   14.545372
    0.970588    0.267574    0.221727   -1.207714    0.000000       -4.853506        1.000000   26.932430    4.107777    0.905676   14.545372
    0.980392    0.221165    0.471199   -2.391653    0.000000       -6.420434        1.000000   27.130592    4.133723    0.905676   14.545372
    0.990196    0.132390    0.924875   -3.977004    0.000000       -8.523664        1.000000   27.249213    4.145605    0.905676   14.545372
    1.000000    0.000000    1.570796   -4.828826    0.000000       -9.657652        1.000000   27.249213    4.146902    0.905676   14.545372
