           t           r         psi          cs          qs               p             sig           A           V          Q2           S
    0.000000    0.000000   -1.570796   -1.001121    0.000000       -2.002242        1.000000    0.000000    0.000000    0.267511    3.371802
    0.009804    0.033051   -1.537700   -1.001323    0.000000       -2.002512        1.000000    0.000000    0.000001    0.267511    3.371802
    0.019608    0.066065   -1.504591   -1.001934    0.000000       -2.003325        1.000000    0.013722    0.000015    0.267511    3.371802
    0.029412    0.099008   -1.471454   -1.002964    0.000000       -2.004695        1.000000    0.034286    0.000076    0.267511    3.371802
    0.039216    0.131841   -1.438276   -1.004433    0.000000       -2.006644        1.000000    0.061670    0.000239    0.267511    3.371802
    0.049020    0.164530   -1.405042   -1.006366    0.000000       -2.009203        1.000000    0.095843    0.000582    0.267511    3.371802
    0.058824    0.197037   -1.371736   -1.008797    0.000000       -2.012410        1.000000    0.136768    0.001203    0.267511    3.371802
    0.068627    0.229326   -1.338341   -1.011770    0.000000       -2.016315        1.000000    0.184400    0.002219    0.267511    3.371802
    0.078431    0.261360   -1.304837   -1.015336    0.000000       -2.020978        1.000000    0.238685    0.003768    0.267511    3.371802
    0.088235    0.293103   -1.271206   -1.019554    0.000000       -2.026468        1.000000    0.299563    0.006002    0.267511    3.371802
    0.098039    0.324516   -1.237423   -1.024499    0.000000       -2.032869        1.000000    0.366966    0.009093    0.267511    3.371802
    0.107843    0.355564   -1.203463   -1.030254    0.000000       -2.040278        1.000000    0.440817    0.013224    0.267511    3.371802
    0.117647    0.386207   -1.169299   -1.036919    0.000000       -2.048805        1.000000    0.521033    0.018591    0.267511    3.371802
    0.127451    0.416407   -1.134897   -1.044607    0.000000       -2.058580        1.000000    0.607522    0.025401    0.267511    3.371802
    0.137255    0.446125   -1.100223   -1.053450    0.000000       -2.069751        1.000000    0.700184    0.033870    0.267511    3.371802
    0.147059    0.475321   -1.065235   -1.063601    0.000000       -2.082487        1.000000    0.798909    0.044218    0.267511    3.371802
    0.156863    0.503955   -1.029888   -1.075233    0.000000       -2.096981        1.000000    0.903582    0.056671    0.267511    3.371802
    0.166667    0.531983   -0.994129   -1.088543    0.000000       -2.113450        1.000000    1.014076    0.071456    0.267511    3.371802
    0.176471    0.559362   -0.957900   -1.103753    0.000000       -2.132138        1.000000    1.130257    0.088795    0.267511    3.371802
    0.186275    0.586047   -0.921132   -1.121112    0.000000       -2.153314        1.000000    1.251980    0.108911    0.267511    3.371802
    0.196078    0.611991   -0.883752   -1.140888    0.000000       -2.177267        1.000000    1.379092    0.132017    0.267511    3.371802
    0.205882    0.637144   -0.845674   -1.163369    0.000000       -2.204306        1.000000    1.511429    0.158317    0.267511    3.371802
    0.215686    0.661454   -0.806804   -1.188845    0.000000       -2.234737        1.000000    1.648814    0.188000    0.267511    3.371802
    0.225490    0.684865   -0.767039   -1.217589    0.000000       -2.268846        1.000000    1.791063    0.221239    0.267511    3.371802
    0.235294    0.707317   -0.726266   -1.249821    0.000000       -2.306856        1.000000    1.937974    0.258186    0.267511    3.371802
    0.245098    0.728748   -0.684369   -1.285647    0.000000       -2.348865        1.000000    2.089337    0.298968    0.267511    3.371802
    0.254902    0.749090   -0.641229   -1.324973    0.000000       -2.394753        1.000000    2.244925    0.343679    0.267511    3.371802
    0.264706    0.768271   -0.596736   -1.367375    0.000000       -2.444044        1.000000    2.404497    0.392379    0.267511    3.371802
    0.274510    0.786216   -0.550803   -1.411922    0.000000       -2.495726        1.000000    2.567796    0.445083    0.267511    3.371802
    0.284314    0.802847   -0.503383   -1.456952    0.000000       -2.548014        1.000000    2.734549    0.501759    0.267511    3.371802
    0.294118    0.818083   -0.454501   -1.499825    0.000000       -2.598100        1.000000    2.904467    0.562313    0.267511    3.371802
    0.303922    0.831847   -0.404289   -1.536703    0.000000       -2.641934        1.000000    3.077244    0.626590    0.267511    3.371802
    0.313725    0.844068   -0.353026   -1.562489    0.000000       -2.674167        1.000000    3.252559    0.694362    0.267511    3.371802
    0.323529    0.854688   -0.301177   -1.571069    0.000000       -2.688421        1.000000    3.430080    0.765330    0.267511    3.371802
    0.333333    0.863672   -0.249417   -1.556037    0.000000       -2.678056        1.000000    3.609466    0.839124    0.267511    3.371802
    0.343137    0.871011   -0.198622   -1.511942    0.000000       -2.637461        1.000000    3.790378    0.915317    0.267511    3.371802
    0.352941    0.876734   -0.149811   -1.435823    0.000000       -2.563644        1.000000    3.972477    0.993442    0.267511    3.371802
    0.362745    0.880908   -0.104040   -1.328483    0.000000       -2.457536        1.000000    4.155444    1.073024    0.267511    3.371802
    0.372549    0.883641   -0.062271   -1.194889    0.000000       -2.324377        1.000000    4.338979    1.153601    0.267511    3.371802
    0.382353    0.885073   -0.025240   -1.043366    0.000000       -2.172856        1.000000    4.522811    1.234759    0.267511    3.371802
    0.392157    0.885367    0.006622   -0.883862    0.000000       -2.013312        1.000000    4.706704    1.316148    0.267511    3.371802
    0.401961    0.884694    0.033214   -0.726010    0.000000       -1.855721        1.000000    4.890457    1.397487    0.267511    3.371802
    0.411765    0.883227    0.054727   -0.577669    0.000000       -1.708185        1.000000    5.073905    1.478564    0.267511    3.371802
    0.421569    0.881129    0.071572   -0.444252    0.000000       -1.576254        1.000000    5.256918    1.559230    0.267511    3.371802
    0.431373    0.878545    0.084297   -0.328759    0.000000       -1.462962        1.000000    5.439394    1.639383    0.267511    3.371802
    0.441176    0.875601    0.093517   -0.232229    0.000000       -1.369311        1.000000    5.621259    1.718958    0.267511    3.371802
    0.450980    0.872403    0.099856   -0.154325    0.000000       -1.294874        1.000000    5.802459    1.797919    0.267511    3.371802
    0.460784    0.869035    0.103912   -0.093870    0.000000       -1.238364        1.000000    5.982960    1.876246    0.267511    3.371802
    0.470588    0.865564    0.106236   -0.049263    0.000000       -1.198066        1.000000    6.162740    1.953933    0.267511    3.371802
    0.480392    0.862038    0.107324   -0.018763    0.000000       -1.172129        1.000000    6.341787    2.030981    0.267511    3.371802
    0.490196    0.858491    0.107613   -0.000657    0.000000       -1.158753        1.000000    6.520098    2.107393    0.267511    3.371802
    0.500000    0.854942    0.107487    0.006640    0.000000       -1.156280        1.000000    6.697672    2.183175    0.267511    3.371802
    0.509804    0.851399    0.107278    0.004547    0.000000       -1.163238        1.000000    6.874509    2.258333    0.267511    3.371802
    0.519608    0.847861    0.107276   -0.005692    0.000000       -1.178351        1.000000    7.050612    2.332870    0.267511    3.371802
    0.529412    0.844315    0.107732   -0.023005    0.000000       -1.200530        1.000000    7.225979    2.406785    0.267511    3.371802
    0.539216    0.840744    0.108865   -0.046466    0.000000       -1.228847        1.000000    7.400603    2.480074    0.267511    3.371802
    0.549020    0.837123    0.110863   -0.075284    0.000000       -1.262519        1.000000    7.574476    2.552726    0.267511    3.371802
    0.558824    0.833419    0.113893   -0.108774    0.000000       -1.300878        1.000000    7.747579    2.624726    0.267511    3.371802
    0.568627    0.829596    0.118099   -0.146340    0.000000       -1.343350        1.000000    7.919888    2.696050    0.267511    3.371802
    0.578431    0.825614    0.123607   -0.187454    0.000000       -1.389432        1.000000    8.091370    2.766665    0.267511    3.371802
    0.588235    0.821429    0.130527   -0.231637    0.000000       -1.438672        1.000000    8.261983    2.836533    0.267511    3.371802
    0.598039    0.816993    0.138951   -0.278448    0.000000       -1.490652        1.000000    8.431675    2.905601    0.267511    3.371802
    0.607843    0.812255    0.148960   -0.327467    0.000000       -1.544973        1.000000    8.600382    2.973811    0.267511    3.371802
    0.617647    0.807163    0.160621   -0.378283    0.000000       -1.601243        1.000000    8.768032    3.041092    0.267511    3.371802
    0.627451    0.801663    0.173985   -0.430494    0.000000       -1.659068        1.000000    8.934540    3.107361    0.267511    3.371802
    0.637255    0.795700    0.189093   -0.483691    0.000000       -1.718045        1.000000    9.099808    3.172527    0.267511    3.371802
    0.647059    0.789217    0.205970   -0.537467    0.000000       -1.777763        1.000000    9.263731    3.236486    0.267511    3.371802
    0.656863    0.782160    0.224629   -0.591409    0.000000       -1.837799        1.000000    9.426188    3.299123    0.267511    3.371802
    0.666667    0.774473    0.245068   -0.645109    0.000000       -1.897730        1.000000    9.587047    3.360318    0.267511    3.371802
    0.676471    0.766102    0.267272   -0.698166    0.000000       -1.957131        1.000000    9.746169    3.419938    0.267511    3.371802
    0.686275    0.756995    0.291215   -0.750199    0.000000       -2.015591        1.000000    9.903398    3.477846    0.267511    3.371802
    0.696078    0.747103    0.316856   -0.800848    0.000000       -2.072720        1.000000   10.058574    3.533901    0.267511    3.371802
    0.705882    0.736380    0.344143   -0.849789    0.000000       -2.128157        1.000000   10.211522    3.587959    0.267511    3.371802
    0.715686    0.724784    0.373016   -0.896741    0.000000       -2.181583        1.000000   10.362061    3.639878    0.267511    3.371802
    0.725490    0.712275    0.403406   -0.941469    0.000000       -2.232725        1.000000   10.510002    3.689519    0.267511    3.371802
    0.735294    0.698820    0.435234   -0.983788    0.000000       -2.281363        1.000000   10.655149    3.736752    0.267511    3.371802
    0.745098    0.684391    0.468420   -1.023568    0.000000       -2.327329        1.000000   10.797299    3.781457    0.267511    3.371802
    0.754902    0.668964    0.502877   -1.060728    0.000000       -2.370513        1.000000   10.936244    3.823526    0.267511    3.371802
    0.764706    0.652523    0.538519   -1.095236    0.000000       -2.410852        1.000000   11.071775    3.862873    0.267511    3.371802
    0.774510    0.635054    0.575258   -1.127105    0.000000       -2.448334        1.000000   11.203677    3.899427    0.267511    3.371802
    0.784314    0.616552    0.613008   -1.156383    0.000000       -2.482988        1.000000   11.331737    3.933145    0.267511    3.371802
    0.794118    0.597018    0.651683   -1.183149    0.000000       -2.514875        1.000000   11.455739    3.964004    0.267511    3.371802
    0.803922    0.576456    0.691204   -1.207509    0.000000       -2.544090        1.000000   11.575470    3.992011    0.267511    3.371802
    0.813725    0.554877    0.731491   -1.229583    0.000000       -2.570744        1.000000   11.690720    4.017198    0.267511    3.371802
    0.823529    0.532299    0.772472   -1.249507    0.000000       -2.594967        1.000000   11.801280    4.039625    0.267511    3.371802
    0.833333    0.508744    0.814078   -1.267420    0.000000       -2.616897        1.000000   11.906947    4.059379    0.267511    3.371802
    0.843137    0.484238    0.856246   -1.283465    0.000000       -2.636679        1.000000   12.007525    4.076573    0.267511    3.371802
    0.852941    0.458814    0.898914   -1.297785    0.000000       -2.654457        1.000000   12.102821    4.091343    0.267511    3.371802
    0.862745    0.432507    0.942030   -1.310517    0.000000       -2.670374        1.000000   12.192654    4.103845    0.267511    3.371802
    0.872549    0.405358    0.985541   -1.321793    0.000000       -2.684568        1.000000   12.276848    4.114255    0.267511    3.371802
    0.882353    0.377412    1.029404   -1.331737    0.000000       -2.697168        1.000000   12.355238    4.122763    0.267511    3.371802
    0.892157    0.348716    1.073574   -1.340464    0.000000       -2.708300        1.000000   12.427667    4.129570    0.267511    3.371802
    0.901961    0.319321    1.118014   -1.348081    0.000000       -2.718076        1.000000   12.493991    4.134880    0.267511    3.371802
    0.911765    0.289283    1.162690   -1.354684    0.000000       -2.726602        1.000000   12.554075    4.138904    0.267511    3.371802
    0.921569    0.258657    1.207568   -1.360360    0.000000       -2.733973        1.000000   12.607799    4.141846    0.267511    3.371802
    0.931373    0.227503    1.252619   -1.365186    0.000000       -2.740273        1.000000   12.655052    4.143906    0.267511    3.371802
    0.941176    0.195882    1.297817   -1.369230    0.000000       -2.745579        1.000000   12.695737    4.145269    0.267511    3.371802
    0.950980    0.163858    1.343136   -1.372552    0.000000       -2.749955        1.000000   12.729771    4.146108    0.267511    3.371802
    0.960784    0.131496    1.388554   -1.375201    0.000000       -2.753458        1.000000   12.757083    4.146575    0.267511    3.371802
    0.970588    0.098862    1.434049   -1.377218    0.000000       -2.756133        1.000000   12.777617    4.146798    0.267511    3.371802
    0.980392    0.066022    1.479600   -1.378635    0.000000       -2.758018        1.000000   12.791330    4.146882    0.267511    3.371802
    0.990196    0.033045    1.525189   -1.379476    0.000000       -2.759138        1.000000   12.798193    4.146901    0.267511    3.371802
    1.000000    0.000000    1.570796   -1.379755    0.000000       -2.759510        1.000000   12.798193    4.146902    0.267511    3.371802
