           t           r         psi          cs          qs               p             sig           A           V          Q2           S
    0.000000    0.000000   -1.570796   -0.990986    0.000000       -1.981972        1.000000    0.000000    0.000000    0.078233    6.054712
    0.009804    0.059326   -1.511970   -0.991048    0.000000       -1.982055        1.000000    0.000000    0.000010    0.078233    6.054712
    0.019608    0.118446   -1.453137   -0.991239    0.000000       -1.982308        1.000000    0.044177    0.000154    0.078233    6.054712
    0.029412    0.177157   -1.394288   -0.991570    0.000000       -1.982746        1.000000    0.110251    0.000775    0.078233    6.054712
    0.039216    0.235254   -1.335414   -0.992062    0.000000       -1.983393        1.000000    0.197993    0.002429    0.078233    6.054712
    0.049020    0.292536   -1.276506   -0.992748    0.000000       -1.984285        1.000000    0.307100    0.005870    0.078233    6.054712
    0.058824    0.348804   -1.217551   -0.993669    0.000000       -1.985473        1.000000    0.437193    0.012020    0.078233    6.054712
    0.068627    0.403860   -1.158532   -0.994888    0.000000       -1.987025        1.000000    0.587821    0.021941    0.078233    6.054712
    0.078431    0.457513   -1.099430   -0.996488    0.000000       -1.989036        1.000000    0.758459    0.036795    0.078233    6.054712
    0.088235    0.509571   -1.040220   -0.998583    0.000000       -1.991635        1.000000    0.948514    0.057806    0.078233    6.054712
    0.098039    0.559849   -0.980866   -1.001335    0.000000       -1.995001        1.000000    1.157320    0.086215    0.078233    6.054712
    0.107843    0.608165   -0.921324   -1.004970    0.000000       -1.999382        1.000000    1.384147    0.123234    0.078233    6.054712
    0.117647    0.654339   -0.861532   -1.009813    0.000000       -2.005131        1.000000    1.628195    0.170005    0.078233    6.054712
    0.127451    0.698196   -0.801406   -1.016337    0.000000       -2.012758        1.000000    1.888601    0.227555    0.078233    6.054712
    0.137255    0.739562   -0.740826   -1.025239    0.000000       -2.023008        1.000000    2.164435    0.296753    0.078233    6.054712
    0.147059    0.778261   -0.679622   -1.037572    0.000000       -2.036992        1.000000    2.454703    0.378275    0.078233    6.054712
    0.156863    0.814116   -0.617547   -1.054933    0.000000       -2.056389        1.000000    2.758343    0.472572    0.078233    6.054712
    0.166667    0.846940   -0.554234   -1.079774    0.000000       -2.083746        1.000000    3.074226    0.579836    0.078233    6.054712
    0.176471    0.876525   -0.489136   -1.115784    0.000000       -2.122873        1.000000    3.401143    0.699977    0.078233    6.054712
    0.186275    0.902636   -0.421445   -1.168118    0.000000       -2.179045        1.000000    3.737798    0.832598    0.078233    6.054712
    0.196078    0.924985   -0.350025   -1.242144    0.000000       -2.257690        1.000000    4.082789    0.976955    0.078233    6.054712
    0.205882    0.943216   -0.273571   -1.335778    0.000000       -2.356553        1.000000    4.434580    1.131901    0.078233    6.054712
    0.215686    0.956920   -0.191704   -1.413348    0.000000       -2.439224        1.000000    4.791482    1.295779    0.078233    6.054712
    0.225490    0.965773   -0.108240   -1.364849    0.000000       -2.394229        1.000000    5.151686    1.466297    0.078233    6.054712
    0.235294    0.969925   -0.034714   -1.070260    0.000000       -2.100647        1.000000    5.513438    1.640648    0.078233    6.054712
    0.245098    0.970358    0.015637   -0.620175    0.000000       -1.650597        1.000000    5.875352    1.816229    0.078233    6.054712
    0.254902    0.968584    0.040309   -0.234081    0.000000       -1.265677        1.000000    6.236604    1.991463    0.078233    6.054712
    0.264706    0.965941    0.046419    0.004504    0.000000       -1.029641        1.000000    6.596871    2.165774    0.078233    6.054712
    0.274510    0.963279    0.042129    0.124284    0.000000       -0.912916        1.000000    6.956144    2.339111    0.078233    6.054712
    0.284314    0.961033    0.033116    0.170154    0.000000       -0.869822        1.000000    7.314580    2.511607    0.078233    6.054712
    0.294118    0.959374    0.022756    0.173734    0.000000       -0.868343        1.000000    7.672397    2.683458    0.078233    6.054712
    0.303922    0.958320    0.012944    0.154161    0.000000       -0.889245        1.000000    8.029821    2.854865    0.078233    6.054712
    0.313725    0.957806    0.004682    0.122981    0.000000       -0.921060        1.000000    8.387053    3.026015    0.078233    6.054712
    0.323529    0.957724   -0.001574    0.087534    0.000000       -0.956607        1.000000    8.744255    3.197068    0.078233    6.054712
    0.333333    0.957951   -0.005725    0.052780    0.000000       -0.991097        1.000000    9.101541    3.368150    0.078233    6.054712
    0.343137    0.958365   -0.007922    0.022153    0.000000       -1.021258        1.000000    9.458982    3.539348    0.078233    6.054712
    0.352941    0.958859   -0.008482   -0.002126    0.000000       -1.044994        1.000000    9.816607    3.710708    0.078233    6.054712
    0.362745    0.959348   -0.007818   -0.018966    0.000000       -1.061309        1.000000   10.174414    3.882247    0.078233    6.054712
    0.372549    0.959772   -0.006378   -0.028361    0.000000       -1.070254        1.000000   10.532380    4.053952    0.078233    6.054712
    0.382353    0.960098   -0.004580   -0.031229    0.000000       -1.072778        1.000000   10.890467    4.225794    0.078233    6.054712
    0.392157    0.960315   -0.002769   -0.029122    0.000000       -1.070442        1.000000   11.248635    4.397734    0.078233    6.054712
    0.401961    0.960431   -0.001186   -0.023850    0.000000       -1.065048        1.000000   11.606847    4.569735    0.078233    6.054712
    0.411765    0.960463    0.000034   -0.017133    0.000000       -1.058297        1.000000   11.965070    4.741761    0.078233    6.054712
    0.421569    0.960435    0.000847   -0.010351    0.000000       -1.051545        1.000000   12.323283    4.913788    0.078233    6.054712
    0.431373    0.960370    0.001281   -0.004442    0.000000       -1.045707        1.000000   12.681472    5.085797    0.078233    6.054712
    0.441176    0.960289    0.001402    0.000093    0.000000       -1.041259        1.000000   13.039631    5.257779    0.078233    6.054712
    0.450980    0.960208    0.001300    0.003111    0.000000       -1.038329        1.000000   13.397759    5.429733    0.078233    6.054712
    0.460784    0.960138    0.001061    0.004722    0.000000       -1.036794        1.000000   13.755861    5.601658    0.078233    6.054712
    0.470588    0.960084    0.000762    0.005183    0.000000       -1.036393        1.000000   14.113943    5.773562    0.078233    6.054712
    0.480392    0.960047    0.000462    0.004813    0.000000       -1.036802        1.000000   14.472011    5.945449    0.078233    6.054712
    0.490196    0.960028    0.000201    0.003933    0.000000       -1.037703        1.000000   14.830072    6.117326    0.078233    6.054712
    0.500000    0.960022   -0.000000    0.002821    0.000000       -1.038821        1.000000   15.188131    6.289199    0.078233    6.054712
    0.509804    0.960027   -0.000134    0.001693    0.000000       -1.039945        1.000000   15.546192    6.461072    0.078233    6.054712
    0.519608    0.960037   -0.000204    0.000694    0.000000       -1.040933        1.000000   15.904256    6.632947    0.078233    6.054712
    0.529412    0.960050   -0.000221   -0.000098    0.000000       -1.041710        1.000000   16.262325    6.804827    0.078233    6.054712
    0.539216    0.960062   -0.000197   -0.000659    0.000000       -1.042258        1.000000   16.620399    6.976712    0.078233    6.054712
    0.549020    0.960073   -0.000147   -0.001011    0.000000       -1.042599        1.000000   16.978477    7.148600    0.078233    6.054712
    0.558824    0.960079   -0.000080   -0.001205    0.000000       -1.042786        1.000000   17.336557    7.320492    0.078233    6.054712
    0.568627    0.960082   -0.000005   -0.001311    0.000000       -1.042889        1.000000   17.694638    7.492385    0.078233    6.054712
    0.578431    0.960080    0.000075   -0.001406    0.000000       -1.042986        1.000000   18.052719    7.664279    0.078233    6.054712
    0.588235    0.960073    0.000163   -0.001577    0.000000       -1.043164        1.000000   18.410796    7.836170    0.078233    6.054712
    0.598039    0.960060    0.000266   -0.001916    0.000000       -1.043517        1.000000   18.768870    8.008059    0.078233    6.054712
    0.607843    0.960041    0.000396   -0.002532    0.000000       -1.044154        1.000000   19.126935    8.179941    0.078233    6.054712
    0.617647    0.960012    0.000575   -0.003560    0.000000       -1.045214        1.000000   19.484991    8.351815    0.078233    6.054712
    0.627451    0.959971    0.000831   -0.005186    0.000000       -1.046884        1.000000   19.843030    8.523677    0.078233    6.054712
    0.637255    0.959911    0.001207   -0.007671    0.000000       -1.049433        1.000000   20.201048    8.695521    0.078233    6.054712
    0.647059    0.959824    0.001766   -0.011391    0.000000       -1.053247        1.000000   20.559033    8.867339    0.078233    6.054712
    0.656863    0.959696    0.002595   -0.016894    0.000000       -1.058887        1.000000   20.916970    9.039118    0.078233    6.054712
    0.666667    0.959508    0.003822   -0.024965    0.000000       -1.067157        1.000000   21.274838    9.210842    0.078233    6.054712
    0.676471    0.959231    0.005631   -0.036707    0.000000       -1.079192        1.000000   21.632601    9.382482    0.078233    6.054712
    0.686275    0.958823    0.008282   -0.053629    0.000000       -1.096538        1.000000   21.990213    9.553998    0.078233    6.054712
    0.696078    0.958224    0.012139   -0.077696    0.000000       -1.121216        1.000000   22.347601    9.725332    0.078233    6.054712
    0.705882    0.957349    0.017695   -0.111300    0.000000       -1.155688        1.000000   22.704663    9.896396    0.078233    6.054712
    0.715686    0.956077    0.025592   -0.157022    0.000000       -1.202620        1.000000   23.061251   10.067060    0.078233    6.054712
    0.725490    0.954249    0.036621   -0.217094    0.000000       -1.264337        1.000000   23.417156   10.237134    0.078233    6.054712
    0.735294    0.951651    0.051670   -0.292492    0.000000       -1.341895        1.000000   23.772093   10.406346    0.078233    6.054712
    0.745098    0.948021    0.071625   -0.381899    0.000000       -1.434024        1.000000   24.125676   10.574308    0.078233    6.054712
    0.754902    0.943045    0.097205   -0.481096    0.000000       -1.536486        1.000000   24.477403   10.740485    0.078233    6.054712
    0.764706    0.936381    0.128803   -0.583452    0.000000       -1.642546        1.000000   24.826644   10.904170    0.078233    6.054712
    0.774510    0.927681    0.166388   -0.681608    0.000000       -1.744678        1.000000   25.172641   11.064473    0.078233    6.054712
    0.784314    0.916616    0.209520   -0.769549    0.000000       -1.836660        1.000000   25.514511   11.220335    0.078233    6.054712
    0.794118    0.902904    0.257478   -0.843888    0.000000       -1.914916        1.000000   25.851266   11.370575    0.078233    6.054712
    0.803922    0.886321    0.309422   -0.903923    0.000000       -1.978601        1.000000   26.181837   11.513955    0.078233    6.054712
    0.813725    0.866710    0.364531   -0.950831    0.000000       -2.028805        1.000000   26.505093   11.649258    0.078233    6.054712
    0.823529    0.843974    0.422086   -0.986696    0.000000       -2.067579        1.000000   26.819869   11.775365    0.078233    6.054712
    0.833333    0.818069    0.481498   -1.013772    0.000000       -2.097180        1.000000   27.124984   11.891320    0.078233    6.054712
    0.843137    0.789002    0.542307   -1.034096    0.000000       -2.119670        1.000000   27.419258   11.996384    0.078233    6.054712
    0.852941    0.756817    0.604165   -1.049337    0.000000       -2.136755        1.000000   27.701527   12.090072    0.078233    6.054712
    0.862745    0.721591    0.666810   -1.060789    0.000000       -2.149770        1.000000   27.970659   12.172169    0.078233    6.054712
    0.872549    0.683430    0.730046   -1.069430    0.000000       -2.159729        1.000000   28.225557   12.242744    0.078233    6.054712
    0.882353    0.642463    0.793731   -1.075981    0.000000       -2.167390        1.000000   28.465176   12.302133    0.078233    6.054712
    0.892157    0.598839    0.857756   -1.080973    0.000000       -2.173314        1.000000   28.688525   12.350925    0.078233    6.054712
    0.901961    0.552724    0.922041   -1.084795    0.000000       -2.177917        1.000000   28.894674   12.389926    0.078233    6.054712
    0.911765    0.504302    0.986525   -1.087731    0.000000       -2.181504        1.000000   29.082763   12.420123    0.078233    6.054712
    0.921569    0.453766    1.051163   -1.089992    0.000000       -2.184306        1.000000   29.252004   12.442637    0.078233    6.054712
    0.931373    0.401323    1.115918   -1.091731    0.000000       -2.186491        1.000000   29.401685   12.458665    0.078233    6.054712
    0.941176    0.347192    1.180765   -1.093065    0.000000       -2.188188        1.000000   29.531177   12.469437    0.078233    6.054712
    0.950980    0.291596    1.245681   -1.094077    0.000000       -2.189491        1.000000   29.639933   12.476149    0.078233    6.054712
    0.960784    0.234770    1.310649   -1.094832    0.000000       -2.190473        1.000000   29.727495   12.479920    0.078233    6.054712
    0.970588    0.176952    1.375655   -1.095376    0.000000       -2.191187        1.000000   29.793493   12.481740    0.078233    6.054712
    0.980392    0.118385    1.440688   -1.095742    0.000000       -2.191670        1.000000   29.837647   12.482425    0.078233    6.054712
    0.990196    0.059318    1.505738   -1.095952    0.000000       -2.191950        1.000000   29.859771   12.482584    0.078233    6.054712
    1.000000    0.000000    1.570796   -1.096021    0.000000       -2.192042        1.000000   29.859771   12.482595    0.078233    6.054712
