           t           r         psi          cs          qs               p             sig           A           V          Q2           S
    0.000000    0.000000   -1.570796   -2.220437    0.000000       -4.440874        1.000000    0.000000    0.000000    0.908040   38.966677
    0.009804    0.316385   -0.440997   -3.558434    0.000000       -6.416744        1.000000    0.000000    0.032382    0.908040   38.966677
    0.019608    0.316926    0.163103    0.307501    0.000000       -2.805937        1.000000    0.760730    0.165349    0.908040   38.966677
    0.029412    0.294732   -0.030724    0.197736    0.000000       -3.193580        1.000000    1.468186    0.272335    0.908040   38.966677
    0.039216    0.305325   -0.005266   -0.123223    0.000000       -3.398379        1.000000    2.201070    0.381110    0.908040   38.966677
    0.049020    0.303257    0.005589    0.031926    0.000000       -3.265556        1.000000    2.928990    0.492455    0.908040   38.966677
    0.058824    0.303016   -0.001877   -0.000549    0.000000       -3.300702        1.000000    3.656332    0.602561    0.908040   38.966677
    0.068627    0.303349    0.000208   -0.003261    0.000000       -3.299796        1.000000    4.384472    0.712935    0.908040   38.966677
    0.078431    0.303230    0.000114    0.001486    0.000000       -3.296344        1.000000    5.112327    0.823327    0.908040   38.966677
    0.088235    0.303245   -0.000073   -0.000293    0.000000       -3.297953        1.000000    5.840220    0.933683    0.908040   38.966677
    0.098039    0.303252    0.000019   -0.000034    0.000000       -3.297627        1.000000    6.568127    1.044052    0.908040   38.966677
    0.107843    0.303247   -0.000000    0.000047    0.000000       -3.297593        1.000000    7.296024    1.154420    0.908040   38.966677
    0.117647    0.303248   -0.000002   -0.000017    0.000000       -3.297643        1.000000    8.023924    1.264786    0.908040   38.966677
    0.127451    0.303248    0.000001    0.000002    0.000000       -3.297625        1.000000    8.751823    1.375154    0.908040   38.966677
    0.137255    0.303248   -0.000000    0.000001    0.000000       -3.297628        1.000000    9.479723    1.485521    0.908040   38.966677
    0.147059    0.303248   -0.000000   -0.000001    0.000000       -3.297629        1.000000   10.207622    1.595888    0.908040   38.966677
    0.156863    0.303248    0.000000    0.000000    0.000000       -3.297628        1.000000   10.935522    1.706255    0.908040   38.966677
    0.166667    0.303248   -0.000000   -0.000000    0.000000       -3.297628        1.000000   11.663421    1.816622    0.908040   38.966677
    0.176471    0.303248    0.000000   -0.000000    0.000000       -3.297628        1.000000   12.391321    1.926989    0.908040   38.966677
    0.186275    0.303248    0.000000    0.000000    0.000000       -3.297628        1.000000   13.119220    2.037356    0.908040   38.966677
    0.196078    0.303248   -0.000000   -0.000000    0.000000       -3.297628        1.000000   13.847119    2.147723    0.908040   38.966677
    0.205882    0.303248    0.000000   -0.000000    0.000000       -3.297628        1.000000   14.575019    2.258091    0.908040   38.966677
    0.215686    0.303248   -0.000000    0.000000    0.000000       -3.297628        1.000000   15.302918    2.368458    0.908040   38.966677
    0.225490    0.303248   -0.000000   -0.000000    0.000000       -3.297628        1.000000   16.030818    2.478825    0.908040   38.966677
    0.235294    0.303248    0.000000    0.000000    0.000000       -3.297628        1.000000   16.758717    2.589192    0.908040   38.966677
    0.245098    0.303248   -0.000000    0.000000    0.000000       -3.297628        1.000000   17.486617    2.699559    0.908040   38.966677
    0.254902    0.303248   -0.000000   -0.000000    0.000000       -3.297628        1.000000   18.214516    2.809926    0.908040   38.966677
    0.264706    0.303248    0.000000    0.000000    0.000000       -3.297628        1.000000   18.942416    2.920293    0.908040   38.966677
    0.274510    0.303248   -0.000000   -0.000000    0.000000       -3.297628        1.000000   19.670315    3.030660    0.908040   38.966677
    0.284314    0.303248    0.000000   -0.000000    0.000000       -3.297628        1.000000   20.398215    3.141028    0.908040   38.966677
    0.294118    0.303248    0.000000    0.000000    0.000000       -3.297628        1.000000   21.126114    3.251395    0.908040   38.966677
    0.303922    0.303248    0.000000   -0.000000    0.000000       -3.297628        1.000000   21.854013    3.361762    0.908040   38.966677
    0.313725    0.303248    0.000000    0.000000    0.000000       -3.297628        1.000000   22.581913    3.472129    0.908040   38.966677
    0.323529    0.303248    0.000000    0.000000    0.000000       -3.297628        1.000000   23.309812    3.582496    0.908040   38.966677
    0.333333    0.303248    0.000000    0.000000    0.000000       -3.297628        1.000000   24.037712    3.692863    0.908040   38.966677
    0.343137    0.303248    0.000000    0.000000    0.000000       -3.297628        1.000000   24.765611    3.803230    0.908040   38.966677
    0.352941    0.303248    0.000000    0.000000    0.000000       -3.297628        1.000000   25.493511    3.913597    0.908040   38.966677
    0.362745    0.303248    0.000000    0.000000    0.000000       -3.297628        1.000000   26.221410    4.023965    0.908040   38.966677
    0.372549    0.303248    0.000000    0.000000    0.000000       -3.297628        1.000000   26.949310    4.134332    0.908040   38.966677
    0.382353    0.303248    0.000000    0.000000    0.000000       -3.297628        1.000000   27.677209    4.244699    0.908040   38.966677
    0.392157    0.303248    0.000000    0.000000    0.000000       -3.297628        1.000000   28.405109    4.355066    0.908040   38.966677
    0.401961    0.303248    0.000000    0.000000    0.000000       -3.297628        1.000000   29.133008    4.465433    0.908040   38.966677
    0.411765    0.303248    0.000000    0.000000    0.000000       -3.297628        1.000000   29.860908    4.575800    0.908040   38.966677
    0.421569    0.303248    0.000000    0.000000    0.000000       -3.297628        1.000000   30.588807    4.686167    0.908040   38.966677
    0.431373    0.303248    0.000000    0.000000    0.000000       -3.297628        1.000000   31.316706    4.796534    0.908040   38.966677
    0.441176    0.303248    0.000000    0.000000    0.000000       -3.297628        1.000000   32.044606    4.906902    0.908040   38.966677
    0.450980    0.303248    0.000000    0.000000    0.000000       -3.297628        1.000000   32.772505    5.017269    0.908040   38.966677
    0.460784    0.303248    0.000000    0.000000    0.000000       -3.297628        1.000000   33.500405    5.127636    0.908040   38.966677
    0.470588    0.303248    0.000000    0.000000    0.000000       -3.297628        1.000000   34.228304    5.238003    0.908040   38.966677
    0.480392    0.303248    0.000000    0.000000    0.000000       -3.297628        1.000000   34.956204    5.348370    0.908040   38.966677
    0.490196    0.303248    0.000000    0.000000    0.000000       -3.297628        1.000000   35.684103    5.458737    0.908040   38.966677
    0.500000    0.303248    0.000000   -0.000000    0.000000       -3.297628        1.000000   36.412003    5.569104    0.908040   38.966677
    0.509804    0.303248    0.000000   -0.000000    0.000000       -3.297628        1.000000   37.139902    5.679471    0.908040   38.966677
    0.519608    0.303248    0.000000   -0.000000    0.000000       -3.297628        1.000000   37.867802    5.789839    0.908040   38.966677
    0.529412    0.303248    0.000000    0.000000    0.000000       -3.297628        1.000000   38.595701    5.900206    0.908040   38.966677
    0.539216    0.303248    0.000000    0.000000    0.000000       -3.297628        1.000000   39.323600    6.010573    0.908040   38.966677
    0.549020    0.303248    0.000000    0.000000    0.000000       -3.297628        1.000000   40.051500    6.120940    0.908040   38.966677
    0.558824    0.303248    0.000000   -0.000000    0.000000       -3.297628        1.000000   40.779399    6.231307    0.908040   38.966677
    0.568627    0.303248    0.000000    0.000000    0.000000       -3.297628        1.000000   41.507299    6.341674    0.908040   38.966677
    0.578431    0.303248    0.000000    0.000000    0.000000       -3.297628        1.000000   42.235198    6.452041    0.908040   38.966677
    0.588235    0.303248    0.000000    0.000000    0.000000       -3.297628        1.000000   42.963098    6.562409    0.908040   38.966677
    0.598039    0.303248    0.000000    0.000000    0.000000       -3.297628        1.000000   43.690997    6.672776    0.908040   38.966677
    0.607843    0.303248    0.000000    0.000000    0.000000       -3.297628        1.000000   44.418897    6.783143    0.908040   38.966677
    0.617647    0.303248    0.000000    0.000000    0.000000       -3.297628        1.000000   45.146796    6.893510    0.908040   38.966677
    0.627451    0.303248    0.000000    0.000000    0.000000       -3.297628        1.000000   45.874696    7.003877    0.908040   38.966677
    0.637255    0.303248    0.000000    0.000000    0.000000       -3.297628        1.000000   46.602595    7.114244    0.908040   38.966677
    0.647059    0.303248    0.000000    0.000000    0.000000       -3.297628        1.000000   47.330495    7.224611    0.908040   38.966677
    0.656863    0.303248    0.000000    0.000000    0.000000       -3.297628        1.000000   48.058394    7.334978    0.908040   38.966677
    0.666667    0.303248    0.000000    0.000000    0.000000       -3.297628        1.000000   48.786293    7.445346    0.908040   38.966677
    0.676471    0.303248    0.000000    0.000000    0.000000       -3.297628        1.000000   49.514193    7.555713    0.908040   38.966677
    0.686275    0.303248    0.000000    0.000000    0.000000       -3.297628        1.000000   50.242092    7.666080    0.908040   38.966677
    0.696078    0.303248    0.000000    0.000000    0.000000       -3.297628        1.000000   50.969992    7.776447    0.908040   38.966677
    0.705882    0.303248    0.000000    0.000000    0.000000       -3.297628        1.000000   51.697891    7.886814    0.908040   38.966677
    0.715686    0.303248    0.000000    0.000000    0.000000       -3.297628        1.000000   52.425791    7.997181    0.908040   38.966677
    0.725490    0.303248    0.000000    0.000000    0.000000       -3.297628        1.000000   53.153690    8.107548    0.908040   38.966677
    0.735294    0.303248    0.000000    0.000000    0.000000       -3.297628        1.000000   53.881590    8.217915    0.908040   38.966677
    0.745098    0.303248    0.000000    0.000000    0.000000       -3.297628        1.000000   54.609489    8.328283    0.908040   38.966677
    0.754902    0.303248    0.000000    0.000000    0.000000       -3.297628        1.000000   55.337389    8.438650    0.908040   38.966677
    0.764706    0.303248    0.000000    0.000000    0.000000       -3.297628        1.000000   56.065288    8.549017    0.908040   38.966677
    0.774510    0.303248    0.000000    0.000000    0.000000       -3.297628        1.000000   56.793187    8.659384    0.908040   38.966677
    0.784314    0.303248    0.000000    0.000000    0.000000       -3.297628        1.000000   57.521087    8.769751    0.908040   38.966677
    0.794118    0.303248    0.000000    0.000000    0.000000       -3.297628        1.000000   58.248986    8.880118    0.908040   38.966677
    0.803922    0.303248    0.000000    0.000000    0.000000       -3.297628        1.000000   58.976886    8.990485    0.908040   38.966677
    0.813725    0.303248    0.000000    0.000000    0.000000       -3.297628        1.000000   59.704785    9.100852    0.908040   38.966677
    0.823529    0.303248    0.000000    0.000000    0.000000       -3.297628        1.000000   60.432685    9.211220    0.908040   38.966677
    0.833333    0.303248    0.000000   -0.000000    0.000000       -3.297628        1.000000   61.160584    9.321587    0.908040   38.966677
    0.843137    0.303248    0.000000    0.000000    0.000000       -3.297628        1.000000   61.888484    9.431954    0.908040   38.966677
    0.852941    0.303248    0.000000   -0.000000    0.000000       -3.297628        1.000000   62.616383    9.542321    0.908040   38.966677
    0.862745    0.303248    0.000000   -0.000000    0.000000       -3.297628        1.000000   63.344283    9.652688    0.908040   38.966677
    0.872549    0.303248    0.000000   -0.000000    0.000000       -3.297628        1.000000   64.072182    9.763055    0.908040   38.966677
    0.882353    0.303248    0.000000   -0.000000    0.000000       -3.297628        1.000000   64.800082    9.873422    0.908040   38.966677
    0.892157    0.303248    0.000000   -0.000000    0.000000       -3.297628        1.000000   65.527981    9.983789    0.908040   38.966677
    0.901961    0.303248    0.000000   -0.000000    0.000000       -3.297628        1.000000   66.255880   10.094157    0.908040   38.966677
    0.911765    0.303248    0.000000   -0.000000    0.000000       -3.297628        1.000000   66.983780   10.204524    0.908040   38.966677
    0.921569    0.303248    0.000000   -0.000000    0.000000       -3.297628        1.000000   67.711679   10.314891    0.908040   38.966677
    0.931373    0.303248    0.000001   -0.000003    0.000000       -3.297632        1.000000   68.439579   10.425258    0.908040   38.966677
    0.941176    0.303247    0.000005   -0.000027    0.000000       -3.297663        1.000000   69.167476   10.535625    0.908040   38.966677
    0.950980    0.303241    0.000042   -0.000244    0.000000       -3.297951        1.000000   69.895358   10.645990    0.908040   38.966677
    0.960784    0.303182    0.000385   -0.002229    0.000000       -3.300580        1.000000   70.623098   10.756337    0.908040   38.966677
    0.970588    0.302641    0.003516   -0.020346    0.000000       -3.324570        1.000000   71.349540   10.866527    0.908040   38.966677
    0.980392    0.297715    0.031945   -0.183820    0.000000       -3.541022        1.000000   72.064158   10.975266    0.908040   38.966677
    0.990196    0.254214    0.276608   -1.502730    0.000000       -5.286888        1.000000   72.674359   11.070916    0.908040   38.966677
    1.000000    0.000000    1.570796   -4.894977    0.000000       -9.789954        1.000000   72.674359   11.100294    0.908040   38.966677
