           t           r         psi          cs          qs               p             sig           A           V          Q2           S
    0.000000    0.000000   -1.570796   -0.998969    0.000000       -1.997939        1.000000    0.000000    0.000000    0.003054    5.349816
    0.009804    0.052425   -1.518401   -0.998970    0.000000       -1.997939        1.000000    0.000000    0.000006    0.003054    5.349816
    0.019608    0.104706   -1.466006   -0.998971    0.000000       -1.997940        1.000000    0.034506    0.000095    0.003054    5.349816
    0.029412    0.156700   -1.413611   -0.998972    0.000000       -1.997943        1.000000    0.086146    0.000477    0.003054    5.349816
    0.039216    0.208264   -1.361215   -0.998975    0.000000       -1.997946        1.000000    0.154779    0.001498    0.003054    5.349816
    0.049020    0.259256   -1.308820   -0.998978    0.000000       -1.997950        1.000000    0.240217    0.003627    0.003054    5.349816
    0.058824    0.309537   -1.256424   -0.998983    0.000000       -1.997956        1.000000    0.342224    0.007445    0.003054    5.349816
    0.068627    0.358968   -1.204028   -0.998989    0.000000       -1.997964        1.000000    0.460521    0.013630    0.003054    5.349816
    0.078431    0.407414   -1.151632   -0.998996    0.000000       -1.997973        1.000000    0.594784    0.022935    0.003054    5.349816
    0.088235    0.454742   -1.099235   -0.999006    0.000000       -1.997985        1.000000    0.744643    0.036170    0.003054    5.349816
    0.098039    0.500821   -1.046838   -0.999018    0.000000       -1.998000        1.000000    0.909687    0.054177    0.003054    5.349816
    0.107843    0.545526   -0.994440   -0.999034    0.000000       -1.998020        1.000000    1.089464    0.077808    0.003054    5.349816
    0.117647    0.588733   -0.942041   -0.999054    0.000000       -1.998044        1.000000    1.283480    0.107898    0.003054    5.349816
    0.127451    0.630325   -0.889641   -0.999080    0.000000       -1.998075        1.000000    1.491202    0.145243    0.003054    5.349816
    0.137255    0.670186   -0.837239   -0.999114    0.000000       -1.998115        1.000000    1.712060    0.190576    0.003054    5.349816
    0.147059    0.708207   -0.784835   -0.999159    0.000000       -1.998168        1.000000    1.945449    0.244541    0.003054    5.349816
    0.156863    0.744284   -0.732428   -0.999220    0.000000       -1.998237        1.000000    2.190726    0.307677    0.003054    5.349816
    0.166667    0.778318   -0.680018   -0.999303    0.000000       -1.998331        1.000000    2.447219    0.380396    0.003054    5.349816
    0.176471    0.810215   -0.627603   -0.999419    0.000000       -1.998459        1.000000    2.714224    0.462969    0.003054    5.349816
    0.186275    0.839887   -0.575180   -0.999585    0.000000       -1.998641        1.000000    2.991007    0.555515    0.003054    5.349816
    0.196078    0.867252   -0.522746   -0.999829    0.000000       -1.998905        1.000000    3.276808    0.657988    0.003054    5.349816
    0.205882    0.892234   -0.470297   -1.000201    0.000000       -1.999303        1.000000    3.570842    0.770176    0.003054    5.349816
    0.215686    0.914764   -0.417823   -1.000794    0.000000       -1.999930        1.000000    3.872300    0.891698    0.003054    5.349816
    0.225490    0.934779   -0.365309   -1.001793    0.000000       -2.000974        1.000000    4.180355    1.022008    0.003054    5.349816
    0.235294    0.952220   -0.312723   -1.003603    0.000000       -2.002846        1.000000    4.494157    1.160398    0.003054    5.349816
    0.245098    0.967034   -0.260002   -1.007216    0.000000       -2.006550        1.000000    4.812841    1.306015    0.003054    5.349816
    0.254902    0.979170   -0.206989   -1.015495    0.000000       -2.014969        1.000000    5.135524    1.457867    0.003054    5.349816
    0.264706    0.988570   -0.153231   -1.038810    0.000000       -2.038520        1.000000    5.461305    1.614844    0.003054    5.349816
    0.274510    0.995132   -0.096964   -1.128415    0.000000       -2.128586        1.000000    5.789249    1.775728    0.003054    5.349816
    0.284314    0.998544   -0.030509   -1.397663    0.000000       -2.398655        1.000000    6.118317    1.939181    0.003054    5.349816
    0.294118    0.998737    0.009238   -0.027420    0.000000       -1.028642        1.000000    6.447449    2.103552    0.003054    5.349816
    0.303922    0.998398    0.002506    0.143762    0.000000       -0.857839        1.000000    6.776469    2.267839    0.003054    5.349816
    0.313725    0.998404   -0.001596    0.015232    0.000000       -0.986365        1.000000    7.105491    2.432081    0.003054    5.349816
    0.323529    0.998476   -0.000754   -0.028499    0.000000       -1.030025        1.000000    7.434537    2.596342    0.003054    5.349816
    0.333333    0.998485    0.000215   -0.006220    0.000000       -1.007738        1.000000    7.763585    2.760617    0.003054    5.349816
    0.343137    0.998472    0.000158    0.004644    0.000000       -0.996886        1.000000    8.092630    2.924890    0.003054    5.349816
    0.352941    0.998470   -0.000025    0.001600    0.000000       -0.999933        1.000000    8.421673    3.089160    0.003054    5.349816
    0.362745    0.998472   -0.000032   -0.000707    0.000000       -1.002237        1.000000    8.750717    3.253431    0.003054    5.349816
    0.372549    0.998472    0.000001   -0.000371    0.000000       -1.001901        1.000000    9.079762    3.417701    0.003054    5.349816
    0.382353    0.998472    0.000006    0.000095    0.000000       -1.001436        1.000000    9.408806    3.581972    0.003054    5.349816
    0.392157    0.998472    0.000000    0.000079    0.000000       -1.001452        1.000000    9.737851    3.746243    0.003054    5.349816
    0.401961    0.998472   -0.000001   -0.000010    0.000000       -1.001540        1.000000   10.066895    3.910514    0.003054    5.349816
    0.411765    0.998472   -0.000000   -0.000016    0.000000       -1.001546        1.000000   10.395939    4.074785    0.003054    5.349816
    0.421569    0.998472    0.000000    0.000000    0.000000       -1.001530        1.000000   10.724984    4.239055    0.003054    5.349816
    0.431373    0.998472    0.000000    0.000003    0.000000       -1.001527        1.000000   11.054028    4.403326    0.003054    5.349816
    0.441176    0.998472   -0.000000    0.000000    0.000000       -1.001530        1.000000   11.383072    4.567597    0.003054    5.349816
    0.450980    0.998472   -0.000000   -0.000001    0.000000       -1.001531        1.000000   11.712117    4.731868    0.003054    5.349816
    0.460784    0.998472    0.000000   -0.000000    0.000000       -1.001530        1.000000   12.041161    4.896138    0.003054    5.349816
    0.470588    0.998472    0.000000    0.000000    0.000000       -1.001530        1.000000   12.370205    5.060409    0.003054    5.349816
    0.480392    0.998472   -0.000000    0.000000    0.000000       -1.001530        1.000000   12.699250    5.224680    0.003054    5.349816
    0.490196    0.998472   -0.000000   -0.000000    0.000000       -1.001530        1.000000   13.028294    5.388951    0.003054    5.349816
    0.500000    0.998472    0.000000   -0.000000    0.000000       -1.001530        1.000000   13.357338    5.553222    0.003054    5.349816
    0.509804    0.998472    0.000000    0.000000    0.000000       -1.001530        1.000000   13.686383    5.717492    0.003054    5.349816
    0.519608    0.998472    0.000000    0.000000    0.000000       -1.001530        1.000000   14.015427    5.881763    0.003054    5.349816
    0.529412    0.998472   -0.000000   -0.000000    0.000000       -1.001530        1.000000   14.344472    6.046034    0.003054    5.349816
    0.539216    0.998472   -0.000000   -0.000000    0.000000       -1.001530        1.000000   14.673516    6.210305    0.003054    5.349816
    0.549020    0.998472    0.000000    0.000000    0.000000       -1.001530        1.000000   15.002560    6.374575    0.003054    5.349816
    0.558824    0.998472    0.000000    0.000000    0.000000       -1.001530        1.000000   15.331605    6.538846    0.003054    5.349816
    0.568627    0.998472    0.000000   -0.000000    0.000000       -1.001530        1.000000   15.660649    6.703117    0.003054    5.349816
    0.578431    0.998472    0.000000   -0.000000    0.000000       -1.001530        1.000000   15.989693    6.867388    0.003054    5.349816
    0.588235    0.998472    0.000000   -0.000000    0.000000       -1.001530        1.000000   16.318738    7.031659    0.003054    5.349816
    0.598039    0.998472    0.000000   -0.000000    0.000000       -1.001530        1.000000   16.647782    7.195929    0.003054    5.349816
    0.607843    0.998472    0.000000   -0.000000    0.000000       -1.001530        1.000000   16.976826    7.360200    0.003054    5.349816
    0.617647    0.998472    0.000000   -0.000000    0.000000       -1.001531        1.000000   17.305871    7.524471    0.003054    5.349816
    0.627451    0.998472    0.000000   -0.000001    0.000000       -1.001532        1.000000   17.634915    7.688742    0.003054    5.349816
    0.637255    0.998472    0.000000   -0.000008    0.000000       -1.001538        1.000000   17.963959    7.853012    0.003054    5.349816
    0.647059    0.998472    0.000001   -0.000042    0.000000       -1.001572        1.000000   18.293004    8.017283    0.003054    5.349816
    0.656863    0.998472    0.000007   -0.000224    0.000000       -1.001755        1.000000   18.622048    8.181554    0.003054    5.349816
    0.666667    0.998471    0.000038   -0.001199    0.000000       -1.002731        1.000000   18.951092    8.345825    0.003054    5.349816
    0.676471    0.998466    0.000200   -0.006387    0.000000       -1.007923        1.000000   19.280134    8.510094    0.003054    5.349816
    0.686275    0.998439    0.001057   -0.033195    0.000000       -1.034759        1.000000   19.609168    8.674360    0.003054    5.349816
    0.696078    0.998300    0.005252   -0.153523    0.000000       -1.155212        1.000000   19.938155    8.838602    0.003054    5.349816
    0.705882    0.997688    0.020960   -0.476586    0.000000       -1.478683        1.000000   20.266941    9.002725    0.003054    5.349816
    0.715686    0.995766    0.055158   -0.797008    0.000000       -1.799732        1.000000   20.595094    9.166353    0.003054    5.349816
    0.725490    0.991703    0.101101   -0.930677    0.000000       -1.933894        1.000000   20.921908    9.328632    0.003054    5.349816
    0.735294    0.985113    0.151264   -0.974347    0.000000       -1.977868        1.000000   21.246550    9.488387    0.003054    5.349816
    0.745098    0.975880    0.202843   -0.990079    0.000000       -1.993786        1.000000   21.568149    9.644379    0.003054    5.349816
    0.754902    0.963981    0.254968   -0.996666    0.000000       -2.000494        1.000000   21.885827    9.795407    0.003054    5.349816
    0.764706    0.949431    0.307333   -0.999803    0.000000       -2.003714        1.000000   22.198710    9.940360    0.003054    5.349816
    0.774510    0.932260    0.359820   -1.001455    0.000000       -2.005424        1.000000   22.505934   10.078236    0.003054    5.349816
    0.784314    0.912511    0.412372   -1.002395    0.000000       -2.006407        1.000000   22.806650   10.208165    0.003054    5.349816
    0.794118    0.890237    0.464963   -1.002964    0.000000       -2.007009        1.000000   23.100026   10.329425    0.003054    5.349816
    0.803922    0.865497    0.517578   -1.003326    0.000000       -2.007396        1.000000   23.385249   10.441451    0.003054    5.349816
    0.813725    0.838360    0.570208   -1.003565    0.000000       -2.007655        1.000000   23.661528   10.543846    0.003054    5.349816
    0.823529    0.808898    0.622849   -1.003729    0.000000       -2.007835        1.000000   23.928099   10.636380    0.003054    5.349816
    0.833333    0.777195    0.675497   -1.003844    0.000000       -2.007963        1.000000   24.184222   10.718991    0.003054    5.349816
    0.843137    0.743337    0.728150   -1.003927    0.000000       -2.008056        1.000000   24.429187   10.791784    0.003054    5.349816
    0.852941    0.707419    0.780807   -1.003987    0.000000       -2.008125        1.000000   24.662316   10.855017    0.003054    5.349816
    0.862745    0.669538    0.833466   -1.004032    0.000000       -2.008178        1.000000   24.882961   10.909090    0.003054    5.349816
    0.872549    0.629802    0.886128   -1.004067    0.000000       -2.008218        1.000000   25.090510   10.954534    0.003054    5.349816
    0.882353    0.588319    0.938791   -1.004093    0.000000       -2.008249        1.000000   25.284390   10.991986    0.003054    5.349816
    0.892157    0.545204    0.991455   -1.004113    0.000000       -2.008274        1.000000   25.464061   11.022173    0.003054    5.349816
    0.901961    0.500578    1.044121   -1.004129    0.000000       -2.008293        1.000000   25.629025   11.045887    0.003054    5.349816
    0.911765    0.454563    1.096787   -1.004141    0.000000       -2.008308        1.000000   25.778825   11.063964    0.003054    5.349816
    0.921569    0.407288    1.149453   -1.004151    0.000000       -2.008320        1.000000   25.913046   11.077253    0.003054    5.349816
    0.931373    0.358883    1.202121   -1.004158    0.000000       -2.008330        1.000000   26.031315   11.086599    0.003054    5.349816
    0.941176    0.309484    1.254788   -1.004164    0.000000       -2.008337        1.000000   26.133305   11.092812    0.003054    5.349816
    0.950980    0.259225    1.307456   -1.004169    0.000000       -2.008343        1.000000   26.218732   11.096649    0.003054    5.349816
    0.960784    0.208248    1.360124   -1.004172    0.000000       -2.008348        1.000000   26.287360   11.098789    0.003054    5.349816
    0.970588    0.156694    1.412792   -1.004174    0.000000       -2.008351        1.000000   26.338998   11.099815    0.003054    5.349816
    0.980392    0.104704    1.465460   -1.004176    0.000000       -2.008353        1.000000   26.373503   11.100199    0.003054    5.349816
    0.990196    0.052425    1.518128   -1.004177    0.000000       -2.008355        1.000000   26.390780   11.100288    0.003054    5.349816
    1.000000    0.000000    1.570796   -1.004177    0.000000       -2.008355        1.000000   26.390780   11.100294    0.003054    5.349816
