           t           r         psi          cs          qs               p             sig           A           V          Q2           S
    0.000000   -0.000000   -1.570796   -1.012602    0.000000       -2.025204        1.000000    0.000000   -0.000000    0.258963    6.345752
    0.009804    0.062172   -1.507787   -1.013189    0.000000       -2.025986        1.000000    0.000000    0.000012    0.258963    6.345752
    0.019608    0.124097   -1.444704   -1.014989    0.000000       -2.028378        1.000000    0.048509    0.000190    0.258963    6.345752
    0.029412    0.185528   -1.381468   -1.018116    0.000000       -2.032513        1.000000    0.121032    0.000955    0.258963    6.345752
    0.039216    0.246218   -1.317991   -1.022767    0.000000       -2.038619        1.000000    0.217278    0.002992    0.258963    6.345752
    0.049020    0.305917   -1.254171   -1.029227    0.000000       -2.047024        1.000000    0.336860    0.007227    0.258963    6.345752
    0.058824    0.364375   -1.189883   -1.037890    0.000000       -2.058180        1.000000    0.479293    0.014790    0.258963    6.345752
    0.068627    0.421340   -1.124974   -1.049283    0.000000       -2.072685        1.000000    0.643994    0.026976    0.258963    6.345752
    0.078431    0.476553   -1.059253   -1.064102    0.000000       -2.091320        1.000000    0.830277    0.045198    0.258963    6.345752
    0.088235    0.529749   -0.992481   -1.083254    0.000000       -2.115090        1.000000    1.037355    0.070929    0.258963    6.345752
    0.098039    0.580652   -0.924354   -1.107891    0.000000       -2.145260        1.000000    1.264330    0.105648    0.258963    6.345752
    0.107843    0.628970   -0.854487   -1.139430    0.000000       -2.183367        1.000000    1.510193    0.150771    0.258963    6.345752
    0.117647    0.674390   -0.782402   -1.179492    0.000000       -2.231143        1.000000    1.773810    0.207586    0.258963    6.345752
    0.127451    0.716569   -0.707518   -1.229643    0.000000       -2.290222        1.000000    2.053915    0.277175    0.258963    6.345752
    0.137255    0.755127   -0.629175   -1.290674    0.000000       -2.361373        1.000000    2.349092    0.360329    0.258963    6.345752
    0.147059    0.789643   -0.546728   -1.360965    0.000000       -2.442758        1.000000    2.657761    0.457444    0.258963    6.345752
    0.156863    0.819659   -0.459784   -1.433333    0.000000       -2.526651        1.000000    2.978164    0.568397    0.258963    6.345752
    0.166667    0.844707   -0.368691   -1.490403    0.000000       -2.594691        1.000000    3.308357    0.692407    0.258963    6.345752
    0.176471    0.864391   -0.275286   -1.501509    0.000000       -2.614833        1.000000    3.646246    0.827915    0.258963    6.345752
    0.186275    0.878513   -0.183601   -1.429334    0.000000       -2.548490        1.000000    3.989654    0.972582    0.258963    6.345752
    0.196078    0.887235   -0.099634   -1.252795    0.000000       -2.374302        1.000000    4.336472    1.123529    0.258963    6.345752
    0.205882    0.891164   -0.029517   -0.990888    0.000000       -2.112526        1.000000    4.684826    1.277852    0.258963    6.345752
    0.215686    0.891272    0.022988   -0.696567    0.000000       -1.818262        1.000000    5.033222    1.433168    0.258963    6.345752
    0.225490    0.888678    0.057612   -0.423390    0.000000       -1.546791        1.000000    5.380604    1.587894    0.258963    6.345752
    0.235294    0.884430    0.076749   -0.201487    0.000000       -1.328831        1.000000    5.726325    1.741186    0.258963    6.345752
    0.245098    0.879386    0.083892   -0.037523    0.000000       -1.170682        1.000000    6.070075    1.892711    0.258963    6.345752
    0.254902    0.874180    0.082493    0.074720    0.000000       -1.065320        1.000000    6.411790    2.042433    0.258963    6.345752
    0.264706    0.869249    0.075454    0.145526    0.000000       -1.001619        1.000000    6.751577    2.190472    0.258963    6.345752
    0.274510    0.864870    0.065036    0.184884    0.000000       -0.968915        1.000000    7.089652    2.337026    0.258963    6.345752
    0.284314    0.861197    0.052929    0.201067    0.000000       -0.958481        1.000000    7.426292    2.482325    0.258963    6.345752
    0.294118    0.858297    0.040364    0.200534    0.000000       -0.963615        1.000000    7.761798    2.626614    0.258963    6.345752
    0.303922    0.856168    0.028220    0.188247    0.000000       -0.979283        1.000000    8.096472    2.770133    0.258963    6.345752
    0.313725    0.854764    0.017105    0.168042    0.000000       -1.001700        1.000000    8.430597    2.913110    0.258963    6.345752
    0.323529    0.854010    0.007413    0.142929    0.000000       -1.027985        1.000000    8.764427    3.055756    0.258963    6.345752
    0.333333    0.853808   -0.000628    0.115311    0.000000       -1.055913        1.000000    9.098178    3.198254    0.258963    6.345752
    0.343137    0.854052   -0.006924    0.087125    0.000000       -1.083736        1.000000    9.432025    3.340762    0.258963    6.345752
    0.352941    0.854633   -0.011489    0.059928    0.000000       -1.110088        1.000000    9.766099    3.483406    0.258963    6.345752
    0.362745    0.855447   -0.014426    0.034942    0.000000       -1.133916        1.000000   10.100491    3.626280    0.258963    6.345752
    0.372549    0.856398   -0.015902    0.013077    0.000000       -1.154457        1.000000   10.435255    3.769447    0.258963    6.345752
    0.382353    0.857400   -0.016131   -0.005061    0.000000       -1.171226        1.000000   10.770410    3.912942    0.258963    6.345752
    0.392157    0.858384   -0.015356   -0.019157    0.000000       -1.184000        1.000000   11.105950    4.056771    0.258963    6.345752
    0.401961    0.859295   -0.013832   -0.029175    0.000000       -1.192809        1.000000   11.441847    4.200922    0.258963    6.345752
    0.411765    0.860095   -0.011806   -0.035322    0.000000       -1.197904        1.000000   11.778056    4.345365    0.258963    6.345752
    0.421569    0.860759   -0.009509   -0.038005    0.000000       -1.199718        1.000000   12.114524    4.490058    0.258963    6.345752
    0.431373    0.861276   -0.007138   -0.037774    0.000000       -1.198812        1.000000   12.451194    4.634954    0.258963    6.345752
    0.441176    0.861649   -0.004856   -0.035263    0.000000       -1.195815        1.000000   12.788011    4.780001    0.258963    6.345752
    0.450980    0.861885   -0.002784   -0.031126    0.000000       -1.191369        1.000000   13.124919    4.925152    0.258963    6.345752
    0.460784    0.862001   -0.001004   -0.025989    0.000000       -1.186080        1.000000   13.461873    5.070362    0.258963    6.345752
    0.470588    0.862017    0.000441   -0.020409    0.000000       -1.180480        1.000000   13.798833    5.215595    0.258963    6.345752
    0.480392    0.861953    0.001536   -0.014849    0.000000       -1.175003        1.000000   14.135769    5.360819    0.258963    6.345752
    0.490196    0.861833    0.002296   -0.009667    0.000000       -1.169982        1.000000   14.472657    5.506011    0.258963    6.345752
    0.500000    0.861674    0.002752   -0.005114    0.000000       -1.165641        1.000000   14.809483    5.651155    0.258963    6.345752
    0.509804    0.861496    0.002949   -0.001346    0.000000       -1.162113        1.000000   15.146239    5.796242    0.258963    6.345752
    0.519608    0.861311    0.002937    0.001562    0.000000       -1.159453        1.000000   15.482924    5.941267    0.258963    6.345752
    0.529412    0.861133    0.002772    0.003605    0.000000       -1.157651        1.000000   15.819539    6.086231    0.258963    6.345752
    0.539216    0.860969    0.002506    0.004825    0.000000       -1.156654        1.000000   16.156089    6.231138    0.258963    6.345752
    0.549020    0.860822    0.002188    0.005296    0.000000       -1.156381        1.000000   16.492582    6.375992    0.258963    6.345752
    0.558824    0.860697    0.001861    0.005111    0.000000       -1.156737        1.000000   16.829026    6.520800    0.258963    6.345752
    0.568627    0.860590    0.001563    0.004366    0.000000       -1.157626        1.000000   17.165429    6.665570    0.258963    6.345752
    0.578431    0.860501    0.001327    0.003152    0.000000       -1.158961        1.000000   17.501796    6.810307    0.258963    6.345752
    0.588235    0.860423    0.001179    0.001543    0.000000       -1.160675        1.000000   17.838134    6.955015    0.258963    6.345752
    0.598039    0.860352    0.001142   -0.000410    0.000000       -1.162725        1.000000   18.174443    7.099700    0.258963    6.345752
    0.607843    0.860279    0.001237   -0.002687    0.000000       -1.165100        1.000000   18.510724    7.244359    0.258963    6.345752
    0.617647    0.860195    0.001484   -0.005300    0.000000       -1.167826        1.000000   18.846972    7.388993    0.258963    6.345752
    0.627451    0.860090    0.001904   -0.008305    0.000000       -1.170971        1.000000   19.183179    7.533595    0.258963    6.345752
    0.637255    0.859954    0.002527   -0.011803    0.000000       -1.174652        1.000000   19.519332    7.678157    0.258963    6.345752
    0.647059    0.859771    0.003386   -0.015945    0.000000       -1.179039        1.000000   19.855415    7.822666    0.258963    6.345752
    0.656863    0.859526    0.004529   -0.020943    0.000000       -1.184363        1.000000   20.191401    7.967103    0.258963    6.345752
    0.666667    0.859200    0.006016   -0.027074    0.000000       -1.190926        1.000000   20.527261    8.111443    0.258963    6.345752
    0.676471    0.858769    0.007928   -0.034692    0.000000       -1.199113        1.000000   20.862951    8.255656    0.258963    6.345752
    0.686275    0.858203    0.010372   -0.044236    0.000000       -1.209399        1.000000   21.198420    8.399699    0.258963    6.345752
    0.696078    0.857465    0.013483   -0.056242    0.000000       -1.222365        1.000000   21.533601    8.543521    0.258963    6.345752
    0.705882    0.856508    0.017434   -0.071352    0.000000       -1.238706        1.000000   21.868408    8.687053    0.258963    6.345752
    0.715686    0.855274    0.022441   -0.090314    0.000000       -1.259236        1.000000   22.202732    8.830210    0.258963    6.345752
    0.725490    0.853688    0.028769   -0.113975    0.000000       -1.284878        1.000000   22.536437    8.972878    0.258963    6.345752
    0.735294    0.851661    0.036739   -0.143257    0.000000       -1.316641        1.000000   22.869349    9.114918    0.258963    6.345752
    0.745098    0.849076    0.046730   -0.179103    0.000000       -1.355567        1.000000   23.201251    9.256147    0.258963    6.345752
    0.754902    0.845797    0.059179   -0.222389    0.000000       -1.402635        1.000000   23.531871    9.396334    0.258963    6.345752
    0.764706    0.841657    0.074570   -0.273804    0.000000       -1.458635        1.000000   23.860872    9.535186    0.258963    6.345752
    0.774510    0.836456    0.093423   -0.333688    0.000000       -1.523994        1.000000   24.187841    9.672334    0.258963    6.345752
    0.784314    0.829968    0.116262   -0.401864    0.000000       -1.598597        1.000000   24.512273    9.807319    0.258963    6.345752
    0.794118    0.821932    0.143581   -0.477498    0.000000       -1.681624        1.000000   24.833564    9.939578    0.258963    6.345752
    0.803922    0.812066    0.175799   -0.559035    0.000000       -1.771482        1.000000   25.150998   10.068436    0.258963    6.345752
    0.813725    0.800069    0.213217   -0.644266    0.000000       -1.865855        1.000000   25.463743   10.193100    0.258963    6.345752
    0.823529    0.785635    0.255984   -0.730537    0.000000       -1.961916        1.000000   25.770846   10.312672    0.258963    6.345752
    0.833333    0.768468    0.304079   -0.815068    0.000000       -2.056659        1.000000   26.071238   10.426172    0.258963    6.345752
    0.843137    0.748294    0.357311   -0.895303    0.000000       -2.147272        1.000000   26.363744   10.532583    0.258963    6.345752
    0.852941    0.724878    0.415346   -0.969211    0.000000       -2.231459        1.000000   26.647097   10.630906    0.258963    6.345752
    0.862745    0.698035    0.477747   -1.035444    0.000000       -2.307634        1.000000   26.919958   10.720237    0.258963    6.345752
    0.872549    0.667638    0.544010   -1.093368    0.000000       -2.374960        1.000000   27.180936   10.799836    0.258963    6.345752
    0.882353    0.633626    0.613617   -1.142960    0.000000       -2.433265        1.000000   27.428618   10.869201    0.258963    6.345752
    0.892157    0.596002    0.686061   -1.184657    0.000000       -2.482887        1.000000   27.661594   10.928128    0.258963    6.345752
    0.901961    0.554836    0.760871   -1.219178    0.000000       -2.524494        1.000000   27.878478   10.976737    0.258963    6.345752
    0.911765    0.510256    0.837628   -1.247379    0.000000       -2.558930        1.000000   28.077936   11.015487    0.258963    6.345752
    0.921569    0.462450    0.915966   -1.270140    0.000000       -2.587092        1.000000   28.258706   11.045155    0.258963    6.345752
    0.931373    0.411654    0.995572   -1.288291    0.000000       -2.609846        1.000000   28.419621   11.066787    0.258963    6.345752
    0.941176    0.358148    1.076183   -1.302576    0.000000       -2.627981        1.000000   28.559620   11.081633    0.258963    6.345752
    0.950980    0.302252    1.157580   -1.313630    0.000000       -2.642182        1.000000   28.677769   11.091052    0.258963    6.345752
    0.960784    0.244316    1.239577   -1.321978    0.000000       -2.653026        1.000000   28.773272   11.096425    0.258963    6.345752
    0.970588    0.184718    1.322022   -1.328043    0.000000       -2.660977        1.000000   28.845477   11.099049    0.258963    6.345752
    0.980392    0.123855    1.404780   -1.332145    0.000000       -2.666397        1.000000   28.893892   11.100045    0.258963    6.345752
    0.990196    0.062142    1.487740   -1.334513    0.000000       -2.669543        1.000000   28.918183   11.100278    0.258963    6.345752
    1.000000    0.000000    1.570796   -1.335287    0.000000       -2.670574        1.000000   28.918183   11.100294    0.258963    6.345752
