           t           r         psi          cs          qs               p             sig           A           V          Q2           S
    0.000000    0.000000   -1.570796   -1.012603    0.000000       -2.025206        1.000000    0.000000    0.000000    0.260055    3.836359
    0.009804    0.037602   -1.532708   -1.012819    0.000000       -2.025494        1.000000    0.000000    0.000002    0.260055    3.836359
    0.019608    0.075150   -1.494604   -1.013475    0.000000       -2.026367        1.000000    0.017759    0.000025    0.260055    3.836359
    0.029412    0.112589   -1.456466   -1.014584    0.000000       -2.027842        1.000000    0.044366    0.000128    0.260055    3.836359
    0.039216    0.149863   -1.418278   -1.016174    0.000000       -2.029949        1.000000    0.079782    0.000405    0.260055    3.836359
    0.049020    0.186920   -1.380020   -1.018280    0.000000       -2.032730        1.000000    0.123955    0.000984    0.260055    3.836359
    0.058824    0.223703   -1.341673   -1.020951    0.000000       -2.036242        1.000000    0.176820    0.002030    0.260055    3.836359
    0.068627    0.260158   -1.303214   -1.024246    0.000000       -2.040553        1.000000    0.238300    0.003740    0.260055    3.836359
    0.078431    0.296230   -1.264618   -1.028239    0.000000       -2.045748        1.000000    0.308305    0.006339    0.260055    3.836359
    0.088235    0.331864   -1.225857   -1.033017    0.000000       -2.051927        1.000000    0.386731    0.010079    0.260055    3.836359
    0.098039    0.367004   -1.186900   -1.038688    0.000000       -2.059211        1.000000    0.473461    0.015235    0.260055    3.836359
    0.107843    0.401593   -1.147711   -1.045376    0.000000       -2.067744        1.000000    0.568365    0.022102    0.260055    3.836359
    0.117647    0.435575   -1.108250   -1.053231    0.000000       -2.077691        1.000000    0.671300    0.030989    0.260055    3.836359
    0.127451    0.468892   -1.068468   -1.062427    0.000000       -2.089248        1.000000    0.782108    0.042217    0.260055    3.836359
    0.137255    0.501485   -1.028312   -1.073168    0.000000       -2.102642        1.000000    0.900618    0.056114    0.260055    3.836359
    0.147059    0.533294   -0.987719   -1.085691    0.000000       -2.118134        1.000000    1.026646    0.073009    0.260055    3.836359
    0.156863    0.564258   -0.946617   -1.100270    0.000000       -2.136023        1.000000    1.159991    0.093227    0.260055    3.836359
    0.166667    0.594311   -0.904924   -1.117214    0.000000       -2.156644        1.000000    1.300438    0.117086    0.260055    3.836359
    0.176471    0.623388   -0.862543   -1.136863    0.000000       -2.180367        1.000000    1.447756    0.144888    0.260055    3.836359
    0.186275    0.651419   -0.819367   -1.159585    0.000000       -2.207580        1.000000    1.601699    0.176917    0.260055    3.836359
    0.196078    0.678329   -0.775273   -1.185749    0.000000       -2.238674        1.000000    1.762001    0.213429    0.260055    3.836359
    0.205882    0.704041   -0.730125   -1.215685    0.000000       -2.273991        1.000000    1.928380    0.254649    0.260055    3.836359
    0.215686    0.728472   -0.683776   -1.249618    0.000000       -2.313754        1.000000    2.100532    0.300761    0.260055    3.836359
    0.225490    0.751531   -0.636075   -1.287546    0.000000       -2.357939        1.000000    2.278133    0.351900    0.260055    3.836359
    0.235294    0.773124   -0.586878   -1.329058    0.000000       -2.406082        1.000000    2.460837    0.408146    0.260055    3.836359
    0.245098    0.793152   -0.536068   -1.373064    0.000000       -2.456997        1.000000    2.648274    0.469509    0.260055    3.836359
    0.254902    0.811510   -0.483587   -1.417432    0.000000       -2.508402        1.000000    2.840049    0.535921    0.260055    3.836359
    0.264706    0.828093   -0.429484   -1.458567    0.000000       -2.556488        1.000000    3.035744    0.607222    0.260055    3.836359
    0.274510    0.842801   -0.373977   -1.491053    0.000000       -2.595563        1.000000    3.234914    0.683151    0.260055    3.836359
    0.284314    0.855548   -0.317523   -1.507608    0.000000       -2.618022        1.000000    3.437096    0.763339    0.260055    3.836359
    0.294118    0.866272   -0.260878   -1.499705    0.000000       -2.615017        1.000000    3.641813    0.847304    0.260055    3.836359
    0.303922    0.874950   -0.205121   -1.459170    0.000000       -2.578133        1.000000    3.848580    0.934473    0.260055    3.836359
    0.313725    0.881613   -0.151594   -1.380625    0.000000       -2.501901        1.000000    4.056922    1.024201    0.260055    3.836359
    0.323529    0.886351   -0.101748   -1.263899    0.000000       -2.386286        1.000000    4.266384    1.115822    0.260055    3.836359
    0.333333    0.889314   -0.056924   -1.115093    0.000000       -2.237734        1.000000    4.476546    1.208693    0.260055    3.836359
    0.343137    0.890705   -0.018130   -0.945409    0.000000       -2.067931        1.000000    4.687036    1.302245    0.260055    3.836359
    0.352941    0.890760    0.014098   -0.768221    0.000000       -1.890746        1.000000    4.897540    1.396010    0.260055    3.836359
    0.362745    0.889727    0.039719   -0.595867    0.000000       -1.718921        1.000000    5.107799    1.489634    0.260055    3.836359
    0.372549    0.887851    0.059099   -0.437539    0.000000       -1.561887        1.000000    5.317615    1.582869    0.260055    3.836359
    0.382353    0.885355    0.072877   -0.298662    0.000000       -1.425155        1.000000    5.526842    1.675554    0.260055    3.836359
    0.392157    0.882434    0.081837   -0.181396    0.000000       -1.310832        1.000000    5.735378    1.767595    0.260055    3.836359
    0.401961    0.879256    0.086792   -0.085583    0.000000       -1.218628        1.000000    5.943163    1.858949    0.260055    3.836359
    0.411765    0.875954    0.088525   -0.009696    0.000000       -1.146838        1.000000    6.150168    1.949604    0.260055    3.836359
    0.421569    0.872637    0.087744    0.048440    0.000000       -1.093104        1.000000    6.356388    2.039572    0.260055    3.836359
    0.431373    0.869386    0.085074    0.091174    0.000000       -1.054904        1.000000    6.561841    2.128878    0.260055    3.836359
    0.441176    0.866262    0.081050    0.120764    0.000000       -1.029832        1.000000    6.766555    2.217556    0.260055    3.836359
    0.450980    0.863307    0.076129    0.139248    0.000000       -1.015734        1.000000    6.970571    2.305646    0.260055    3.836359
    0.460784    0.860547    0.070693    0.148401    0.000000       -1.010748        1.000000    7.173935    2.393188    0.260055    3.836359
    0.470588    0.857996    0.065064    0.149732    0.000000       -1.013309        1.000000    7.376696    2.480227    0.260055    3.836359
    0.480392    0.855655    0.059511    0.144508    0.000000       -1.022118        1.000000    7.578903    2.566802    0.260055    3.836359
    0.490196    0.853518    0.054262    0.133781    0.000000       -1.036115        1.000000    7.780606    2.652953    0.260055    3.836359
    0.500000    0.851569    0.049506    0.118423    0.000000       -1.054441        1.000000    7.981848    2.738717    0.260055    3.836359
    0.509804    0.849788    0.045403    0.099144    0.000000       -1.076408        1.000000    8.182669    2.824125    0.260055    3.836359
    0.519608    0.848145    0.042090    0.076525    0.000000       -1.101474        1.000000    8.383102    2.909204    0.260055    3.836359
    0.529412    0.846611    0.039683    0.051029    0.000000       -1.129222        1.000000    8.583173    2.993977    0.260055    3.836359
    0.539216    0.845148    0.038283    0.023019    0.000000       -1.159338        1.000000    8.782897    3.078456    0.260055    3.836359
    0.549020    0.843718    0.037979   -0.007226    0.000000       -1.191601        1.000000    8.982284    3.162651    0.260055    3.836359
    0.558824    0.842278    0.038852   -0.039505    0.000000       -1.225866        1.000000    9.181330    3.246560    0.260055    3.836359
    0.568627    0.840781    0.040975   -0.073682    0.000000       -1.262054        1.000000    9.380023    3.330172    0.260055    3.836359
    0.578431    0.839180    0.044417   -0.109676    0.000000       -1.300141        1.000000    9.578337    3.413468    0.260055    3.836359
    0.588235    0.837423    0.049247   -0.147451    0.000000       -1.340143        1.000000    9.776236    3.496417    0.260055    3.836359
    0.598039    0.835458    0.055531   -0.187004    0.000000       -1.382106        1.000000    9.973671    3.578976    0.260055    3.836359
    0.607843    0.833229    0.063337   -0.228347    0.000000       -1.426091        1.000000   10.170579    3.661090    0.260055    3.836359
    0.617647    0.830677    0.072731   -0.271499    0.000000       -1.472153        1.000000   10.366884    3.742691    0.260055    3.836359
    0.627451    0.827742    0.083782   -0.316459    0.000000       -1.520326        1.000000   10.562495    3.823695    0.260055    3.836359
    0.637255    0.824361    0.096558   -0.363195    0.000000       -1.570605        1.000000   10.757308    3.904004    0.260055    3.836359
    0.647059    0.820468    0.111124   -0.411627    0.000000       -1.622925        1.000000   10.951200    3.983502    0.260055    3.836359
    0.656863    0.815997    0.127541   -0.461607    0.000000       -1.677148        1.000000   11.144036    4.062058    0.260055    3.836359
    0.666667    0.810877    0.145864   -0.512916    0.000000       -1.733052        1.000000   11.335661    4.139525    0.260055    3.836359
    0.676471    0.805040    0.166137   -0.565255    0.000000       -1.790326        1.000000   11.525908    4.215735    0.260055    3.836359
    0.686275    0.798414    0.188392   -0.618251    0.000000       -1.848574        1.000000   11.714588    4.290508    0.260055    3.836359
    0.696078    0.790929    0.212646   -0.671468    0.000000       -1.907326        1.000000   11.901500    4.363647    0.260055    3.836359
    0.705882    0.782515    0.238899   -0.724423    0.000000       -1.966059        1.000000   12.086423    4.434940    0.260055    3.836359
    0.715686    0.773107    0.267130   -0.776615    0.000000       -2.024221        1.000000   12.269123    4.504167    0.260055    3.836359
    0.725490    0.762638    0.297302   -0.827542    0.000000       -2.081256        1.000000   12.449349    4.571100    0.260055    3.836359
    0.735294    0.751052    0.329358   -0.876738    0.000000       -2.136638        1.000000   12.626837    4.635508    0.260055    3.836359
    0.745098    0.738292    0.363225   -0.923785    0.000000       -2.189891        1.000000   12.801309    4.697163    0.260055    3.836359
    0.754902    0.724311    0.398816   -0.968339    0.000000       -2.240612        1.000000   12.972478    4.755844    0.260055    3.836359
    0.764706    0.709068    0.436032   -1.010135    0.000000       -2.288481        1.000000   13.140044    4.811347    0.260055    3.836359
    0.774510    0.692531    0.474765   -1.048994    0.000000       -2.333269        1.000000   13.303703    4.863485    0.260055    3.836359
    0.784314    0.674675    0.514902   -1.084823    0.000000       -2.374838        1.000000   13.463141    4.912102    0.260055    3.836359
    0.794118    0.655484    0.556330   -1.117601    0.000000       -2.413131        1.000000   13.618045    4.957071    0.260055    3.836359
    0.803922    0.634951    0.598933   -1.147374    0.000000       -2.448163        1.000000   13.768096    4.998304    0.260055    3.836359
    0.813725    0.613079    0.642602   -1.174243    0.000000       -2.480012        1.000000   13.912978    5.035754    0.260055    3.836359
    0.823529    0.589877    0.687228   -1.198345    0.000000       -2.508801        1.000000   14.052377    5.069418    0.260055    3.836359
    0.833333    0.565365    0.732712   -1.219850    0.000000       -2.534686        1.000000   14.185984    5.099339    0.260055    3.836359
    0.843137    0.539572    0.778958   -1.238939    0.000000       -2.557847        1.000000   14.313495    5.125606    0.260055    3.836359
    0.852941    0.512532    0.825880   -1.255806    0.000000       -2.578476        1.000000   14.434616    5.148353    0.260055    3.836359
    0.862745    0.484288    0.873398   -1.270642    0.000000       -2.596766        1.000000   14.549062    5.167755    0.260055    3.836359
    0.872549    0.454890    0.921439   -1.283634    0.000000       -2.612912        1.000000   14.656562    5.184026    0.260055    3.836359
    0.882353    0.424395    0.969936   -1.294961    0.000000       -2.627100        1.000000   14.756854    5.197411    0.260055    3.836359
    0.892157    0.392864    1.018830   -1.304787    0.000000       -2.639504        1.000000   14.849695    5.208184    0.260055    3.836359
    0.901961    0.360366    1.068068   -1.313266    0.000000       -2.650288        1.000000   14.934857    5.216636    0.260055    3.836359
    0.911765    0.326974    1.117602   -1.320534    0.000000       -2.659600        1.000000   15.012127    5.223073    0.260055    3.836359
    0.921569    0.292763    1.167389   -1.326715    0.000000       -2.667574        1.000000   15.081313    5.227801    0.260055    3.836359
    0.931373    0.257817    1.217389   -1.331918    0.000000       -2.674329        1.000000   15.142240    5.231123    0.260055    3.836359
    0.941176    0.222218    1.267568   -1.336237    0.000000       -2.679972        1.000000   15.194754    5.233331    0.260055    3.836359
    0.950980    0.186056    1.317895   -1.339755    0.000000       -2.684592        1.000000   15.238723    5.234694    0.260055    3.836359
    0.960784    0.149419    1.368339   -1.342540    0.000000       -2.688266        1.000000   15.274033    5.235453    0.260055    3.836359
    0.970588    0.112400    1.418876   -1.344647    0.000000       -2.691057        1.000000   15.300595    5.235818    0.260055    3.836359
    0.980392    0.075094    1.469479   -1.346120    0.000000       -2.693015        1.000000   15.318342    5.235954    0.260055    3.836359
    0.990196    0.037595    1.520127   -1.346991    0.000000       -2.694175        1.000000   15.327226    5.235986    0.260055    3.836359
    1.000000    0.000000    1.570796   -1.347280    0.000000       -2.694559        1.000000   15.327226    5.235988    0.260055    3.836359
