           t           r         psi          cs          qs               p             sig           A           V          Q2           S
    0.000000    0.000000   -1.570796   -1.023207    0.000000       -2.046414        1.000000    0.000000   -0.000000    0.293387    3.907940
    0.009804    0.038303   -1.531590   -1.023491    0.000000       -2.046792        1.000000    0.000000    0.000002    0.293387    3.907940
    0.019608    0.076548   -1.492363   -1.024350    0.000000       -2.047936        1.000000    0.018427    0.000028    0.293387    3.907940
    0.029412    0.114674   -1.453091   -1.025804    0.000000       -2.049869        1.000000    0.046033    0.000140    0.293387    3.907940
    0.039216    0.152624   -1.413751   -1.027889    0.000000       -2.052632        1.000000    0.082774    0.000440    0.293387    3.907940
    0.049020    0.190338   -1.374319   -1.030652    0.000000       -2.056280        1.000000    0.128593    0.001070    0.293387    3.907940
    0.058824    0.227756   -1.334767   -1.034157    0.000000       -2.060887        1.000000    0.183421    0.002208    0.293387    3.907940
    0.068627    0.264820   -1.295065   -1.038482    0.000000       -2.066544        1.000000    0.247171    0.004067    0.293387    3.907940
    0.078431    0.301468   -1.255180   -1.043724    0.000000       -2.073361        1.000000    0.319743    0.006891    0.293387    3.907940
    0.088235    0.337641   -1.215075   -1.049998    0.000000       -2.081469        1.000000    0.401022    0.010953    0.293387    3.907940
    0.098039    0.373277   -1.174707   -1.057442    0.000000       -2.091026        1.000000    0.490881    0.016551    0.293387    3.907940
    0.107843    0.408314   -1.134030   -1.066217    0.000000       -2.102214        1.000000    0.589173    0.024003    0.293387    3.907940
    0.117647    0.442688   -1.092988   -1.076514    0.000000       -2.115245        1.000000    0.695741    0.033642    0.293387    3.907940
    0.127451    0.476336   -1.051519   -1.088551    0.000000       -2.130364        1.000000    0.810409    0.045812    0.293387    3.907940
    0.137255    0.509191   -1.009551   -1.102580    0.000000       -2.147848        1.000000    0.932986    0.060864    0.293387    3.907940
    0.147059    0.541184   -0.967003   -1.118886    0.000000       -2.168010        1.000000    1.063264    0.079148    0.293387    3.907940
    0.156863    0.572245   -0.923782   -1.137784    0.000000       -2.191192        1.000000    1.201020    0.101008    0.293387    3.907940
    0.166667    0.602298   -0.879781   -1.159613    0.000000       -2.217759        1.000000    1.346010    0.126775    0.293387    3.907940
    0.176471    0.631266   -0.834883   -1.184716    0.000000       -2.248078        1.000000    1.497974    0.156764    0.293387    3.907940
    0.186275    0.659066   -0.788955   -1.213412    0.000000       -2.282481        1.000000    1.656630    0.191260    0.293387    3.907940
    0.196078    0.685611   -0.741855   -1.245940    0.000000       -2.321209        1.000000    1.821676    0.230517    0.293387    3.907940
    0.205882    0.710807   -0.693433   -1.282366    0.000000       -2.364313        1.000000    1.992788    0.274743    0.293387    3.907940
    0.215686    0.734555   -0.643545   -1.322445    0.000000       -2.411504        1.000000    2.169616    0.324097    0.293387    3.907940
    0.225490    0.756750   -0.592062   -1.365408    0.000000       -2.461928        1.000000    2.351788    0.378671    0.293387    3.907940
    0.235294    0.777281   -0.538902   -1.409679    0.000000       -2.513878        1.000000    2.538901    0.438483    0.293387    3.907940
    0.245098    0.796036   -0.484061   -1.452526    0.000000       -2.564425        1.000000    2.730530    0.503458    0.293387    3.907940
    0.254902    0.812905   -0.427671   -1.489718    0.000000       -2.609078        1.000000    2.926220    0.573424    0.293387    3.907940
    0.264706    0.827786   -0.370057   -1.515341    0.000000       -2.641606        1.000000    3.125491    0.648092    0.293387    3.907940
    0.274510    0.840595   -0.311798   -1.522032    0.000000       -2.654305        1.000000    3.327847    0.727057    0.293387    3.907940
    0.284314    0.851282   -0.253772   -1.501916    0.000000       -2.638992        1.000000    3.532775    0.809799    0.293387    3.907940
    0.294118    0.859839   -0.197140   -1.448355    0.000000       -2.588837        1.000000    3.739763    0.895704    0.293387    3.907940
    0.303922    0.866317   -0.143260   -1.358133    0.000000       -2.500620        1.000000    3.948310    0.984098    0.293387    3.907940
    0.313725    0.870827   -0.093518   -1.233169    0.000000       -2.376485        1.000000    4.157943    1.074296    0.293387    3.907940
    0.323529    0.873538   -0.049120   -1.080743    0.000000       -2.224132        1.000000    4.368228    1.165650    0.293387    3.907940
    0.333333    0.874667   -0.010914   -0.911904    0.000000       -2.055127        1.000000    4.578786    1.257595    0.293387    3.907940
    0.343137    0.874459    0.020702   -0.738772    0.000000       -1.882091        1.000000    4.789293    1.349673    0.293387    3.907940
    0.352941    0.873165    0.045777   -0.572005    0.000000       -1.716064        1.000000    4.999489    1.441539    0.293387    3.907940
    0.362745    0.871031    0.064714   -0.419309    0.000000       -1.564971        1.000000    5.209171    1.532952    0.293387    3.907940
    0.372549    0.868280    0.078145   -0.285141    0.000000       -1.433329        1.000000    5.418190    1.623757    0.293387    3.907940
    0.382353    0.865109    0.086822   -0.171215    0.000000       -1.322784        1.000000    5.626447    1.713865    0.293387    3.907940
    0.392157    0.861686    0.091521   -0.077313    0.000000       -1.232972        1.000000    5.833879    1.803235    0.293387    3.907940
    0.401961    0.858147    0.092985   -0.002062    0.000000       -1.162329        1.000000    6.040460    1.891860    0.293387    3.907940
    0.411765    0.854604    0.091893    0.056470    0.000000       -1.108726        1.000000    6.246187    1.979754    0.293387    3.907940
    0.421569    0.851141    0.088845    0.100384    0.000000       -1.069876        1.000000    6.451081    2.066945    0.293387    3.907940
    0.431373    0.847823    0.084361    0.131720    0.000000       -1.043577        1.000000    6.655177    2.153474    0.293387    3.907940
    0.441176    0.844697    0.078888    0.152343    0.000000       -1.027832        1.000000    6.858519    2.239382    0.293387    3.907940
    0.450980    0.841792    0.072803    0.163899    0.000000       -1.020896        1.000000    7.061163    2.324718    0.293387    3.907940
    0.460784    0.839127    0.066427    0.167809    0.000000       -1.021278        1.000000    7.263164    2.409530    0.293387    3.907940
    0.470588    0.836706    0.060027    0.165287    0.000000       -1.027723        1.000000    7.464584    2.493865    0.293387    3.907940
    0.480392    0.834527    0.053830    0.157358    0.000000       -1.039189        1.000000    7.665478    2.577770    0.293387    3.907940
    0.490196    0.832578    0.048027    0.144885    0.000000       -1.054818        1.000000    7.865904    2.661288    0.293387    3.907940
    0.500000    0.830842    0.042777    0.128590    0.000000       -1.073908        1.000000    8.065911    2.744460    0.293387    3.907940
    0.509804    0.829293    0.038215    0.109074    0.000000       -1.095892        1.000000    8.265545    2.827322    0.293387    3.907940
    0.519608    0.827904    0.034454    0.086833    0.000000       -1.120320        1.000000    8.464845    2.909904    0.293387    3.907940
    0.529412    0.826642    0.031591    0.062269    0.000000       -1.146841        1.000000    8.663842    2.992233    0.293387    3.907940
    0.539216    0.825471    0.029708    0.035699    0.000000       -1.175196        1.000000    8.862556    3.074326    0.293387    3.907940
    0.549020    0.824352    0.028878    0.007368    0.000000       -1.205200        1.000000    9.061001    3.156196    0.293387    3.907940
    0.558824    0.823244    0.029164   -0.022553    0.000000       -1.236743        1.000000    9.259180    3.237847    0.293387    3.907940
    0.568627    0.822103    0.030625   -0.053952    0.000000       -1.269775        1.000000    9.457083    3.319273    0.293387    3.907940
    0.578431    0.820882    0.033316   -0.086778    0.000000       -1.304303        1.000000    9.654693    3.400461    0.293387    3.907940
    0.588235    0.819534    0.037292   -0.121028    0.000000       -1.340385        1.000000    9.851978    3.481388    0.293387    3.907940
    0.598039    0.818008    0.042609   -0.156745    0.000000       -1.378117        1.000000   10.048896    3.562017    0.293387    3.907940
    0.607843    0.816252    0.049323   -0.194003    0.000000       -1.417624        1.000000   10.245392    3.642304    0.293387    3.907940
    0.617647    0.814212    0.057495   -0.232896    0.000000       -1.459048        1.000000   10.441396    3.722190    0.293387    3.907940
    0.627451    0.811830    0.067191   -0.273525    0.000000       -1.502531        1.000000   10.636826    3.801603    0.293387    3.907940
    0.637255    0.809047    0.078478   -0.315980    0.000000       -1.548198        1.000000   10.831587    3.880458    0.293387    3.907940
    0.647059    0.805801    0.091428   -0.360321    0.000000       -1.596139        1.000000   11.025566    3.958653    0.293387    3.907940
    0.656863    0.802029    0.106112   -0.406562    0.000000       -1.646387        1.000000   11.218638    4.036072    0.293387    3.907940
    0.666667    0.797663    0.122605   -0.454652    0.000000       -1.698904        1.000000   11.410658    4.112584    0.293387    3.907940
    0.676471    0.792634    0.140973   -0.504463    0.000000       -1.753563        1.000000   11.601468    4.188037    0.293387    3.907940
    0.686275    0.786873    0.161279   -0.555778    0.000000       -1.810139        1.000000   11.790890    4.262267    0.293387    3.907940
    0.696078    0.780306    0.183575   -0.608293    0.000000       -1.868309        1.000000   11.978732    4.335091    0.293387    3.907940
    0.705882    0.772861    0.207901   -0.661623    0.000000       -1.927655        1.000000   12.164782    4.406310    0.293387    3.907940
    0.715686    0.764466    0.234278   -0.715310    0.000000       -1.987680        1.000000   12.348811    4.475712    0.293387    3.907940
    0.725490    0.755049    0.262710   -0.768852    0.000000       -2.047827        1.000000   12.530572    4.543074    0.293387    3.907940
    0.735294    0.744544    0.293183   -0.821718    0.000000       -2.107511        1.000000   12.709805    4.608165    0.293387    3.907940
    0.745098    0.732883    0.325660   -0.873387    0.000000       -2.166144        1.000000   12.886231    4.670748    0.293387    3.907940
    0.754902    0.720009    0.360086   -0.923366    0.000000       -2.223164        1.000000   13.059558    4.730591    0.293387    3.907940
    0.764706    0.705867    0.396387   -0.971218    0.000000       -2.278067        1.000000   13.229480    4.787468    0.293387    3.907940
    0.774510    0.690410    0.434475   -1.016576    0.000000       -2.330420        1.000000   13.395682    4.841166    0.293387    3.907940
    0.784314    0.673601    0.474248   -1.059160    0.000000       -2.379877        1.000000   13.557837    4.891495    0.293387    3.907940
    0.794118    0.655409    0.515596   -1.098777    0.000000       -2.426190        1.000000   13.715613    4.938290    0.293387    3.907940
    0.803922    0.635815    0.558404   -1.135317    0.000000       -2.469198        1.000000   13.868672    4.981422    0.293387    3.907940
    0.813725    0.614808    0.602552   -1.168750    0.000000       -2.508830        1.000000   14.016673    5.020802    0.293387    3.907940
    0.823529    0.592389    0.647922   -1.199115    0.000000       -2.545088        1.000000   14.159278    5.056383    0.293387    3.907940
    0.833333    0.568567    0.694398   -1.226503    0.000000       -2.578040        1.000000   14.296149    5.088168    0.293387    3.907940
    0.843137    0.543362    0.741868   -1.251050    0.000000       -2.607801        1.000000   14.426952    5.116209    0.293387    3.907940
    0.852941    0.516805    0.790227   -1.272917    0.000000       -2.634523        1.000000   14.551361    5.140606    0.293387    3.907940
    0.862745    0.488933    0.839375   -1.292289    0.000000       -2.658382        1.000000   14.669061    5.161510    0.293387    3.907940
    0.872549    0.459795    0.889220   -1.309354    0.000000       -2.679569        1.000000   14.779747    5.179116    0.293387    3.907940
    0.882353    0.429446    0.939679   -1.324306    0.000000       -2.698278        1.000000   14.883127    5.193658    0.293387    3.907940
    0.892157    0.397952    0.990672   -1.337330    0.000000       -2.714702        1.000000   14.978926    5.205406    0.293387    3.907940
    0.901961    0.365381    1.042131   -1.348605    0.000000       -2.729029        1.000000   15.066883    5.214657    0.293387    3.907940
    0.911765    0.331813    1.093991   -1.358296    0.000000       -2.741433        1.000000   15.146760    5.221723    0.293387    3.907940
    0.921569    0.297330    1.146194   -1.366554    0.000000       -2.752078        1.000000   15.218336    5.226929    0.293387    3.907940
    0.931373    0.262022    1.198688   -1.373516    0.000000       -2.761112        1.000000   15.281412    5.230597    0.293387    3.907940
    0.941176    0.225980    1.251426   -1.379303    0.000000       -2.768667        1.000000   15.335812    5.233039    0.293387    3.907940
    0.950980    0.189303    1.304365   -1.384019    0.000000       -2.774858        1.000000   15.381383    5.234550    0.293387    3.907940
    0.960784    0.152091    1.357466   -1.387753    0.000000       -2.779784        1.000000   15.417995    5.235393    0.293387    3.907940
    0.970588    0.114449    1.410692   -1.390581    0.000000       -2.783528        1.000000   15.445546    5.235798    0.293387    3.907940
    0.980392    0.076481    1.464010   -1.392558    0.000000       -2.786155        1.000000   15.463958    5.235950    0.293387    3.907940
    0.990196    0.038295    1.517388   -1.393727    0.000000       -2.787712        1.000000   15.473176    5.235985    0.293387    3.907940
    1.000000    0.000000    1.570796   -1.394114    0.000000       -2.788227        1.000000   15.473176    5.235988    0.293387    3.907940
