           t           r         psi          cs          qs               p             sig           A           V          Q2           S
    0.000000   -0.000000   -1.570796   -1.011360    0.000000       -2.022721        1.000000    0.000000    0.000000    0.253847    5.460743
    0.009804    0.053511   -1.516644   -1.011777    0.000000       -2.023276        1.000000    0.000000    0.000007    0.253847    5.460743
    0.019608    0.106864   -1.462447   -1.013049    0.000000       -2.024967        1.000000    0.035947    0.000104    0.253847    5.460743
    0.029412    0.159904   -1.408157   -1.015235    0.000000       -2.027865        1.000000    0.089736    0.000524    0.253847    5.460743
    0.039216    0.212472   -1.353724   -1.018440    0.000000       -2.032087        1.000000    0.161207    0.001647    0.253847    5.460743
    0.049020    0.264412   -1.299089   -1.022809    0.000000       -2.037806        1.000000    0.250150    0.003989    0.253847    5.460743
    0.058824    0.315564   -1.244184   -1.028542    0.000000       -2.045248        1.000000    0.356300    0.008191    0.253847    5.460743
    0.068627    0.365771   -1.188930   -1.035897    0.000000       -2.054711        1.000000    0.479339    0.015001    0.253847    5.460743
    0.078431    0.414872   -1.133232   -1.045210    0.000000       -2.066573        1.000000    0.618893    0.025252    0.253847    5.460743
    0.088235    0.462702   -1.076974   -1.056905    0.000000       -2.081312        1.000000    0.774538    0.039841    0.253847    5.460743
    0.098039    0.509096   -1.020014   -1.071516    0.000000       -2.099522        1.000000    0.945788    0.059703    0.253847    5.460743
    0.107843    0.553883   -0.962179   -1.089710    0.000000       -2.121938        1.000000    1.132104    0.085783    0.253847    5.460743
    0.117647    0.596883   -0.903256   -1.112299    0.000000       -2.149447        1.000000    1.332884    0.119007    0.253847    5.460743
    0.127451    0.637908   -0.842986   -1.140244    0.000000       -2.183085        1.000000    1.547464    0.160252    0.253847    5.460743
    0.137255    0.676758   -0.781052   -1.174610    0.000000       -2.223986        1.000000    1.775112    0.210313    0.253847    5.460743
    0.147059    0.713215   -0.717083   -1.216434    0.000000       -2.273234        1.000000    2.015024    0.269865    0.253847    5.460743
    0.156863    0.747042   -0.650659   -1.266386    0.000000       -2.331500        1.000000    2.266315    0.339424    0.253847    5.460743
    0.166667    0.777980   -0.581347   -1.324083    0.000000       -2.398305        1.000000    2.528012    0.419299    0.253847    5.460743
    0.176471    0.805744   -0.508793   -1.386789    0.000000       -2.470673        1.000000    2.799049    0.509540    0.253847    5.460743
    0.186275    0.830037   -0.432893   -1.447376    0.000000       -2.541008        1.000000    3.078258    0.609870    0.253847    5.460743
    0.196078    0.850569   -0.354099   -1.491921    0.000000       -2.594664        1.000000    3.364373    0.719622    0.253847    5.460743
    0.205882    0.867100   -0.273816   -1.498870    0.000000       -2.609176        1.000000    3.656049    0.837688    0.253847    5.460743
    0.215686    0.879511   -0.194727   -1.443470    0.000000       -2.558976        1.000000    3.951900    0.962538    0.253847    5.460743
    0.225490    0.887886   -0.120671   -1.309749    0.000000       -2.427830        1.000000    4.250568    1.092334    0.253847    5.460743
    0.235294    0.892553   -0.055791   -1.103851    0.000000       -2.222489        1.000000    4.550806    1.225179    0.253847    5.460743
    0.245098    0.894074   -0.003244   -0.855305    0.000000       -1.973775        1.000000    4.851555    1.359397    0.253847    5.460743
    0.254902    0.893144    0.035719   -0.602508    0.000000       -1.721434        1.000000    5.151992    1.493727    0.253847    5.460743
    0.264706    0.890482    0.061741   -0.375670    0.000000       -1.496518        1.000000    5.451533    1.627360    0.253847    5.460743
    0.274510    0.886735    0.076683   -0.189883    0.000000       -1.314301        1.000000    5.749814    1.759860    0.253847    5.460743
    0.284314    0.882435    0.082856   -0.047761    0.000000       -1.177101        1.000000    6.046648    1.891051    0.253847    5.460743
    0.294118    0.877990    0.082502    0.054931    0.000000       -1.080161        1.000000    6.341987    2.020910    0.253847    5.460743
    0.303922    0.873693    0.077559    0.124882    0.000000       -1.016244        1.000000    6.635881    2.149506    0.253847    5.460743
    0.313725    0.869747    0.069594    0.168860    0.000000       -0.978117        1.000000    6.928447    2.276955    0.253847    5.460743
    0.323529    0.866279    0.059836    0.192760    0.000000       -0.959537        1.000000    7.219847    2.403399    0.253847    5.460743
    0.333333    0.863359    0.049226    0.201404    0.000000       -0.955459        1.000000    7.510265    2.528989    0.253847    5.460743
    0.343137    0.861013    0.038474    0.198638    0.000000       -0.961925        1.000000    7.799893    2.653881    0.253847    5.460743
    0.352941    0.859234    0.028106    0.187516    0.000000       -0.975852        1.000000    8.088923    2.778228    0.253847    5.460743
    0.362745    0.857990    0.018501    0.170476    0.000000       -0.994838        1.000000    8.377535    2.902174    0.253847    5.460743
    0.372549    0.857235    0.009922    0.149497    0.000000       -1.016987        1.000000    8.665892    3.025855    0.253847    5.460743
    0.382353    0.856907    0.002535    0.126198    0.000000       -1.040787        1.000000    8.954139    3.149390    0.253847    5.460743
    0.392157    0.856940   -0.003573    0.101921    0.000000       -1.065014        1.000000    9.242398    3.272887    0.253847    5.460743
    0.401961    0.857266   -0.008380    0.077778    0.000000       -1.088680        1.000000    9.530766    3.396436    0.253847    5.460743
    0.411765    0.857815   -0.011919    0.054684    0.000000       -1.110986        1.000000    9.819318    3.520108    0.253847    5.460743
    0.421569    0.858521   -0.014267    0.033372    0.000000       -1.131303        1.000000   10.108108    3.643958    0.253847    5.460743
    0.431373    0.859323   -0.015535    0.014401    0.000000       -1.149165        1.000000   10.397168    3.768025    0.253847    5.460743
    0.441176    0.860167   -0.015858   -0.001839    0.000000       -1.164257        1.000000   10.686512    3.892329    0.253847    5.460743
    0.450980    0.861007   -0.015391   -0.015124    0.000000       -1.176417        1.000000   10.976139    4.016878    0.253847    5.460743
    0.460784    0.861804   -0.014293   -0.025387    0.000000       -1.185625        1.000000   11.266033    4.141666    0.253847    5.460743
    0.470588    0.862529   -0.012725   -0.032709    0.000000       -1.191996        1.000000   11.556171    4.266678    0.253847    5.460743
    0.480392    0.863161   -0.010839   -0.037295    0.000000       -1.195760        1.000000   11.846522    4.391890    0.253847    5.460743
    0.490196    0.863686   -0.008775   -0.039457    0.000000       -1.197240        1.000000   12.137050    4.517272    0.253847    5.460743
    0.500000    0.864099   -0.006651   -0.039580    0.000000       -1.196829        1.000000   12.427717    4.642794    0.253847    5.460743
    0.509804    0.864399   -0.004566   -0.038095    0.000000       -1.194955        1.000000   12.718484    4.768420    0.253847    5.460743
    0.519608    0.864590   -0.002593   -0.035451    0.000000       -1.192064        1.000000   13.009316    4.894120    0.253847    5.460743
    0.529412    0.864680   -0.000782   -0.032091    0.000000       -1.188588        1.000000   13.300177    5.019860    0.253847    5.460743
    0.539216    0.864677    0.000838   -0.028432    0.000000       -1.184933        1.000000   13.591038    5.145613    0.253847    5.460743
    0.549020    0.864593    0.002263   -0.024852    0.000000       -1.181462        1.000000   13.881871    5.271353    0.253847    5.460743
    0.558824    0.864438    0.003506   -0.021682    0.000000       -1.178496        1.000000   14.172652    5.397057    0.253847    5.460743
    0.568627    0.864221    0.004597   -0.019209    0.000000       -1.176309        1.000000   14.463359    5.522707    0.253847    5.460743
    0.578431    0.863948    0.005580   -0.017676    0.000000       -1.175135        1.000000   14.753975    5.648285    0.253847    5.460743
    0.588235    0.863624    0.006511   -0.017293    0.000000       -1.175180        1.000000   15.044482    5.773775    0.253847    5.460743
    0.598039    0.863251    0.007456   -0.018246    0.000000       -1.176626        1.000000   15.334863    5.899163    0.253847    5.460743
    0.607843    0.862824    0.008491   -0.020711    0.000000       -1.179653        1.000000   15.625100    6.024434    0.253847    5.460743
    0.617647    0.862338    0.009703   -0.024867    0.000000       -1.184450        1.000000   15.915174    6.149572    0.253847    5.460743
    0.627451    0.861781    0.011188   -0.030913    0.000000       -1.191229        1.000000   16.205061    6.274558    0.253847    5.460743
    0.637255    0.861134    0.013051   -0.039077    0.000000       -1.200238        1.000000   16.494730    6.399366    0.253847    5.460743
    0.647059    0.860374    0.015414   -0.049631    0.000000       -1.211777        1.000000   16.784144    6.523969    0.253847    5.460743
    0.656863    0.859472    0.018414   -0.062902    0.000000       -1.226210        1.000000   17.073254    6.648326    0.253847    5.460743
    0.666667    0.858389    0.022205   -0.079280    0.000000       -1.243966        1.000000   17.361999    6.772390    0.253847    5.460743
    0.676471    0.857077    0.026966   -0.099212    0.000000       -1.265544        1.000000   17.650304    6.896098    0.253847    5.460743
    0.686275    0.855481    0.032900   -0.123204    0.000000       -1.291505        1.000000   17.938071    7.019370    0.253847    5.460743
    0.696078    0.853530    0.040240   -0.151795    0.000000       -1.322451        1.000000   18.225182    7.142107    0.253847    5.460743
    0.705882    0.851144    0.049245   -0.185526    0.000000       -1.358992        1.000000   18.511491    7.264183    0.253847    5.460743
    0.715686    0.848225    0.060205   -0.224893    0.000000       -1.401690        1.000000   18.796818    7.385444    0.253847    5.460743
    0.725490    0.844661    0.073433   -0.270276    0.000000       -1.450993        1.000000   19.080945    7.505695    0.253847    5.460743
    0.735294    0.840323    0.089255   -0.321862    0.000000       -1.507144        1.000000   19.363614    7.624702    0.253847    5.460743
    0.745098    0.835065    0.108005   -0.379560    0.000000       -1.570093        1.000000   19.644514    7.742178    0.253847    5.460743
    0.754902    0.828725    0.129998   -0.442926    0.000000       -1.639418        1.000000   19.923281    7.857781    0.253847    5.460743
    0.764706    0.821124    0.155517   -0.511124    0.000000       -1.714270        1.000000   20.199492    7.971104    0.253847    5.460743
    0.774510    0.812076    0.184790   -0.582928    0.000000       -1.793376        1.000000   20.472659    8.081679    0.253847    5.460743
    0.784314    0.801385    0.217970   -0.656792    0.000000       -1.875106        1.000000   20.742229    8.188972    0.253847    5.460743
    0.794118    0.788857    0.255121   -0.730972    0.000000       -1.957598        1.000000   21.007586    8.292393    0.253847    5.460743
    0.803922    0.774303    0.296211   -0.803691    0.000000       -2.038931        1.000000   21.268046    8.391309    0.253847    5.460743
    0.813725    0.757547    0.341119   -0.873313    0.000000       -2.117303        1.000000   21.522871    8.485066    0.253847    5.460743
    0.823529    0.738434    0.389640   -0.938479    0.000000       -2.191192        1.000000   21.771266    8.573015    0.253847    5.460743
    0.833333    0.716836    0.441508   -0.998205    0.000000       -2.259453        1.000000   22.012396    8.654548    0.253847    5.460743
    0.843137    0.692654    0.496414   -1.051905    0.000000       -2.321364        1.000000   22.245392    8.729129    0.253847    5.460743
    0.852941    0.665824    0.554028   -1.099370    0.000000       -2.376602        1.000000   22.469362    8.796333    0.253847    5.460743
    0.862745    0.636318    0.614017   -1.140698    0.000000       -2.425183        1.000000   22.683407    8.855878    0.253847    5.460743
    0.872549    0.604142    0.676062   -1.176218    0.000000       -2.467377        1.000000   22.886629    8.907646    0.253847    5.460743
    0.882353    0.569339    0.739864   -1.206403    0.000000       -2.503628        1.000000   23.078144    8.951700    0.253847    5.460743
    0.892157    0.531985    0.805150   -1.231803    0.000000       -2.534477        1.000000   23.257094    8.988290    0.253847    5.460743
    0.901961    0.492186    0.871682   -1.252986    0.000000       -2.560499        1.000000   23.422656    9.017844    0.253847    5.460743
    0.911765    0.450079    0.939247   -1.270503    0.000000       -2.582265        1.000000   23.574054    9.040951    0.253847    5.460743
    0.921569    0.405824    1.007663   -1.284863    0.000000       -2.600308        1.000000   23.710565    9.058334    0.253847    5.460743
    0.931373    0.359604    1.076773   -1.296519    0.000000       -2.615113        1.000000   23.831529    9.070811    0.253847    5.460743
    0.941176    0.311624    1.146444   -1.305863    0.000000       -2.627105        1.000000   23.936353    9.079256    0.253847    5.460743
    0.950980    0.262104    1.216561   -1.313227    0.000000       -2.636648        1.000000   24.024520    9.084551    0.253847    5.460743
    0.960784    0.211279    1.287025   -1.318887    0.000000       -2.644044        1.000000   24.095590    9.087542    0.253847    5.460743
    0.970588    0.159397    1.357752   -1.323063    0.000000       -2.649542        1.000000   24.149208    9.088992    0.253847    5.460743
    0.980392    0.106713    1.428667   -1.325924    0.000000       -2.653330        1.000000   24.185105    9.089539    0.253847    5.460743
    0.990196    0.053492    1.499702   -1.327591    0.000000       -2.655547        1.000000   24.203098    9.089666    0.253847    5.460743
    1.000000    0.000000    1.570796   -1.328138    0.000000       -2.656277        1.000000   24.203098    9.089675    0.253847    5.460743
