           t           r         psi          cs          qs               p             sig           A           V          Q2           S
    0.000000    0.000000   -1.570796   -0.991058    0.000000       -1.982115        1.000000    0.000000   -0.000000    0.073927    4.872086
    0.009804    0.047748   -1.523457   -0.991094    0.000000       -1.982164        1.000000    0.000000    0.000004    0.073927    4.872086
    0.019608    0.095388   -1.476115   -0.991205    0.000000       -1.982312        1.000000    0.028628    0.000065    0.073927    4.872086
    0.029412    0.142815   -1.428765   -0.991396    0.000000       -1.982565        1.000000    0.071490    0.000326    0.073927    4.872086
    0.039216    0.189922   -1.381404   -0.991674    0.000000       -1.982931        1.000000    0.128489    0.001025    0.073927    4.872086
    0.049020    0.236603   -1.334028   -0.992050    0.000000       -1.983425        1.000000    0.199498    0.002486    0.073927    4.872086
    0.058824    0.282753   -1.286631   -0.992541    0.000000       -1.984064        1.000000    0.284358    0.005113    0.073927    4.872086
    0.068627    0.328269   -1.239207   -0.993165    0.000000       -1.984871        1.000000    0.382878    0.009382    0.073927    4.872086
    0.078431    0.373046   -1.191750   -0.993950    0.000000       -1.985877        1.000000    0.494837    0.015829    0.073927    4.872086
    0.088235    0.416985   -1.144251   -0.994930    0.000000       -1.987119        1.000000    0.619982    0.025039    0.073927    4.872086
    0.098039    0.459985   -1.096700   -0.996149    0.000000       -1.988649        1.000000    0.758033    0.037630    0.073927    4.872086
    0.107843    0.501947   -1.049083   -0.997664    0.000000       -1.990530        1.000000    0.908677    0.054245    0.073927    4.872086
    0.117647    0.542775   -1.001386   -0.999550    0.000000       -1.992844        1.000000    1.071575    0.075530    0.073927    4.872086
    0.127451    0.582374   -0.953588   -1.001905    0.000000       -1.995702        1.000000    1.246357    0.102123    0.073927    4.872086
    0.137255    0.620650   -0.905663   -1.004863    0.000000       -1.999247        1.000000    1.432626    0.134640    0.073927    4.872086
    0.147059    0.657511   -0.857580   -1.008598    0.000000       -2.003670        1.000000    1.629958    0.173657    0.073927    4.872086
    0.156863    0.692866   -0.809294   -1.013353    0.000000       -2.009230        1.000000    1.837901    0.219695    0.073927    4.872086
    0.166667    0.726626   -0.760751   -1.019456    0.000000       -2.016279        1.000000    2.055976    0.273210    0.073927    4.872086
    0.176471    0.758702   -0.711876   -1.027367    0.000000       -2.025305        1.000000    2.283677    0.334580    0.073927    4.872086
    0.186275    0.789002   -0.662567   -1.037731    0.000000       -2.036988        1.000000    2.520472    0.404090    0.073927    4.872086
    0.196078    0.817436   -0.612687   -1.051465    0.000000       -2.052285        1.000000    2.765801    0.481925    0.073927    4.872086
    0.205882    0.843906   -0.562045   -1.069871    0.000000       -2.072550        1.000000    3.019074    0.568159    0.073927    4.872086
    0.215686    0.868310   -0.510378   -1.094792    0.000000       -2.099687        1.000000    3.279671    0.662749    0.073927    4.872086
    0.225490    0.890533   -0.457315   -1.128753    0.000000       -2.136286        1.000000    3.546937    0.765523    0.073927    4.872086
    0.235294    0.910443   -0.402352   -1.174917    0.000000       -2.185570        1.000000    3.820179    0.876175    0.073927    4.872086
    0.245098    0.927884   -0.344831   -1.236211    0.000000       -2.250489        1.000000    4.098656    0.994249    0.073927    4.872086
    0.254902    0.942668   -0.284021   -1.311817    0.000000       -2.330135        1.000000    4.381569    1.119116    0.073927    4.872086
    0.264706    0.954579   -0.219499   -1.387188    0.000000       -2.409635        1.000000    4.668057    1.249938    0.073927    4.872086
    0.274510    0.963410   -0.152223   -1.415743    0.000000       -2.441720        1.000000    4.957196    1.385616    0.073927    4.872086
    0.284314    0.969073   -0.086314   -1.315583    0.000000       -2.343655        1.000000    5.248034    1.524778    0.073927    4.872086
    0.294118    0.971783   -0.029424   -1.039643    0.000000       -2.068234        1.000000    5.539685    1.665914    0.073927    4.872086
    0.303922    0.972142    0.011408   -0.665550    0.000000       -1.694140        1.000000    5.831444    1.807711    0.073927    4.872086
    0.313725    0.970975    0.034751   -0.325793    0.000000       -1.355064        1.000000    6.122853    1.949337    0.073927    4.872086
    0.323529    0.969045    0.044147   -0.085097    0.000000       -1.116035        1.000000    6.413682    2.090427    0.073927    4.872086
    0.333333    0.966903    0.044401    0.060731    0.000000       -0.972479        1.000000    6.703869    2.230888    0.073927    4.872086
    0.343137    0.964887    0.039437    0.137852    0.000000       -0.897733        1.000000    6.993451    2.370756    0.073927    4.872086
    0.352941    0.963177    0.031941    0.170153    0.000000       -0.867548        1.000000    7.282519    2.510117    0.073927    4.872086
    0.362745    0.961849    0.023625    0.174412    0.000000       -0.864963        1.000000    7.571189    2.649073    0.073927    4.872086
    0.372549    0.960916    0.015549    0.161600    0.000000       -0.878948        1.000000    7.859579    2.787731    0.073927    4.872086
    0.382353    0.960350    0.008344    0.138896    0.000000       -0.902356        1.000000    8.147799    2.926190    0.073927    4.872086
    0.392157    0.960099    0.002360    0.111148    0.000000       -0.930408        1.000000    8.435944    3.064541    0.073927    4.872086
    0.401961    0.960102   -0.002249    0.081789    0.000000       -0.959765        1.000000    8.724090    3.202860    0.073927    4.872086
    0.411765    0.960292   -0.005468    0.053334    0.000000       -0.988000        1.000000    9.012292    3.341207    0.073927    4.872086
    0.421569    0.960604   -0.007388    0.027644    0.000000       -1.013339        1.000000    9.300589    3.479626    0.073927    4.872086
    0.431373    0.960980   -0.008174    0.006024    0.000000       -1.034546        1.000000    9.588998    3.618145    0.073927    4.872086
    0.441176    0.961370   -0.008041   -0.010744    0.000000       -1.050893        1.000000    9.877524    3.756774    0.073927    4.872086
    0.450980    0.961737   -0.007230   -0.022390    0.000000       -1.062148        1.000000   10.166160    3.895514    0.073927    4.872086
    0.460784    0.962054   -0.005981   -0.029125    0.000000       -1.068549        1.000000   10.454892    4.034354    0.073927    4.872086
    0.470588    0.962305   -0.004516   -0.031560    0.000000       -1.070721        1.000000   10.743698    4.173278    0.073927    4.872086
    0.480392    0.962485   -0.003020   -0.030591    0.000000       -1.069564        1.000000   11.032559    4.312265    0.073927    4.872086
    0.490196    0.962595   -0.001631   -0.027250    0.000000       -1.066107        1.000000   11.321453    4.451294    0.073927    4.872086
    0.500000    0.962644   -0.000438   -0.022571    0.000000       -1.061377        1.000000   11.610362    4.590346    0.073927    4.872086
    0.509804    0.962641    0.000518   -0.017481    0.000000       -1.056290        1.000000   11.899269    4.729405    0.073927    4.872086
    0.519608    0.962598    0.001237   -0.012737    0.000000       -1.051591        1.000000   12.188164    4.868456    0.073927    4.872086
    0.529412    0.962526    0.001750   -0.008906    0.000000       -1.047837        1.000000   12.477037    5.007491    0.073927    4.872086
    0.539216    0.962433    0.002109   -0.006382    0.000000       -1.045413        1.000000   12.765882    5.146502    0.073927    4.872086
    0.549020    0.962326    0.002385   -0.005428    0.000000       -1.044574        1.000000   13.054695    5.285484    0.073927    4.872086
    0.558824    0.962206    0.002656   -0.006229    0.000000       -1.045504        1.000000   13.343472    5.424432    0.073927    4.872086
    0.568627    0.962071    0.003010   -0.008953    0.000000       -1.048372        1.000000   13.632209    5.563344    0.073927    4.872086
    0.578431    0.961915    0.003545   -0.013809    0.000000       -1.053395        1.000000   13.920899    5.702214    0.073927    4.872086
    0.588235    0.961728    0.004368   -0.021111    0.000000       -1.060897        1.000000   14.209532    5.841034    0.073927    4.872086
    0.598039    0.961491    0.005608   -0.031331    0.000000       -1.071366        1.000000   14.498095    5.979793    0.073927    4.872086
    0.607843    0.961183    0.007418   -0.045146    0.000000       -1.085502        1.000000   14.786565    6.118473    0.073927    4.872086
    0.617647    0.960770    0.009992   -0.063475    0.000000       -1.104254        1.000000   15.074911    6.257048    0.073927    4.872086
    0.627451    0.960212    0.013573   -0.087479    0.000000       -1.128820        1.000000   15.363090    6.395479    0.073927    4.872086
    0.637255    0.959453    0.018461   -0.118512    0.000000       -1.160595        1.000000   15.651041    6.533714    0.073927    4.872086
    0.647059    0.958422    0.025028   -0.157977    0.000000       -1.201032        1.000000   15.938682    6.671678    0.073927    4.872086
    0.656863    0.957029    0.033707   -0.207075    0.000000       -1.251382        1.000000   16.225905    6.809270    0.073927    4.872086
    0.666667    0.955161    0.044974   -0.266435    0.000000       -1.312319        1.000000   16.512568    6.946350    0.073927    4.872086
    0.676471    0.952685    0.059318   -0.335689    0.000000       -1.383508        1.000000   16.798488    7.082731    0.073927    4.872086
    0.686275    0.949442    0.077175   -0.413161    0.000000       -1.463276        1.000000   17.083434    7.218169    0.073927    4.872086
    0.696078    0.945259    0.098871   -0.495841    0.000000       -1.548585        1.000000   17.367125    7.352349    0.073927    4.872086
    0.705882    0.939950    0.124563   -0.579789    0.000000       -1.635432        1.000000   17.649223    7.484877    0.073927    4.872086
    0.715686    0.933329    0.154213   -0.660886    0.000000       -1.719604        1.000000   17.929333    7.615281    0.073927    4.872086
    0.725490    0.925220    0.187597   -0.735641    0.000000       -1.797502        1.000000   18.207010    7.743016    0.073927    4.872086
    0.735294    0.915464    0.224351   -0.801738    0.000000       -1.866706        1.000000   18.481759    7.867476    0.073927    4.872086
    0.745098    0.903926    0.264033   -0.858177    0.000000       -1.926124        1.000000   18.753045    7.988017    0.073927    4.872086
    0.754902    0.890501    0.306181   -0.905055    0.000000       -1.975791        1.000000   19.020302    8.103983    0.073927    4.872086
    0.764706    0.875110    0.350355   -0.943198    0.000000       -2.016493        1.000000   19.282940    8.214733    0.073927    4.872086
    0.774510    0.857699    0.396165   -0.973790    0.000000       -2.049398        1.000000   19.540352    8.319667    0.073927    4.872086
    0.784314    0.838240    0.443282   -0.998103    0.000000       -2.075776        1.000000   19.791925    8.418249    0.073927    4.872086
    0.794118    0.816725    0.491434   -1.017327    0.000000       -2.096829        1.000000   20.037040    8.510028    0.073927    4.872086
    0.803922    0.793166    0.540404   -1.032499    0.000000       -2.113611        1.000000   20.275085    8.594649    0.073927    4.872086
    0.813725    0.767587    0.590019   -1.044477    0.000000       -2.126998        1.000000   20.505453    8.671869    0.073927    4.872086
    0.823529    0.740030    0.640144   -1.053950    0.000000       -2.137703        1.000000   20.727551    8.741557    0.073927    4.872086
    0.833333    0.710545    0.690673   -1.061465    0.000000       -2.146291        1.000000   20.940800    8.803702    0.073927    4.872086
    0.843137    0.679193    0.741523   -1.067447    0.000000       -2.153206        1.000000   21.144639    8.858407    0.073927    4.872086
    0.852941    0.646047    0.792629   -1.072226    0.000000       -2.158797        1.000000   21.338530    8.905887    0.073927    4.872086
    0.862745    0.611183    0.843939   -1.076059    0.000000       -2.163334        1.000000   21.521959    8.946461    0.073927    4.872086
    0.872549    0.574689    0.895414   -1.079143    0.000000       -2.167028        1.000000   21.694434    8.980537    0.073927    4.872086
    0.882353    0.536656    0.947021   -1.081631    0.000000       -2.170044        1.000000   21.855495    9.008605    0.073927    4.872086
    0.892157    0.497182    0.998736   -1.083644    0.000000       -2.172512        1.000000   22.004710    9.031217    0.073927    4.872086
    0.901961    0.456370    1.050537   -1.085274    0.000000       -2.174533        1.000000   22.141675    9.048973    0.073927    4.872086
    0.911765    0.414327    1.102408   -1.086593    0.000000       -2.176187        1.000000   22.266023    9.062502    0.073927    4.872086
    0.921569    0.371166    1.154336   -1.087659    0.000000       -2.177538        1.000000   22.377417    9.072445    0.073927    4.872086
    0.931373    0.327001    1.206310   -1.088516    0.000000       -2.178635        1.000000   22.475557    9.079436    0.073927    4.872086
    0.941176    0.281950    1.258321   -1.089200    0.000000       -2.179517        1.000000   22.560176    9.084082    0.073927    4.872086
    0.950980    0.236136    1.310360   -1.089738    0.000000       -2.180218        1.000000   22.631045    9.086950    0.073927    4.872086
    0.960784    0.189682    1.362422   -1.090151    0.000000       -2.180760        1.000000   22.687972    9.088550    0.073927    4.872086
    0.970588    0.142714    1.414502   -1.090456    0.000000       -2.181163        1.000000   22.730803    9.089316    0.073927    4.872086
    0.980392    0.095358    1.466593   -1.090666    0.000000       -2.181441        1.000000   22.759422    9.089604    0.073927    4.872086
    0.990196    0.047744    1.518693   -1.090788    0.000000       -2.181604        1.000000   22.773751    9.089670    0.073927    4.872086
    1.000000    0.000000    1.570796   -1.090829    0.000000       -2.181657        1.000000   22.773751    9.089675    0.073927    4.872086
