           t           r         psi          cs          qs               p             sig           A           V          Q2           S
    0.000000    0.000000   -1.570796   -1.007612    0.000000       -2.015225        1.000000    0.000000    0.000000    0.248577    3.742734
    0.009804    0.036685   -1.533821   -1.007805    0.000000       -2.015482        1.000000    0.000000    0.000001    0.248577    3.742734
    0.019608    0.073320   -1.496832   -1.008389    0.000000       -2.016259        1.000000    0.016904    0.000023    0.248577    3.742734
    0.029412    0.109855   -1.459814   -1.009377    0.000000       -2.017572        1.000000    0.042231    0.000116    0.248577    3.742734
    0.039216    0.146239   -1.422752   -1.010790    0.000000       -2.019446        1.000000    0.075947    0.000365    0.248577    3.742734
    0.049020    0.182422   -1.385629   -1.012661    0.000000       -2.021918        1.000000    0.118005    0.000887    0.248577    3.742734
    0.058824    0.218354   -1.348429   -1.015031    0.000000       -2.025035        1.000000    0.168347    0.001832    0.248577    3.742734
    0.068627    0.253985   -1.311133   -1.017949    0.000000       -2.028857        1.000000    0.226904    0.003375    0.248577    3.742734
    0.078431    0.289264   -1.273718   -1.021480    0.000000       -2.033454        1.000000    0.293594    0.005723    0.248577    3.742734
    0.088235    0.324141   -1.236161   -1.025698    0.000000       -2.038915        1.000000    0.368325    0.009103    0.248577    3.742734
    0.098039    0.358563   -1.198435   -1.030693    0.000000       -2.045341        1.000000    0.450993    0.013765    0.248577    3.742734
    0.107843    0.392481   -1.160511   -1.036574    0.000000       -2.052855        1.000000    0.541480    0.019979    0.248577    3.742734
    0.117647    0.425842   -1.122352   -1.043467    0.000000       -2.061600        1.000000    0.639659    0.028027    0.248577    3.742734
    0.127451    0.458594   -1.083920   -1.051521    0.000000       -2.071742        1.000000    0.745389    0.038205    0.248577    3.742734
    0.137255    0.490684   -1.045168   -1.060912    0.000000       -2.083478        1.000000    0.858517    0.050814    0.248577    3.742734
    0.147059    0.522056   -1.006044   -1.071844    0.000000       -2.097034        1.000000    0.978878    0.066160    0.248577    3.742734
    0.156863    0.552656   -0.966487   -1.084554    0.000000       -2.112669        1.000000    1.106294    0.084545    0.248577    3.742734
    0.166667    0.582427   -0.926426   -1.099316    0.000000       -2.130682        1.000000    1.240573    0.106268    0.248577    3.742734
    0.176471    0.611308   -0.885782   -1.116438    0.000000       -2.151407        1.000000    1.381511    0.131618    0.248577    3.742734
    0.186275    0.639237   -0.844461   -1.136262    0.000000       -2.175210        1.000000    1.528889    0.160866    0.248577    3.742734
    0.196078    0.666150   -0.802358   -1.159154    0.000000       -2.202482        1.000000    1.682471    0.194265    0.248577    3.742734
    0.205882    0.691979   -0.759353   -1.185483    0.000000       -2.233611        1.000000    1.842008    0.232043    0.248577    3.742734
    0.215686    0.716649   -0.715313   -1.215583    0.000000       -2.268942        1.000000    2.007233    0.274393    0.248577    3.742734
    0.225490    0.740083   -0.670096   -1.249682    0.000000       -2.308702        1.000000    2.177860    0.321473    0.248577    3.742734
    0.235294    0.762198   -0.623553   -1.287787    0.000000       -2.352877        1.000000    2.353586    0.373394    0.248577    3.742734
    0.245098    0.782905   -0.575544   -1.329504    0.000000       -2.401021        1.000000    2.534086    0.430214    0.248577    3.742734
    0.254902    0.802110   -0.525954   -1.373767    0.000000       -2.451981        1.000000    2.719014    0.491929    0.248577    3.742734
    0.264706    0.819715   -0.474722   -1.418484    0.000000       -2.503520        1.000000    2.908001    0.558460    0.248577    3.742734
    0.274510    0.835621   -0.421892   -1.460113    0.000000       -2.551894        1.000000    3.100655    0.629645    0.248577    3.742734
    0.284314    0.849736   -0.367671   -1.493300    0.000000       -2.591485        1.000000    3.296563    0.705228    0.248577    3.742734
    0.294118    0.861976   -0.312495   -1.510818    0.000000       -2.614758        1.000000    3.495293    0.784853    0.248577    3.742734
    0.303922    0.872283   -0.257092   -1.504156    0.000000       -2.612894        1.000000    3.696400    0.868064    0.248577    3.742734
    0.313725    0.880636   -0.202507   -1.465089    0.000000       -2.577428        1.000000    3.899432    0.954315    0.248577    3.742734
    0.323529    0.887061   -0.150040   -1.388090    0.000000       -2.502742        1.000000    4.103946    1.042999    0.248577    3.742734
    0.333333    0.891644   -0.101110   -1.272783    0.000000       -2.388580        1.000000    4.309516    1.133484    0.248577    3.742734
    0.343137    0.894525   -0.057033   -1.125076    0.000000       -2.241170        1.000000    4.515751    1.225164    0.248577    3.742734
    0.352941    0.895897   -0.018806   -0.956072    0.000000       -2.072074        1.000000    4.722301    1.317501    0.248577    3.742734
    0.362745    0.895983    0.013034   -0.779178    0.000000       -1.895175        1.000000    4.928872    1.410050    0.248577    3.742734
    0.372549    0.895020    0.038433   -0.606864    0.000000       -1.723333        1.000000    5.135221    1.502474    0.248577    3.742734
    0.382353    0.893238    0.057742   -0.448491    0.000000       -1.566148        1.000000    5.341158    1.594535    0.248577    3.742734
    0.392157    0.890852    0.071587   -0.309637    0.000000       -1.429284        1.000000    5.546546    1.686079    0.248577    3.742734
    0.401961    0.888047    0.080733   -0.192565    0.000000       -1.314964        1.000000    5.751287    1.777015    0.248577    3.742734
    0.411765    0.884981    0.085984   -0.097173    0.000000       -1.222967        1.000000    5.955321    1.867298    0.248577    3.742734
    0.421569    0.881782    0.088111   -0.021954    0.000000       -1.151622        1.000000    6.158617    1.956914    0.248577    3.742734
    0.431373    0.878553    0.087815    0.035268    0.000000       -1.098582        1.000000    6.361169    2.045871    0.248577    3.742734
    0.441176    0.875368    0.085714    0.076857    0.000000       -1.061326        1.000000    6.562987    2.134189    0.248577    3.742734
    0.450980    0.872285    0.082338    0.105085    0.000000       -1.037444        1.000000    6.764094    2.221897    0.248577    3.742734
    0.460784    0.869342    0.078140    0.122006    0.000000       -1.024779        1.000000    6.964523    2.309029    0.248577    3.742734
    0.470588    0.866562    0.073501    0.129399    0.000000       -1.021470        1.000000    7.164310    2.395619    0.248577    3.742734
    0.480392    0.863955    0.068742    0.128778    0.000000       -1.025956        1.000000    7.363497    2.481701    0.248577    3.742734
    0.490196    0.861520    0.064133    0.121405    0.000000       -1.036949        1.000000    7.562122    2.567311    0.248577    3.742734
    0.500000    0.859247    0.059902    0.108323    0.000000       -1.053399        1.000000    7.760223    2.652479    0.248577    3.742734
    0.509804    0.857119    0.056243    0.090390    0.000000       -1.074464        1.000000    7.957833    2.737232    0.248577    3.742734
    0.519608    0.855113    0.053320    0.068299    0.000000       -1.099476        1.000000    8.154981    2.821593    0.248577    3.742734
    0.529412    0.853197    0.051275    0.042612    0.000000       -1.127910        1.000000    8.351687    2.905581    0.248577    3.742734
    0.539216    0.851339    0.050231    0.013773    0.000000       -1.159365        1.000000    8.547965    2.989204    0.248577    3.742734
    0.549020    0.849499    0.050298   -0.017868    0.000000       -1.193543        1.000000    8.743819    3.072469    0.248577    3.742734
    0.558824    0.847635    0.051573   -0.052043    0.000000       -1.230228        1.000000    8.939242    3.155368    0.248577    3.742734
    0.568627    0.845700    0.054146   -0.088551    0.000000       -1.269270        1.000000    9.134220    3.237890    0.248577    3.742734
    0.578431    0.843646    0.058098   -0.127242    0.000000       -1.310574        1.000000    9.328724    3.320010    0.248577    3.742734
    0.588235    0.841421    0.063509   -0.168007    0.000000       -1.354077        1.000000    9.522716    3.401692    0.248577    3.742734
    0.598039    0.838970    0.070452   -0.210757    0.000000       -1.399738        1.000000    9.716142    3.482891    0.248577    3.742734
    0.607843    0.836235    0.078999   -0.255414    0.000000       -1.447520        1.000000    9.908937    3.563546    0.248577    3.742734
    0.617647    0.833158    0.089219   -0.301888    0.000000       -1.497367        1.000000   10.101023    3.643584    0.248577    3.742734
    0.627451    0.829676    0.101175   -0.350070    0.000000       -1.549197        1.000000   10.292307    3.722916    0.248577    3.742734
    0.637255    0.825724    0.114928   -0.399807    0.000000       -1.602876        1.000000   10.482679    3.801438    0.248577    3.742734
    0.647059    0.821238    0.130532   -0.450898    0.000000       -1.658213        1.000000   10.672017    3.879031    0.248577    3.742734
    0.656863    0.816149    0.148032   -0.503082    0.000000       -1.714948        1.000000   10.860182    3.955559    0.248577    3.742734
    0.666667    0.810391    0.167461   -0.556037    0.000000       -1.772747        1.000000   11.047019    4.030869    0.248577    3.742734
    0.676471    0.803895    0.188842   -0.609383    0.000000       -1.831213        1.000000   11.232358    4.104793    0.248577    3.742734
    0.686275    0.796592    0.212181   -0.662693    0.000000       -1.889887        1.000000   11.416014    4.177150    0.248577    3.742734
    0.696078    0.788418    0.237469   -0.715508    0.000000       -1.948276        1.000000   11.597785    4.247745    0.248577    3.742734
    0.705882    0.779308    0.264679   -0.767359    0.000000       -2.005865        1.000000   11.777456    4.316370    0.248577    3.742734
    0.715686    0.769200    0.293766   -0.817790    0.000000       -2.062148        1.000000   11.954797    4.382816    0.248577    3.742734
    0.725490    0.758040    0.324671   -0.866377    0.000000       -2.116648        1.000000   12.129564    4.446865    0.248577    3.742734
    0.735294    0.745774    0.357320   -0.912747    0.000000       -2.168943        1.000000   12.301504    4.508305    0.248577    3.742734
    0.745098    0.732357    0.391624   -0.956598    0.000000       -2.218674        1.000000   12.470350    4.566927    0.248577    3.742734
    0.754902    0.717751    0.427488   -0.997702    0.000000       -2.265565        1.000000   12.635829    4.622536    0.248577    3.742734
    0.764706    0.701923    0.464807   -1.035907    0.000000       -2.309420        1.000000   12.797659    4.674955    0.248577    3.742734
    0.774510    0.684849    0.503473   -1.071140    0.000000       -2.350126        1.000000   12.955552    4.724030    0.248577    3.742734
    0.784314    0.666512    0.543378   -1.103396    0.000000       -2.387645        1.000000   13.109218    4.769633    0.248577    3.742734
    0.794118    0.646904    0.584412   -1.132728    0.000000       -2.422002        1.000000   13.258362    4.811673    0.248577    3.742734
    0.803922    0.626025    0.626471   -1.159238    0.000000       -2.453279        1.000000   13.402694    4.850091    0.248577    3.742734
    0.813725    0.603882    0.669453   -1.183064    0.000000       -2.481600        1.000000   13.541920    4.884870    0.248577    3.742734
    0.823529    0.580490    0.713262   -1.204370    0.000000       -2.507116        1.000000   13.675753    4.916035    0.248577    3.742734
    0.833333    0.555873    0.757809   -1.223331    0.000000       -2.530003        1.000000   13.803910    4.943649    0.248577    3.742734
    0.843137    0.530060    0.803012   -1.240135    0.000000       -2.550445        1.000000   13.926117    4.967821    0.248577    3.742734
    0.852941    0.503088    0.848794   -1.254965    0.000000       -2.568629        1.000000   14.042105    4.988694    0.248577    3.742734
    0.862745    0.475000    0.895088   -1.268002    0.000000       -2.584741        1.000000   14.151617    5.006451    0.248577    3.742734
    0.872549    0.445844    0.941829   -1.279418    0.000000       -2.598959        1.000000   14.254407    5.021305    0.248577    3.742734
    0.882353    0.415675    0.988963   -1.289371    0.000000       -2.611453        1.000000   14.350242    5.033497    0.248577    3.742734
    0.892157    0.384553    1.036436   -1.298011    0.000000       -2.622381        1.000000   14.438901    5.043288    0.248577    3.742734
    0.901961    0.352541    1.084205   -1.305471    0.000000       -2.631885        1.000000   14.520180    5.050955    0.248577    3.742734
    0.911765    0.319707    1.132228   -1.311872    0.000000       -2.640099        1.000000   14.593889    5.056782    0.248577    3.742734
    0.921569    0.286124    1.180468   -1.317322    0.000000       -2.647138        1.000000   14.659856    5.061056    0.248577    3.742734
    0.931373    0.251866    1.228892   -1.321914    0.000000       -2.653107        1.000000   14.717924    5.064055    0.248577    3.742734
    0.941176    0.217011    1.277470   -1.325731    0.000000       -2.658097        1.000000   14.767956    5.066045    0.248577    3.742734
    0.950980    0.181641    1.326175   -1.328843    0.000000       -2.662186        1.000000   14.809834    5.067272    0.248577    3.742734
    0.960784    0.145837    1.374982   -1.331308    0.000000       -2.665441        1.000000   14.843457    5.067956    0.248577    3.742734
    0.970588    0.109685    1.423868   -1.333175    0.000000       -2.667915        1.000000   14.868745    5.068283    0.248577    3.742734
    0.980392    0.073270    1.472812   -1.334482    0.000000       -2.669652        1.000000   14.885637    5.068406    0.248577    3.742734
    0.990196    0.036679    1.521795   -1.335255    0.000000       -2.670681        1.000000   14.894093    5.068434    0.248577    3.742734
    1.000000    0.000000    1.570796   -1.335511    0.000000       -2.671022        1.000000   14.894093    5.068436    0.248577    3.742734
