           t           r         psi          cs          qs               p             sig           A           V          Q2           S
    0.000000    0.000000   -1.570796   -0.995981    0.000000       -1.991962        1.000000    0.000000    0.000000    0.014656    3.433902
    0.009804    0.033659   -1.537266   -0.995982    0.000000       -1.991964        1.000000    0.000000    0.000001    0.014656    3.433902
    0.019608    0.067281   -1.503735   -0.995987    0.000000       -1.991970        1.000000    0.014232    0.000016    0.014656    3.433902
    0.029412    0.100827   -1.470205   -0.995994    0.000000       -1.991980        1.000000    0.035559    0.000081    0.014656    3.433902
    0.039216    0.134259   -1.436674   -0.996005    0.000000       -1.991994        1.000000    0.063959    0.000256    0.014656    3.433902
    0.049020    0.167541   -1.403142   -0.996019    0.000000       -1.992013        1.000000    0.099399    0.000622    0.014656    3.433902
    0.058824    0.200634   -1.369610   -0.996037    0.000000       -1.992036        1.000000    0.141838    0.001285    0.014656    3.433902
    0.068627    0.233502   -1.336078   -0.996059    0.000000       -1.992065        1.000000    0.191231    0.002369    0.014656    3.433902
    0.078431    0.266107   -1.302544   -0.996086    0.000000       -1.992100        1.000000    0.247520    0.004018    0.014656    3.433902
    0.088235    0.298413   -1.269010   -0.996118    0.000000       -1.992141        1.000000    0.310643    0.006396    0.014656    3.433902
    0.098039    0.330384   -1.235474   -0.996155    0.000000       -1.992190        1.000000    0.380528    0.009679    0.014656    3.433902
    0.107843    0.361983   -1.201937   -0.996200    0.000000       -1.992246        1.000000    0.457097    0.014060    0.014656    3.433902
    0.117647    0.393175   -1.168398   -0.996251    0.000000       -1.992312        1.000000    0.540265    0.019742    0.014656    3.433902
    0.127451    0.423924   -1.134858   -0.996312    0.000000       -1.992389        1.000000    0.629937    0.026938    0.014656    3.433902
    0.137255    0.454197   -1.101315   -0.996383    0.000000       -1.992478        1.000000    0.726012    0.035868    0.014656    3.433902
    0.147059    0.483959   -1.067770   -0.996466    0.000000       -1.992581        1.000000    0.828383    0.046755    0.014656    3.433902
    0.156863    0.513177   -1.034222   -0.996563    0.000000       -1.992701        1.000000    0.936934    0.059827    0.014656    3.433902
    0.166667    0.541818   -1.000670   -0.996676    0.000000       -1.992839        1.000000    1.051544    0.075307    0.014656    3.433902
    0.176471    0.569848   -0.967114   -0.996810    0.000000       -1.993001        1.000000    1.172082    0.093416    0.014656    3.433902
    0.186275    0.597238   -0.933553   -0.996967    0.000000       -1.993190        1.000000    1.298415    0.114370    0.014656    3.433902
    0.196078    0.623955   -0.899986   -0.997152    0.000000       -1.993411        1.000000    1.430399    0.138375    0.014656    3.433902
    0.205882    0.649970   -0.866413   -0.997372    0.000000       -1.993671        1.000000    1.567885    0.165625    0.014656    3.433902
    0.215686    0.675253   -0.832831   -0.997634    0.000000       -1.993978        1.000000    1.710720    0.196300    0.014656    3.433902
    0.225490    0.699775   -0.799240   -0.997948    0.000000       -1.994343        1.000000    1.858742    0.230566    0.014656    3.433902
    0.235294    0.723508   -0.765637   -0.998327    0.000000       -1.994778        1.000000    2.011784    0.268568    0.014656    3.433902
    0.245098    0.746426   -0.732020   -0.998785    0.000000       -1.995301        1.000000    2.169674    0.310432    0.014656    3.433902
    0.254902    0.768502   -0.698386   -0.999345    0.000000       -1.995934        1.000000    2.332234    0.356261    0.014656    3.433902
    0.264706    0.789711   -0.664732   -1.000035    0.000000       -1.996706        1.000000    2.499280    0.406134    0.014656    3.433902
    0.274510    0.810027   -0.631051   -1.000891    0.000000       -1.997657        1.000000    2.670623    0.460105    0.014656    3.433902
    0.284314    0.829428   -0.597338   -1.001965    0.000000       -1.998839        1.000000    2.846070    0.518201    0.014656    3.433902
    0.294118    0.847890   -0.563584   -1.003326    0.000000       -2.000326        1.000000    3.025423    0.580422    0.014656    3.433902
    0.303922    0.865391   -0.529778   -1.005075    0.000000       -2.002219        1.000000    3.208477    0.646739    0.014656    3.433902
    0.313725    0.881908   -0.495905   -1.007353    0.000000       -2.004666        1.000000    3.395025    0.717096    0.014656    3.433902
    0.323529    0.897422   -0.461943   -1.010366    0.000000       -2.007877        1.000000    3.584855    0.791406    0.014656    3.433902
    0.333333    0.911910   -0.427864   -1.014427    0.000000       -2.012172        1.000000    3.777749    0.869555    0.014656    3.433902
    0.343137    0.925352   -0.393624   -1.020012    0.000000       -2.018038        1.000000    3.973487    0.951399    0.014656    3.433902
    0.352941    0.937727   -0.359160   -1.027876    0.000000       -2.026240        1.000000    4.171842    1.036768    0.014656    3.433902
    0.362745    0.949010   -0.324376   -1.039249    0.000000       -2.038026        1.000000    4.372584    1.125463    0.014656    3.433902
    0.372549    0.959177   -0.289124   -1.056194    0.000000       -2.055482        1.000000    4.575477    1.217260    0.014656    3.433902
    0.382353    0.968196   -0.253160   -1.082262    0.000000       -2.082190        1.000000    4.780277    1.311908    0.014656    3.433902
    0.392157    0.976026   -0.216084   -1.123574    0.000000       -2.124310        1.000000    4.986734    1.409130    0.014656    3.433902
    0.401961    0.982609   -0.177228   -1.189894    0.000000       -2.191652        1.000000    5.194583    1.508622    0.014656    3.433902
    0.411765    0.987862   -0.135570   -1.290763    0.000000       -2.293762        1.000000    5.403544    1.610046    0.014656    3.433902
    0.421569    0.991664   -0.090169   -1.399936    0.000000       -2.404246        1.000000    5.613308    1.713011    0.014656    3.433902
    0.431373    0.993901   -0.043119   -1.341432    0.000000       -2.346634        1.000000    5.823546    1.817041    0.014656    3.433902
    0.441176    0.994660   -0.004517   -0.892702    0.000000       -1.898060        1.000000    6.033944    1.921588    0.014656    3.433902
    0.450980    0.994416    0.015874   -0.342952    0.000000       -1.348441        1.000000    6.244291    2.026208    0.014656    3.433902
    0.460784    0.993760    0.021295   -0.020827    0.000000       -1.026878        1.000000    6.454499    2.130708    0.014656    3.433902
    0.470588    0.993061    0.019528    0.101257    0.000000       -0.905538        1.000000    6.664559    2.235059    0.014656    3.433902
    0.480392    0.992468    0.015663    0.116083    0.000000       -0.891383        1.000000    6.874494    2.339279    0.014656    3.433902
    0.490196    0.992001    0.012301    0.077460    0.000000       -0.930527        1.000000    7.084329    2.443395    0.014656    3.433902
    0.500000    0.991619    0.010763    0.010324    0.000000       -0.998070        1.000000    7.294085    2.547426    0.014656    3.433902
    0.509804    0.991247    0.011804   -0.074700    0.000000       -1.083460        1.000000    7.503761    2.651380    0.014656    3.433902
    0.519608    0.990789    0.015947   -0.173583    0.000000       -1.182751        1.000000    7.713340    2.755245    0.014656    3.433902
    0.529412    0.990134    0.023625   -0.284315    0.000000       -1.293998        1.000000    7.922781    2.858986    0.014656    3.433902
    0.539216    0.989155    0.035185   -0.403291    0.000000       -1.413629        1.000000    8.132015    2.962533    0.014656    3.433902
    0.549020    0.987720    0.050793   -0.523354    0.000000       -1.534481        1.000000    8.340946    3.065779    0.014656    3.433902
    0.558824    0.985693    0.070329   -0.635121    0.000000       -1.647128        1.000000    8.549447    3.168573    0.014656    3.433902
    0.568627    0.982949    0.093374   -0.730783    0.000000       -1.743697        1.000000    8.757368    3.270717    0.014656    3.433902
    0.578431    0.979383    0.119313   -0.806914    0.000000       -1.820706        1.000000    8.964535    3.371974    0.014656    3.433902
    0.588235    0.974911    0.147494   -0.864343    0.000000       -1.878940        1.000000    9.170756    3.472077    0.014656    3.433902
    0.598039    0.969471    0.177336   -0.906237    0.000000       -1.921550        1.000000    9.375826    3.570741    0.014656    3.433902
    0.607843    0.963022    0.208379   -0.936294    0.000000       -1.952229        1.000000    9.579532    3.667670    0.014656    3.433902
    0.617647    0.955535    0.240282   -0.957764    0.000000       -1.974233        1.000000    9.781654    3.762573    0.014656    3.433902
    0.627451    0.946995    0.272799   -0.973157    0.000000       -1.990080        1.000000    9.981970    3.855163    0.014656    3.433902
    0.637255    0.937392    0.305758   -0.984287    0.000000       -2.001597        1.000000   10.180255    3.945168    0.014656    3.433902
    0.647059    0.926727    0.339039   -0.992425    0.000000       -2.010065        1.000000   10.376283    4.032331    0.014656    3.433902
    0.656863    0.915001    0.372556   -0.998449    0.000000       -2.016372        1.000000   10.569832    4.116417    0.014656    3.433902
    0.666667    0.902221    0.406249   -1.002966    0.000000       -2.021131        1.000000   10.760676    4.197212    0.014656    3.433902
    0.676471    0.888398    0.440075   -1.006396    0.000000       -2.024769        1.000000   10.948597    4.274528    0.014656    3.433902
    0.686275    0.873542    0.474002   -1.009032    0.000000       -2.027584        1.000000   11.133376    4.348204    0.014656    3.433902
    0.696078    0.857669    0.508008   -1.011080    0.000000       -2.029789        1.000000   11.314797    4.418104    0.014656    3.433902
    0.705882    0.840795    0.542075   -1.012689    0.000000       -2.031534        1.000000   11.492648    4.484123    0.014656    3.433902
    0.715686    0.822938    0.576190   -1.013965    0.000000       -2.032929        1.000000   11.666723    4.546182    0.014656    3.433902
    0.725490    0.804118    0.610344   -1.014987    0.000000       -2.034055        1.000000   11.836816    4.604235    0.014656    3.433902
    0.735294    0.784355    0.644528   -1.015812    0.000000       -2.034972        1.000000   12.002729    4.658261    0.014656    3.433902
    0.745098    0.763671    0.678738   -1.016483    0.000000       -2.035725        1.000000   12.164267    4.708270    0.014656    3.433902
    0.754902    0.742091    0.712968   -1.017033    0.000000       -2.036347        1.000000   12.321240    4.754299    0.014656    3.433902
    0.764706    0.719639    0.747215   -1.017486    0.000000       -2.036864        1.000000   12.473464    4.796410    0.014656    3.433902
    0.774510    0.696342    0.781476   -1.017863    0.000000       -2.037297        1.000000   12.620759    4.834694    0.014656    3.433902
    0.784314    0.672225    0.815748   -1.018177    0.000000       -2.037662        1.000000   12.762954    4.869262    0.014656    3.433902
    0.794118    0.647318    0.850031   -1.018440    0.000000       -2.037970        1.000000   12.899879    4.900250    0.014656    3.433902
    0.803922    0.621649    0.884321   -1.018662    0.000000       -2.038232        1.000000   13.031375    4.927812    0.014656    3.433902
    0.813725    0.595248    0.918618   -1.018849    0.000000       -2.038456        1.000000   13.157287    4.952121    0.014656    3.433902
    0.823529    0.568147    0.952921   -1.019008    0.000000       -2.038647        1.000000   13.277466    4.973365    0.014656    3.433902
    0.833333    0.540376    0.987229   -1.019144    0.000000       -2.038811        1.000000   13.391771    4.991744    0.014656    3.433902
    0.843137    0.511970    1.021541   -1.019259    0.000000       -2.038952        1.000000   13.500066    5.007471    0.014656    3.433902
    0.852941    0.482960    1.055857   -1.019358    0.000000       -2.039074        1.000000   13.602226    5.020763    0.014656    3.433902
    0.862745    0.453381    1.090176   -1.019442    0.000000       -2.039179        1.000000   13.698129    5.031844    0.014656    3.433902
    0.872549    0.423268    1.124498   -1.019515    0.000000       -2.039270        1.000000   13.787662    5.040940    0.014656    3.433902
    0.882353    0.392657    1.158821   -1.019576    0.000000       -2.039348        1.000000   13.870719    5.048276    0.014656    3.433902
    0.892157    0.361582    1.193147   -1.019629    0.000000       -2.039415        1.000000   13.947204    5.054072    0.014656    3.433902
    0.901961    0.330082    1.227474   -1.019675    0.000000       -2.039473        1.000000   14.017026    5.058544    0.014656    3.433902
    0.911765    0.298193    1.261803   -1.019713    0.000000       -2.039523        1.000000   14.080102    5.061897    0.014656    3.433902
    0.921569    0.265952    1.296133   -1.019746    0.000000       -2.039565        1.000000   14.136358    5.064327    0.014656    3.433902
    0.931373    0.233398    1.330464   -1.019773    0.000000       -2.039600        1.000000   14.185728    5.066013    0.014656    3.433902
    0.941176    0.200569    1.364796   -1.019796    0.000000       -2.039630        1.000000   14.228154    5.067121    0.014656    3.433902
    0.950980    0.167503    1.399128   -1.019814    0.000000       -2.039654        1.000000   14.263586    5.067799    0.014656    3.433902
    0.960784    0.134240    1.433461   -1.019828    0.000000       -2.039673        1.000000   14.291981    5.068174    0.014656    3.433902
    0.970588    0.100819    1.467795   -1.019839    0.000000       -2.039688        1.000000   14.313307    5.068353    0.014656    3.433902
    0.980392    0.067279    1.502128   -1.019847    0.000000       -2.039698        1.000000   14.327538    5.068420    0.014656    3.433902
    0.990196    0.033659    1.536462   -1.019852    0.000000       -2.039704        1.000000   14.334658    5.068435    0.014656    3.433902
    1.000000    0.000000    1.570796   -1.019853    0.000000       -2.039706        1.000000   14.334658    5.068436    0.014656    3.433902
