           t           r         psi          cs          qs               p             sig           A           V          Q2           S
    0.000000    0.000000   -1.570796   -0.995144    0.000000       -1.990288        1.000000    0.000000    0.000000    0.017842    3.436807
    0.009804    0.033688   -1.537266   -0.995146    0.000000       -1.990291        1.000000    0.000000    0.000001    0.017842    3.436807
    0.019608    0.067338   -1.503735   -0.995152    0.000000       -1.990299        1.000000    0.014256    0.000016    0.017842    3.436807
    0.029412    0.100912   -1.470204   -0.995163    0.000000       -1.990313        1.000000    0.035620    0.000081    0.017842    3.436807
    0.039216    0.134373   -1.436673   -0.995177    0.000000       -1.990332        1.000000    0.064067    0.000256    0.017842    3.436807
    0.049020    0.167683   -1.403141   -0.995197    0.000000       -1.990358        1.000000    0.099567    0.000624    0.017842    3.436807
    0.058824    0.200804   -1.369608   -0.995222    0.000000       -1.990391        1.000000    0.142079    0.001288    0.017842    3.436807
    0.068627    0.233700   -1.336074   -0.995252    0.000000       -1.990431        1.000000    0.191554    0.002375    0.017842    3.436807
    0.078431    0.266332   -1.302539   -0.995289    0.000000       -1.990479        1.000000    0.247939    0.004029    0.017842    3.436807
    0.088235    0.298666   -1.269003   -0.995333    0.000000       -1.990536        1.000000    0.311168    0.006412    0.017842    3.436807
    0.098039    0.330663   -1.235465   -0.995385    0.000000       -1.990603        1.000000    0.381172    0.009704    0.017842    3.436807
    0.107843    0.362289   -1.201926   -0.995446    0.000000       -1.990682        1.000000    0.457871    0.014096    0.017842    3.436807
    0.117647    0.393507   -1.168384   -0.995518    0.000000       -1.990773        1.000000    0.541179    0.019792    0.017842    3.436807
    0.127451    0.424282   -1.134839   -0.995602    0.000000       -1.990879        1.000000    0.631002    0.027007    0.017842    3.436807
    0.137255    0.454580   -1.101292   -0.995700    0.000000       -1.991002        1.000000    0.727240    0.035960    0.017842    3.436807
    0.147059    0.484367   -1.067740   -0.995815    0.000000       -1.991144        1.000000    0.829784    0.046876    0.017842    3.436807
    0.156863    0.513609   -1.034185   -0.995949    0.000000       -1.991310        1.000000    0.938518    0.059981    0.017842    3.436807
    0.166667    0.542273   -1.000625   -0.996106    0.000000       -1.991502        1.000000    1.053321    0.075501    0.017842    3.436807
    0.176471    0.570327   -0.967059   -0.996290    0.000000       -1.991726        1.000000    1.174063    0.093658    0.017842    3.436807
    0.186275    0.597738   -0.933486   -0.996508    0.000000       -1.991987        1.000000    1.300608    0.114666    0.017842    3.436807
    0.196078    0.624476   -0.899905   -0.996764    0.000000       -1.992293        1.000000    1.432814    0.138734    0.017842    3.436807
    0.205882    0.650511   -0.866315   -0.997069    0.000000       -1.992653        1.000000    1.570532    0.166055    0.017842    3.436807
    0.215686    0.675813   -0.832714   -0.997432    0.000000       -1.993078        1.000000    1.713606    0.196811    0.017842    3.436807
    0.225490    0.700353   -0.799099   -0.997866    0.000000       -1.993582        1.000000    1.861876    0.231168    0.017842    3.436807
    0.235294    0.724103   -0.765468   -0.998389    0.000000       -1.994184        1.000000    2.015173    0.269271    0.017842    3.436807
    0.245098    0.747036   -0.731818   -0.999024    0.000000       -1.994908        1.000000    2.173326    0.311246    0.017842    3.436807
    0.254902    0.769125   -0.698144   -0.999799    0.000000       -1.995783        1.000000    2.336155    0.357197    0.017842    3.436807
    0.264706    0.790344   -0.664441   -1.000752    0.000000       -1.996852        1.000000    2.503476    0.407203    0.017842    3.436807
    0.274510    0.810669   -0.630702   -1.001936    0.000000       -1.998167        1.000000    2.675100    0.461319    0.017842    3.436807
    0.284314    0.830076   -0.596919   -1.003421    0.000000       -1.999801        1.000000    2.850833    0.519572    0.017842    3.436807
    0.294118    0.848541   -0.563079   -1.005304    0.000000       -2.001857        1.000000    3.030475    0.581961    0.017842    3.436807
    0.303922    0.866040   -0.529167   -1.007721    0.000000       -2.004473        1.000000    3.213821    0.648457    0.017842    3.436807
    0.313725    0.882552   -0.495162   -1.010866    0.000000       -2.007852        1.000000    3.400663    0.719005    0.017842    3.436807
    0.323529    0.898054   -0.461035   -1.015025    0.000000       -2.012284        1.000000    3.590787    0.793516    0.017842    3.436807
    0.333333    0.912524   -0.426745   -1.020621    0.000000       -2.018204        1.000000    3.783975    0.871876    0.017842    3.436807
    0.343137    0.925939   -0.392234   -1.028302    0.000000       -2.026271        1.000000    3.980002    0.953942    0.017842    3.436807
    0.352941    0.938275   -0.357415   -1.039084    0.000000       -2.037516        1.000000    4.178641    1.039539    0.017842    3.436807
    0.362745    0.949505   -0.322159   -1.054594    0.000000       -2.053592        1.000000    4.379658    1.128470    0.017842    3.436807
    0.372549    0.959600   -0.286265   -1.077502    0.000000       -2.077195        1.000000    4.582812    1.220506    0.017842    3.436807
    0.382353    0.968520   -0.249417   -1.112203    0.000000       -2.112757        1.000000    4.787854    1.315394    0.017842    3.436807
    0.392157    0.976214   -0.211107   -1.165616    0.000000       -2.167240        1.000000    4.994525    1.412850    0.017842    3.436807
    0.401961    0.982612   -0.170558   -1.246410    0.000000       -2.249339        1.000000    5.202551    1.512559    0.017842    3.436807
    0.411765    0.987613   -0.126800   -1.353324    0.000000       -2.357737        1.000000    5.411635    1.614164    0.017842    3.436807
    0.421569    0.991093   -0.079715   -1.422910    0.000000       -2.428694        1.000000    5.621456    1.717239    0.017842    3.436807
    0.431373    0.992984   -0.033558   -1.258653    0.000000       -2.265151        1.000000    5.831678    1.821268    0.017842    3.436807
    0.441176    0.993481    0.001338   -0.779325    0.000000       -1.785886        1.000000    6.042005    1.925697    0.017842    3.436807
    0.450980    0.993092    0.019036   -0.298889    0.000000       -1.305663        1.000000    6.252249    2.030136    0.017842    3.436807
    0.460784    0.992343    0.023869   -0.022269    0.000000       -1.029698        1.000000    6.462335    2.134430    0.017842    3.436807
    0.470588    0.991553    0.022407    0.088084    0.000000       -0.920182        1.000000    6.672253    2.238557    0.017842    3.436807
    0.480392    0.990855    0.018979    0.104219    0.000000       -0.904829        1.000000    6.882024    2.342532    0.017842    3.436807
    0.490196    0.990270    0.015942    0.069977    0.000000       -0.939720        1.000000    7.091671    2.446379    0.017842    3.436807
    0.500000    0.989762    0.014579    0.007261    0.000000       -1.002976        1.000000    7.301210    2.550116    0.017842    3.436807
    0.509804    0.989260    0.015654   -0.073620    0.000000       -1.084353        1.000000    7.510643    2.653750    0.017842    3.436807
    0.519608    0.988673    0.019689   -0.167850    0.000000       -1.179111        1.000000    7.719952    2.757267    0.017842    3.436807
    0.529412    0.987895    0.027082   -0.272461    0.000000       -1.284343        1.000000    7.929096    2.860631    0.017842    3.436807
    0.539216    0.986808    0.038126   -0.383790    0.000000       -1.396422        1.000000    8.138010    2.963776    0.017842    3.436807
    0.549020    0.985284    0.052958   -0.496172    0.000000       -1.509685        1.000000    8.346602    3.066598    0.017842    3.436807
    0.558824    0.983199    0.071495   -0.602537    0.000000       -1.617027        1.000000    8.554751    3.168955    0.017842    3.436807
    0.568627    0.980433    0.093422   -0.696550    0.000000       -1.712060        1.000000    8.762316    3.270660    0.017842    3.436807
    0.578431    0.976881    0.118253   -0.774592    0.000000       -1.791109        1.000000    8.969128    3.371490    0.017842    3.436807
    0.588235    0.972457    0.145435   -0.836198    0.000000       -1.853664        1.000000    9.175004    3.471191    0.017842    3.436807
    0.598039    0.967096    0.174438   -0.883138    0.000000       -1.901470        1.000000    9.379745    3.569488    0.017842    3.436807
    0.607843    0.960748    0.204814   -0.918144    0.000000       -1.937244        1.000000    9.583141    3.666094    0.017842    3.436807
    0.617647    0.953381    0.236208   -0.943984    0.000000       -1.963757        1.000000    9.784979    3.760721    0.017842    3.436807
    0.627451    0.944973    0.268351   -0.963018    0.000000       -1.983375        1.000000    9.985036    3.853085    0.017842    3.436807
    0.637255    0.935511    0.301048   -0.977087    0.000000       -1.997948        1.000000   10.183090    3.942914    0.017842    3.436807
    0.647059    0.924990    0.334156   -0.987559    0.000000       -2.008855        1.000000   10.378916    4.029951    0.017842    3.436807
    0.656863    0.913410    0.367569   -0.995424    0.000000       -2.017094        1.000000   10.572291    4.113957    0.017842    3.436807
    0.666667    0.900776    0.401214   -1.001389    0.000000       -2.023382        1.000000   10.762992    4.194715    0.017842    3.436807
    0.676471    0.887096    0.435036   -1.005960    0.000000       -2.028234        1.000000   10.950796    4.272034    0.017842    3.436807
    0.686275    0.872380    0.468993   -1.009499    0.000000       -2.032017        1.000000   11.135485    4.345746    0.017842    3.436807
    0.696078    0.856642    0.503055   -1.012266    0.000000       -2.034997        1.000000   11.316841    4.415714    0.017842    3.436807
    0.705882    0.839897    0.537201   -1.014451    0.000000       -2.037367        1.000000   11.494653    4.481825    0.017842    3.436807
    0.715686    0.822163    0.571413   -1.016191    0.000000       -2.039270        1.000000   11.668711    4.543999    0.017842    3.436807
    0.725490    0.803458    0.605677   -1.017589    0.000000       -2.040812        1.000000   11.838808    4.602183    0.017842    3.436807
    0.735294    0.783805    0.639983   -1.018721    0.000000       -2.042070        1.000000   12.004745    4.656352    0.017842    3.436807
    0.745098    0.763223    0.674324   -1.019643    0.000000       -2.043105        1.000000   12.166325    4.706512    0.017842    3.436807
    0.754902    0.741737    0.708694   -1.020401    0.000000       -2.043961        1.000000   12.323355    4.752697    0.017842    3.436807
    0.764706    0.719372    0.743086   -1.021027    0.000000       -2.044675        1.000000   12.475651    4.794967    0.017842    3.436807
    0.774510    0.696154    0.777498   -1.021547    0.000000       -2.045274        1.000000   12.623032    4.833406    0.017842    3.436807
    0.784314    0.672109    0.811925   -1.021981    0.000000       -2.045778        1.000000   12.765322    4.868127    0.017842    3.436807
    0.794118    0.647265    0.846367   -1.022346    0.000000       -2.046205        1.000000   12.902352    4.899260    0.017842    3.436807
    0.803922    0.621653    0.880819   -1.022653    0.000000       -2.046568        1.000000   13.033960    4.926960    0.017842    3.436807
    0.813725    0.595302    0.915281   -1.022913    0.000000       -2.046878        1.000000   13.159990    4.951397    0.017842    3.436807
    0.823529    0.568242    0.949751   -1.023134    0.000000       -2.047143        1.000000   13.280291    4.972758    0.017842    3.436807
    0.833333    0.540507    0.984228   -1.023322    0.000000       -2.047371        1.000000   13.394720    4.991243    0.017842    3.436807
    0.843137    0.512129    1.018711   -1.023482    0.000000       -2.047567        1.000000   13.503141    5.007064    0.017842    3.436807
    0.852941    0.483142    1.053198   -1.023619    0.000000       -2.047736        1.000000   13.605425    5.020438    0.017842    3.436807
    0.862745    0.453580    1.087690   -1.023736    0.000000       -2.047882        1.000000   13.701451    5.031591    0.017842    3.436807
    0.872549    0.423478    1.122186   -1.023837    0.000000       -2.048008        1.000000   13.791104    5.040747    0.017842    3.436807
    0.882353    0.392871    1.156685   -1.023923    0.000000       -2.048117        1.000000   13.874278    5.048132    0.017842    3.436807
    0.892157    0.361798    1.191187   -1.023997    0.000000       -2.048211        1.000000   13.950873    5.053968    0.017842    3.436807
    0.901961    0.330293    1.225690   -1.024059    0.000000       -2.048291        1.000000   14.020798    5.058471    0.017842    3.436807
    0.911765    0.298395    1.260196   -1.024113    0.000000       -2.048360        1.000000   14.083970    5.061849    0.017842    3.436807
    0.921569    0.266142    1.294704   -1.024158    0.000000       -2.048419        1.000000   14.140314    5.064296    0.017842    3.436807
    0.931373    0.233572    1.329212   -1.024196    0.000000       -2.048468        1.000000   14.189763    5.065995    0.017842    3.436807
    0.941176    0.200723    1.363722   -1.024227    0.000000       -2.048509        1.000000   14.232258    5.067111    0.017842    3.436807
    0.950980    0.167636    1.398233   -1.024253    0.000000       -2.048543        1.000000   14.267747    5.067794    0.017842    3.436807
    0.960784    0.134349    1.432745   -1.024273    0.000000       -2.048569        1.000000   14.296190    5.068172    0.017842    3.436807
    0.970588    0.100902    1.467257   -1.024288    0.000000       -2.048590        1.000000   14.317552    5.068352    0.017842    3.436807
    0.980392    0.067335    1.501770   -1.024299    0.000000       -2.048604        1.000000   14.331807    5.068420    0.017842    3.436807
    0.990196    0.033687    1.536283   -1.024306    0.000000       -2.048612        1.000000   14.338939    5.068435    0.017842    3.436807
    1.000000    0.000000    1.570796   -1.024308    0.000000       -2.048615        1.000000   14.338939    5.068436    0.017842    3.436807
