           t           r         psi          cs          qs               p             sig           A           V          Q2           S
    0.000000    0.000000   -1.570796   -1.893388    0.000000       -3.786776        1.000000    0.000000    0.000000    0.869586   19.974180
    0.009804    0.190916   -1.169472   -2.349178    0.000000       -4.395304        1.000000    0.000000    0.002194    0.869586   19.974180
    0.019608    0.343742   -0.627008   -3.085164    0.000000       -5.440959        1.000000    0.422943    0.032456    0.869586   19.974180
    0.029412    0.407851   -0.080885   -2.137847    0.000000       -4.581705        1.000000    0.924766    0.117737    0.869586   19.974180
    0.039216    0.394774    0.155786   -0.360743    0.000000       -2.863164        1.000000    1.410498    0.218267    0.869586   19.974180
    0.049020    0.364655    0.125438    0.489405    0.000000       -2.231368        1.000000    1.859172    0.305697    0.869586   19.974180
    0.058824    0.350315    0.022615    0.457044    0.000000       -2.396799        1.000000    2.290201    0.383330    0.869586   19.974180
    0.068627    0.352509   -0.033512    0.112030    0.000000       -2.723181        1.000000    2.723931    0.458891    0.869586   19.974180
    0.078431    0.359488   -0.030776   -0.101597    0.000000       -2.882015        1.000000    3.166247    0.536837    0.869586   19.974180
    0.088235    0.363263   -0.007631   -0.108712    0.000000       -2.861459        1.000000    3.613208    0.617333    0.869586   19.974180
    0.098039    0.363127    0.006489   -0.033101    0.000000       -2.786900        1.000000    4.060002    0.698588    0.869586   19.974180
    0.107843    0.361631    0.007080    0.018936    0.000000       -2.746242        1.000000    4.504956    0.779376    0.869586   19.974180
    0.117647    0.360706    0.002191    0.024770    0.000000       -2.747561        1.000000    4.948772    0.859588    0.869586   19.974180
    0.127451    0.360663   -0.001226    0.009087    0.000000       -2.763579        1.000000    5.392534    0.939597    0.869586   19.974180
    0.137255    0.360983   -0.001624   -0.003358    0.000000       -2.773572        1.000000    5.836690    1.019690    0.869586   19.974180
    0.147059    0.361207   -0.000602   -0.005604    0.000000       -2.774096        1.000000    6.281122    1.099913    0.869586   19.974180
    0.156863    0.361235    0.000215   -0.002404    0.000000       -2.770687        1.000000    6.725587    1.180191    0.869586   19.974180
    0.166667    0.361168    0.000366    0.000529    0.000000       -2.768262        1.000000    7.169971    1.260456    0.869586   19.974180
    0.176471    0.361115    0.000159    0.001248    0.000000       -2.767956        1.000000    7.614289    1.340691    0.869586   19.974180
    0.186275    0.361105   -0.000034    0.000617    0.000000       -2.768664        1.000000    8.058594    1.420912    0.869586   19.974180
    0.196078    0.361118   -0.000082   -0.000065    0.000000       -2.769243        1.000000    8.502916    1.501135    0.869586   19.974180
    0.205882    0.361131   -0.000041   -0.000274    0.000000       -2.769355        1.000000    8.947254    1.581365    0.869586   19.974180
    0.215686    0.361134    0.000004   -0.000155    0.000000       -2.769211        1.000000    9.391595    1.661598    0.869586   19.974180
    0.225490    0.361131    0.000018    0.000002    0.000000       -2.769075        1.000000    9.835933    1.741831    0.869586   19.974180
    0.235294    0.361128    0.000010    0.000059    0.000000       -2.769040        1.000000   10.280268    1.822062    0.869586   19.974180
    0.245098    0.361127   -0.000000    0.000038    0.000000       -2.769068        1.000000   10.724601    1.902293    0.869586   19.974180
    0.254902    0.361128   -0.000004    0.000003    0.000000       -2.769100        1.000000   11.168935    1.982523    0.869586   19.974180
    0.264706    0.361128   -0.000002   -0.000012    0.000000       -2.769110        1.000000   11.613270    2.062754    0.869586   19.974180
    0.274510    0.361129   -0.000000   -0.000009    0.000000       -2.769105        1.000000   12.057605    2.142985    0.869586   19.974180
    0.284314    0.361129    0.000001   -0.000001    0.000000       -2.769098        1.000000   12.501941    2.223216    0.869586   19.974180
    0.294118    0.361128    0.000001    0.000003    0.000000       -2.769095        1.000000   12.946275    2.303447    0.869586   19.974180
    0.303922    0.361128    0.000000    0.000002    0.000000       -2.769096        1.000000   13.390610    2.383678    0.869586   19.974180
    0.313725    0.361128   -0.000000    0.000000    0.000000       -2.769097        1.000000   13.834945    2.463909    0.869586   19.974180
    0.323529    0.361128   -0.000000   -0.000001    0.000000       -2.769098        1.000000   14.279280    2.544140    0.869586   19.974180
    0.333333    0.361128   -0.000000   -0.000001    0.000000       -2.769098        1.000000   14.723615    2.624371    0.869586   19.974180
    0.343137    0.361128    0.000000   -0.000000    0.000000       -2.769098        1.000000   15.167950    2.704602    0.869586   19.974180
    0.352941    0.361128    0.000000    0.000000    0.000000       -2.769097        1.000000   15.612285    2.784833    0.869586   19.974180
    0.362745    0.361128    0.000000    0.000000    0.000000       -2.769097        1.000000   16.056619    2.865064    0.869586   19.974180
    0.372549    0.361128   -0.000000    0.000000    0.000000       -2.769098        1.000000   16.500954    2.945295    0.869586   19.974180
    0.382353    0.361128   -0.000000   -0.000000    0.000000       -2.769098        1.000000   16.945289    3.025526    0.869586   19.974180
    0.392157    0.361128   -0.000000   -0.000000    0.000000       -2.769098        1.000000   17.389624    3.105757    0.869586   19.974180
    0.401961    0.361128    0.000000   -0.000000    0.000000       -2.769098        1.000000   17.833959    3.185988    0.869586   19.974180
    0.411765    0.361128    0.000000    0.000000    0.000000       -2.769098        1.000000   18.278294    3.266219    0.869586   19.974180
    0.421569    0.361128    0.000000    0.000000    0.000000       -2.769098        1.000000   18.722629    3.346450    0.869586   19.974180
    0.431373    0.361128   -0.000000    0.000000    0.000000       -2.769098        1.000000   19.166963    3.426681    0.869586   19.974180
    0.441176    0.361128   -0.000000   -0.000000    0.000000       -2.769098        1.000000   19.611298    3.506912    0.869586   19.974180
    0.450980    0.361128   -0.000000   -0.000000    0.000000       -2.769098        1.000000   20.055633    3.587143    0.869586   19.974180
    0.460784    0.361128    0.000000   -0.000000    0.000000       -2.769098        1.000000   20.499968    3.667374    0.869586   19.974180
    0.470588    0.361128    0.000000    0.000000    0.000000       -2.769098        1.000000   20.944303    3.747605    0.869586   19.974180
    0.480392    0.361128    0.000000    0.000000    0.000000       -2.769098        1.000000   21.388638    3.827836    0.869586   19.974180
    0.490196    0.361128   -0.000000    0.000000    0.000000       -2.769098        1.000000   21.832973    3.908067    0.869586   19.974180
    0.500000    0.361128   -0.000000    0.000000    0.000000       -2.769098        1.000000   22.277308    3.988298    0.869586   19.974180
    0.509804    0.361128   -0.000000   -0.000000    0.000000       -2.769098        1.000000   22.721642    4.068529    0.869586   19.974180
    0.519608    0.361128   -0.000000   -0.000000    0.000000       -2.769098        1.000000   23.165977    4.148760    0.869586   19.974180
    0.529412    0.361128    0.000000   -0.000000    0.000000       -2.769098        1.000000   23.610312    4.228991    0.869586   19.974180
    0.539216    0.361128    0.000000    0.000000    0.000000       -2.769098        1.000000   24.054647    4.309222    0.869586   19.974180
    0.549020    0.361128    0.000000    0.000000    0.000000       -2.769098        1.000000   24.498982    4.389453    0.869586   19.974180
    0.558824    0.361128   -0.000000    0.000000    0.000000       -2.769098        1.000000   24.943317    4.469684    0.869586   19.974180
    0.568627    0.361128   -0.000000   -0.000000    0.000000       -2.769098        1.000000   25.387652    4.549915    0.869586   19.974180
    0.578431    0.361128   -0.000000   -0.000000    0.000000       -2.769098        1.000000   25.831986    4.630146    0.869586   19.974180
    0.588235    0.361128    0.000000   -0.000000    0.000000       -2.769098        1.000000   26.276321    4.710377    0.869586   19.974180
    0.598039    0.361128    0.000000    0.000000    0.000000       -2.769098        1.000000   26.720656    4.790608    0.869586   19.974180
    0.607843    0.361128    0.000000    0.000000    0.000000       -2.769098        1.000000   27.164991    4.870839    0.869586   19.974180
    0.617647    0.361128   -0.000000    0.000000    0.000000       -2.769098        1.000000   27.609326    4.951070    0.869586   19.974180
    0.627451    0.361128   -0.000000   -0.000000    0.000000       -2.769098        1.000000   28.053661    5.031301    0.869586   19.974180
    0.637255    0.361128   -0.000000   -0.000000    0.000000       -2.769098        1.000000   28.497996    5.111532    0.869586   19.974180
    0.647059    0.361128    0.000000   -0.000000    0.000000       -2.769098        1.000000   28.942331    5.191763    0.869586   19.974180
    0.656863    0.361128    0.000000   -0.000000    0.000000       -2.769098        1.000000   29.386665    5.271994    0.869586   19.974180
    0.666667    0.361128    0.000000   -0.000000    0.000000       -2.769098        1.000000   29.831000    5.352225    0.869586   19.974180
    0.676471    0.361128    0.000000   -0.000000    0.000000       -2.769098        1.000000   30.275335    5.432456    0.869586   19.974180
    0.686275    0.361128    0.000000   -0.000000    0.000000       -2.769098        1.000000   30.719670    5.512687    0.869586   19.974180
    0.696078    0.361128    0.000000   -0.000000    0.000000       -2.769098        1.000000   31.164005    5.592918    0.869586   19.974180
    0.705882    0.361128    0.000000   -0.000000    0.000000       -2.769098        1.000000   31.608340    5.673149    0.869586   19.974180
    0.715686    0.361128    0.000000   -0.000000    0.000000       -2.769098        1.000000   32.052675    5.753380    0.869586   19.974180
    0.725490    0.361128    0.000000   -0.000000    0.000000       -2.769098        1.000000   32.497009    5.833611    0.869586   19.974180
    0.735294    0.361128    0.000000   -0.000000    0.000000       -2.769098        1.000000   32.941344    5.913842    0.869586   19.974180
    0.745098    0.361128    0.000000   -0.000000    0.000000       -2.769098        1.000000   33.385679    5.994073    0.869586   19.974180
    0.754902    0.361128    0.000000   -0.000000    0.000000       -2.769098        1.000000   33.830014    6.074304    0.869586   19.974180
    0.764706    0.361128    0.000000   -0.000000    0.000000       -2.769098        1.000000   34.274349    6.154535    0.869586   19.974180
    0.774510    0.361128    0.000000   -0.000000    0.000000       -2.769098        1.000000   34.718684    6.234766    0.869586   19.974180
    0.784314    0.361128    0.000000   -0.000000    0.000000       -2.769098        1.000000   35.163019    6.314997    0.869586   19.974180
    0.794118    0.361128    0.000000   -0.000000    0.000000       -2.769098        1.000000   35.607354    6.395228    0.869586   19.974180
    0.803922    0.361128    0.000000   -0.000000    0.000000       -2.769098        1.000000   36.051688    6.475459    0.869586   19.974180
    0.813725    0.361128    0.000000   -0.000000    0.000000       -2.769098        1.000000   36.496023    6.555690    0.869586   19.974180
    0.823529    0.361128    0.000000   -0.000000    0.000000       -2.769098        1.000000   36.940358    6.635921    0.869586   19.974180
    0.833333    0.361128    0.000000   -0.000001    0.000000       -2.769099        1.000000   37.384693    6.716152    0.869586   19.974180
    0.843137    0.361128    0.000000   -0.000002    0.000000       -2.769100        1.000000   37.829028    6.796383    0.869586   19.974180
    0.852941    0.361128    0.000001   -0.000006    0.000000       -2.769105        1.000000   38.273362    6.876613    0.869586   19.974180
    0.862745    0.361128    0.000003   -0.000016    0.000000       -2.769118        1.000000   38.717696    6.956844    0.869586   19.974180
    0.872549    0.361127    0.000008   -0.000042    0.000000       -2.769153        1.000000   39.162029    7.037075    0.869586   19.974180
    0.882353    0.361124    0.000023   -0.000113    0.000000       -2.769245        1.000000   39.606358    7.117305    0.869586   19.974180
    0.892157    0.361116    0.000060   -0.000301    0.000000       -2.769490        1.000000   40.050679    7.197532    0.869586   19.974180
    0.901961    0.361097    0.000160   -0.000802    0.000000       -2.770145        1.000000   40.494974    7.277754    0.869586   19.974180
    0.911765    0.361043    0.000427   -0.002139    0.000000       -2.771890        1.000000   40.939204    7.357961    0.869586   19.974180
    0.921569    0.360901    0.001139   -0.005702    0.000000       -2.776543        1.000000   41.383259    7.438127    0.869586   19.974180
    0.931373    0.360522    0.003035   -0.015193    0.000000       -2.788934        1.000000   41.826848    7.518187    0.869586   19.974180
    0.941176    0.359513    0.008085   -0.040414    0.000000       -2.821865        1.000000   42.269195    7.597960    0.869586   19.974180
    0.950980    0.356827    0.021488   -0.107053    0.000000       -2.908884        1.000000   42.708238    7.676969    0.869586   19.974180
    0.960784    0.349711    0.056793   -0.280390    0.000000       -3.135286        1.000000   43.138524    7.753940    0.869586   19.974180
    0.970588    0.331071    0.147869   -0.712252    0.000000       -3.699787        1.000000   43.545876    7.825506    0.869586   19.974180
    0.980392    0.283972    0.369990   -1.665629    0.000000       -4.948812        1.000000   43.895277    7.883327    0.869586   19.974180
    0.990196    0.177703    0.839053   -3.166159    0.000000       -6.926182        1.000000   44.113924    7.913154    0.869586   19.974180
    1.000000    0.000000    1.570796   -4.050328    0.000000       -8.100655        1.000000   44.113924    7.916813    0.869586   19.974180
