           t           r         psi          cs          qs               p             sig           A           V          Q2           S
    0.000000    0.000000   -1.570796   -3.026678    0.000000       -6.053355        1.000000    0.000000    0.000000    0.952270   50.951330
    0.009804    0.239615    0.171700   -0.413564    0.000000       -4.525562        1.000000    0.000000    0.053920    0.952270   50.951330
    0.019608    0.217835   -0.031213   -0.192746    0.000000       -4.781135        1.000000    0.683696    0.127874    0.952270   50.951330
    0.029412    0.218123    0.001701    0.041603    0.000000       -4.542969        1.000000    1.368295    0.203288    0.952270   50.951330
    0.039216    0.218545    0.000345   -0.003276    0.000000       -4.578987        1.000000    2.054220    0.278113    0.952270   50.951330
    0.049020    0.218466   -0.000095   -0.000291    0.000000       -4.577652        1.000000    2.739897    0.353018    0.952270   50.951330
    0.058824    0.218471    0.000009    0.000118    0.000000       -4.577140        1.000000    3.425591    0.427922    0.952270   50.951330
    0.068627    0.218472    0.000000   -0.000014    0.000000       -4.577256        1.000000    4.111286    0.502824    0.952270   50.951330
    0.078431    0.218472   -0.000000    0.000000    0.000000       -4.577246        1.000000    4.796981    0.577727    0.952270   50.951330
    0.088235    0.218472    0.000000    0.000000    0.000000       -4.577246        1.000000    5.482676    0.652629    0.952270   50.951330
    0.098039    0.218472   -0.000000   -0.000000    0.000000       -4.577246        1.000000    6.168371    0.727532    0.952270   50.951330
    0.107843    0.218472   -0.000000    0.000000    0.000000       -4.577246        1.000000    6.854066    0.802434    0.952270   50.951330
    0.117647    0.218472    0.000000    0.000000    0.000000       -4.577246        1.000000    7.539761    0.877337    0.952270   50.951330
    0.127451    0.218472   -0.000000   -0.000000    0.000000       -4.577246        1.000000    8.225456    0.952239    0.952270   50.951330
    0.137255    0.218472   -0.000000    0.000000    0.000000       -4.577246        1.000000    8.911151    1.027142    0.952270   50.951330
    0.147059    0.218472    0.000000    0.000000    0.000000       -4.577246        1.000000    9.596846    1.102045    0.952270   50.951330
    0.156863    0.218472   -0.000000   -0.000000    0.000000       -4.577246        1.000000   10.282541    1.176947    0.952270   50.951330
    0.166667    0.218472    0.000000    0.000000    0.000000       -4.577246        1.000000   10.968236    1.251850    0.952270   50.951330
    0.176471    0.218472    0.000000   -0.000000    0.000000       -4.577246        1.000000   11.653931    1.326752    0.952270   50.951330
    0.186275    0.218472    0.000000    0.000000    0.000000       -4.577246        1.000000   12.339626    1.401655    0.952270   50.951330
    0.196078    0.218472    0.000000   -0.000000    0.000000       -4.577246        1.000000   13.025321    1.476557    0.952270   50.951330
    0.205882    0.218472    0.000000   -0.000000    0.000000       -4.577246        1.000000   13.711016    1.551460    0.952270   50.951330
    0.215686    0.218472    0.000000   -0.000000    0.000000       -4.577246        1.000000   14.396711    1.626363    0.952270   50.951330
    0.225490    0.218472    0.000000   -0.000000    0.000000       -4.577246        1.000000   15.082406    1.701265    0.952270   50.951330
    0.235294    0.218472    0.000000   -0.000000    0.000000       -4.577246        1.000000   15.768101    1.776168    0.952270   50.951330
    0.245098    0.218472    0.000000   -0.000000    0.000000       -4.577246        1.000000   16.453796    1.851070    0.952270   50.951330
    0.254902    0.218472    0.000000   -0.000000    0.000000       -4.577246        1.000000   17.139491    1.925973    0.952270   50.951330
    0.264706    0.218472    0.000000   -0.000000    0.000000       -4.577246        1.000000   17.825186    2.000875    0.952270   50.951330
    0.274510    0.218472    0.000000   -0.000000    0.000000       -4.577246        1.000000   18.510881    2.075778    0.952270   50.951330
    0.284314    0.218472    0.000000    0.000000    0.000000       -4.577246        1.000000   19.196576    2.150681    0.952270   50.951330
    0.294118    0.218472    0.000000   -0.000000    0.000000       -4.577246        1.000000   19.882271    2.225583    0.952270   50.951330
    0.303922    0.218472    0.000000   -0.000000    0.000000       -4.577246        1.000000   20.567966    2.300486    0.952270   50.951330
    0.313725    0.218472    0.000000   -0.000000    0.000000       -4.577246        1.000000   21.253661    2.375388    0.952270   50.951330
    0.323529    0.218472    0.000000   -0.000000    0.000000       -4.577246        1.000000   21.939356    2.450291    0.952270   50.951330
    0.333333    0.218472    0.000000   -0.000000    0.000000       -4.577246        1.000000   22.625051    2.525193    0.952270   50.951330
    0.343137    0.218472    0.000000   -0.000000    0.000000       -4.577246        1.000000   23.310746    2.600096    0.952270   50.951330
    0.352941    0.218472    0.000000   -0.000000    0.000000       -4.577246        1.000000   23.996441    2.674999    0.952270   50.951330
    0.362745    0.218472    0.000000   -0.000000    0.000000       -4.577246        1.000000   24.682136    2.749901    0.952270   50.951330
    0.372549    0.218472    0.000000   -0.000000    0.000000       -4.577246        1.000000   25.367831    2.824804    0.952270   50.951330
    0.382353    0.218472    0.000000   -0.000000    0.000000       -4.577246        1.000000   26.053526    2.899706    0.952270   50.951330
    0.392157    0.218472    0.000000   -0.000000    0.000000       -4.577246        1.000000   26.739221    2.974609    0.952270   50.951330
    0.401961    0.218472    0.000000   -0.000000    0.000000       -4.577246        1.000000   27.424916    3.049511    0.952270   50.951330
    0.411765    0.218472    0.000000   -0.000000    0.000000       -4.577246        1.000000   28.110611    3.124414    0.952270   50.951330
    0.421569    0.218472    0.000000   -0.000000    0.000000       -4.577246        1.000000   28.796306    3.199317    0.952270   50.951330
    0.431373    0.218472    0.000000   -0.000000    0.000000       -4.577246        1.000000   29.482001    3.274219    0.952270   50.951330
    0.441176    0.218472    0.000000   -0.000000    0.000000       -4.577246        1.000000   30.167696    3.349122    0.952270   50.951330
    0.450980    0.218472    0.000000   -0.000000    0.000000       -4.577246        1.000000   30.853391    3.424024    0.952270   50.951330
    0.460784    0.218472    0.000000   -0.000000    0.000000       -4.577246        1.000000   31.539086    3.498927    0.952270   50.951330
    0.470588    0.218472    0.000000   -0.000000    0.000000       -4.577246        1.000000   32.224781    3.573829    0.952270   50.951330
    0.480392    0.218472    0.000000   -0.000000    0.000000       -4.577246        1.000000   32.910476    3.648732    0.952270   50.951330
    0.490196    0.218472    0.000000   -0.000000    0.000000       -4.577246        1.000000   33.596171    3.723635    0.952270   50.951330
    0.500000    0.218472    0.000000   -0.000000    0.000000       -4.577246        1.000000   34.281866    3.798537    0.952270   50.951330
    0.509804    0.218472    0.000000   -0.000000    0.000000       -4.577246        1.000000   34.967561    3.873440    0.952270   50.951330
    0.519608    0.218472    0.000000    0.000000    0.000000       -4.577246        1.000000   35.653256    3.948342    0.952270   50.951330
    0.529412    0.218472   -0.000000   -0.000000    0.000000       -4.577246        1.000000   36.338951    4.023245    0.952270   50.951330
    0.539216    0.218472    0.000000    0.000000    0.000000       -4.577246        1.000000   37.024645    4.098147    0.952270   50.951330
    0.549020    0.218472    0.000000    0.000000    0.000000       -4.577246        1.000000   37.710340    4.173050    0.952270   50.951330
    0.558824    0.218472    0.000000   -0.000000    0.000000       -4.577246        1.000000   38.396035    4.247953    0.952270   50.951330
    0.568627    0.218472    0.000000    0.000000    0.000000       -4.577246        1.000000   39.081730    4.322855    0.952270   50.951330
    0.578431    0.218472    0.000000   -0.000000    0.000000       -4.577246        1.000000   39.767425    4.397758    0.952270   50.951330
    0.588235    0.218472    0.000000    0.000000    0.000000       -4.577246        1.000000   40.453120    4.472660    0.952270   50.951330
    0.598039    0.218472    0.000000   -0.000000    0.000000       -4.577246        1.000000   41.138815    4.547563    0.952270   50.951330
    0.607843    0.218472    0.000000   -0.000000    0.000000       -4.577246        1.000000   41.824510    4.622465    0.952270   50.951330
    0.617647    0.218472    0.000000    0.000000    0.000000       -4.577246        1.000000   42.510205    4.697368    0.952270   50.951330
    0.627451    0.218472    0.000000   -0.000000    0.000000       -4.577246        1.000000   43.195900    4.772271    0.952270   50.951330
    0.637255    0.218472    0.000000    0.000000    0.000000       -4.577246        1.000000   43.881595    4.847173    0.952270   50.951330
    0.647059    0.218472    0.000000    0.000000    0.000000       -4.577246        1.000000   44.567290    4.922076    0.952270   50.951330
    0.656863    0.218472    0.000000   -0.000000    0.000000       -4.577246        1.000000   45.252985    4.996978    0.952270   50.951330
    0.666667    0.218472    0.000000   -0.000000    0.000000       -4.577246        1.000000   45.938680    5.071881    0.952270   50.951330
    0.676471    0.218472    0.000000    0.000000    0.000000       -4.577246        1.000000   46.624375    5.146783    0.952270   50.951330
    0.686275    0.218472    0.000000    0.000000    0.000000       -4.577246        1.000000   47.310070    5.221686    0.952270   50.951330
    0.696078    0.218472    0.000000   -0.000000    0.000000       -4.577246        1.000000   47.995765    5.296589    0.952270   50.951330
    0.705882    0.218472    0.000000    0.000000    0.000000       -4.577246        1.000000   48.681460    5.371491    0.952270   50.951330
    0.715686    0.218472    0.000000   -0.000000    0.000000       -4.577246        1.000000   49.367155    5.446394    0.952270   50.951330
    0.725490    0.218472    0.000000    0.000000    0.000000       -4.577246        1.000000   50.052850    5.521296    0.952270   50.951330
    0.735294    0.218472    0.000000    0.000000    0.000000       -4.577246        1.000000   50.738545    5.596199    0.952270   50.951330
    0.745098    0.218472    0.000000    0.000000    0.000000       -4.577246        1.000000   51.424240    5.671101    0.952270   50.951330
    0.754902    0.218472    0.000000    0.000000    0.000000       -4.577246        1.000000   52.109935    5.746004    0.952270   50.951330
    0.764706    0.218472    0.000000   -0.000000    0.000000       -4.577246        1.000000   52.795630    5.820907    0.952270   50.951330
    0.774510    0.218472    0.000000   -0.000000    0.000000       -4.577246        1.000000   53.481325    5.895809    0.952270   50.951330
    0.784314    0.218472    0.000000   -0.000000    0.000000       -4.577246        1.000000   54.167020    5.970712    0.952270   50.951330
    0.794118    0.218472    0.000000    0.000000    0.000000       -4.577246        1.000000   54.852715    6.045614    0.952270   50.951330
    0.803922    0.218472    0.000000    0.000000    0.000000       -4.577246        1.000000   55.538410    6.120517    0.952270   50.951330
    0.813725    0.218472    0.000000    0.000000    0.000000       -4.577246        1.000000   56.224105    6.195419    0.952270   50.951330
    0.823529    0.218472    0.000000   -0.000000    0.000000       -4.577246        1.000000   56.909800    6.270322    0.952270   50.951330
    0.833333    0.218472    0.000000    0.000000    0.000000       -4.577246        1.000000   57.595495    6.345225    0.952270   50.951330
    0.843137    0.218472    0.000000    0.000000    0.000000       -4.577246        1.000000   58.281190    6.420127    0.952270   50.951330
    0.852941    0.218472    0.000000    0.000000    0.000000       -4.577246        1.000000   58.966885    6.495030    0.952270   50.951330
    0.862745    0.218472    0.000000   -0.000000    0.000000       -4.577246        1.000000   59.652580    6.569932    0.952270   50.951330
    0.872549    0.218472    0.000000    0.000000    0.000000       -4.577246        1.000000   60.338275    6.644835    0.952270   50.951330
    0.882353    0.218472    0.000000   -0.000000    0.000000       -4.577246        1.000000   61.023970    6.719737    0.952270   50.951330
    0.892157    0.218472    0.000000    0.000000    0.000000       -4.577246        1.000000   61.709665    6.794640    0.952270   50.951330
    0.901961    0.218472    0.000000    0.000000    0.000000       -4.577246        1.000000   62.395360    6.869543    0.952270   50.951330
    0.911765    0.218472    0.000000    0.000000    0.000000       -4.577246        1.000000   63.081055    6.944445    0.952270   50.951330
    0.921569    0.218472    0.000000   -0.000000    0.000000       -4.577246        1.000000   63.766750    7.019348    0.952270   50.951330
    0.931373    0.218472    0.000000   -0.000000    0.000000       -4.577246        1.000000   64.452445    7.094250    0.952270   50.951330
    0.941176    0.218472    0.000000   -0.000000    0.000000       -4.577246        1.000000   65.138140    7.169153    0.952270   50.951330
    0.950980    0.218472    0.000000   -0.000000    0.000000       -4.577246        1.000000   65.823835    7.244055    0.952270   50.951330
    0.960784    0.218472    0.000000   -0.000003    0.000000       -4.577251        1.000000   66.509530    7.318958    0.952270   50.951330
    0.970588    0.218469    0.000021   -0.000167    0.000000       -4.577471        1.000000   67.195216    7.393860    0.952270   50.951330
    0.980392    0.218338    0.001041   -0.008091    0.000000       -4.588144        1.000000   67.880490    7.468739    0.952270   50.951330
    0.990196    0.211996    0.050142   -0.386767    0.000000       -5.097902        1.000000   68.545861    7.542516    0.952270   50.951330
    1.000000    0.000000    1.570796   -6.912336    0.000000      -13.824673        1.000000   68.545861    7.581710    0.952270   50.951330
