           t           r         psi          cs          qs               p             sig           A           V          Q2           S
    0.000000    0.000000   -1.570796   -1.068606    0.000000       -2.137212        1.000000    0.000000    0.000000    0.417960    6.259517
    0.009804    0.061324   -1.505184   -1.070301    0.000000       -2.139470        1.000000    0.000000    0.000012    0.417960    6.259517
    0.019608    0.122383   -1.439361   -1.075480    0.000000       -2.146355        1.000000    0.047189    0.000190    0.417960    6.259517
    0.029412    0.182911   -1.373107   -1.084425    0.000000       -2.158192        1.000000    0.117717    0.000955    0.417960    6.259517
    0.039216    0.242637   -1.306177   -1.097598    0.000000       -2.175513        1.000000    0.211274    0.002995    0.417960    6.259517
    0.049020    0.301280   -1.238293   -1.115643    0.000000       -2.199054        1.000000    0.327443    0.007240    0.417960    6.259517
    0.058824    0.358551   -1.169132   -1.139385    0.000000       -2.229750        1.000000    0.465695    0.014831    0.417960    6.259517
    0.068627    0.414142   -1.098313   -1.169823    0.000000       -2.268718        1.000000    0.625382    0.027080    0.417960    6.259517
    0.078431    0.467726   -1.025393   -1.208074    0.000000       -2.317191        1.000000    0.805731    0.045419    0.417960    6.259517
    0.088235    0.518947   -0.949857   -1.255241    0.000000       -2.376356        1.000000    1.005829    0.071339    0.417960    6.259517
    0.098039    0.567414   -0.871131   -1.312110    0.000000       -2.447016        1.000000    1.224615    0.106314    0.417960    6.259517
    0.107843    0.612695   -0.788617   -1.378550    0.000000       -2.528921        1.000000    1.460862    0.151709    0.417960    6.259517
    0.117647    0.654314   -0.701779   -1.452433    0.000000       -2.619602        1.000000    1.713156    0.208666    0.417960    6.259517
    0.127451    0.691753   -0.610314   -1.527958    0.000000       -2.712583        1.000000    1.979886    0.277961    0.417960    6.259517
    0.137255    0.724480   -0.514442   -1.593581    0.000000       -2.795226        1.000000    2.259234    0.359844    0.417960    6.259517
    0.147059    0.751991   -0.415304   -1.630722    0.000000       -2.847485        1.000000    2.549191    0.453872    0.417960    6.259517
    0.156863    0.773901   -0.315361   -1.615769    0.000000       -2.844200        1.000000    2.847596    0.558805    0.417960    6.259517
    0.166667    0.790055   -0.218494   -1.527886    0.000000       -2.763527        1.000000    3.152230    0.672644    0.417960    6.259517
    0.176471    0.800623   -0.129470   -1.360841    0.000000       -2.599414        1.000000    3.460938    0.792876    0.417960    6.259517
    0.186275    0.806134   -0.052783   -1.130211    0.000000       -2.368971        1.000000    3.771772    0.916897    0.417960    6.259517
    0.196078    0.807407    0.008600   -0.868051    0.000000       -2.106538        1.000000    4.083096    1.042432    0.417960    6.259517
    0.205882    0.805411    0.053823   -0.608706    0.000000       -1.848510        1.000000    4.393651    1.167799    0.417960    6.259517
    0.215686    0.801116    0.083887   -0.377101    0.000000       -1.620970        1.000000    4.702550    1.291934    0.417960    6.259517
    0.225490    0.795394    0.100931   -0.185484    0.000000       -1.436325        1.000000    5.009242    1.414274    0.417960    6.259517
    0.235294    0.788962    0.107522   -0.036211    0.000000       -1.296379        1.000000    5.313454    1.534604    0.417960    6.259517
    0.245098    0.782383    0.106177    0.073955    0.000000       -1.196993        1.000000    5.615129    1.652925    0.417960    6.259517
    0.254902    0.776071    0.099133    0.150534    0.000000       -1.131681        1.000000    5.914371    1.769356    0.417960    6.259517
    0.264706    0.770314    0.088267    0.199438    0.000000       -1.093680        1.000000    6.211393    1.884087    0.417960    6.259517
    0.274510    0.765298    0.075108    0.226124    0.000000       -1.076872        1.000000    6.506480    1.997343    0.417960    6.259517
    0.284314    0.761126    0.060871    0.235328    0.000000       -1.076081        1.000000    6.799960    2.109362    0.417960    6.259517
    0.294118    0.757835    0.046500    0.231064    0.000000       -1.087058        1.000000    7.092169    2.220384    0.417960    6.259517
    0.303922    0.755409    0.032717    0.216717    0.000000       -1.106361        1.000000    7.383444    2.330646    0.417960    6.259517
    0.313725    0.753797    0.020049    0.195150    0.000000       -1.131201        1.000000    7.674097    2.440369    0.417960    6.259517
    0.323529    0.752918    0.008863    0.168797    0.000000       -1.159317        1.000000    7.964411    2.549760    0.417960    6.259517
    0.333333    0.752674   -0.000613    0.139733    0.000000       -1.188863        1.000000    8.254632    2.659001    0.417960    6.259517
    0.343137    0.752956   -0.008268    0.109717    0.000000       -1.218336        1.000000    8.544960    2.768249    0.417960    6.259517
    0.352941    0.753651   -0.014090    0.080219    0.000000       -1.246522        1.000000    8.835557    2.877637    0.417960    6.259517
    0.362745    0.754649   -0.018149    0.052440    0.000000       -1.272460        1.000000    9.126539    2.987266    0.417960    6.259517
    0.372549    0.755846   -0.020581    0.027314    0.000000       -1.295427        1.000000    9.417982    3.097210    0.417960    6.259517
    0.382353    0.757146   -0.021570    0.005520    0.000000       -1.314922        1.000000    9.709926    3.207516    0.417960    6.259517
    0.392157    0.758468   -0.021336   -0.012514    0.000000       -1.330662        1.000000   10.002380    3.318206    0.417960    6.259517
    0.401961    0.759744   -0.020115   -0.026598    0.000000       -1.342565        1.000000   10.295327    3.429279    0.417960    6.259517
    0.411765    0.760921   -0.018152   -0.036755    0.000000       -1.350735        1.000000   10.588727    3.540716    0.417960    6.259517
    0.421569    0.761961   -0.015680   -0.043196    0.000000       -1.355438        1.000000   10.882528    3.652484    0.417960    6.259517
    0.431373    0.762840   -0.012918   -0.046285    0.000000       -1.357067        1.000000   11.176668    3.764538    0.417960    6.259517
    0.441176    0.763545   -0.010058   -0.046492    0.000000       -1.356106        1.000000   11.471079    3.876829    0.417960    6.259517
    0.450980    0.764076   -0.007260   -0.044356    0.000000       -1.353093        1.000000   11.765696    3.989306    0.417960    6.259517
    0.460784    0.764440   -0.004651   -0.040442    0.000000       -1.348575        1.000000   12.060452    4.101916    0.417960    6.259517
    0.470588    0.764652   -0.002322   -0.035303    0.000000       -1.343083        1.000000   12.355291    4.214612    0.417960    6.259517
    0.480392    0.764732   -0.000332   -0.029450    0.000000       -1.337098        1.000000   12.650160    4.327351    0.417960    6.259517
    0.490196    0.764700    0.001288   -0.023337    0.000000       -1.331037        1.000000   12.945018    4.440097    0.417960    6.259517
    0.500000    0.764581    0.002534   -0.017339    0.000000       -1.325240        1.000000   13.239829    4.552819    0.417960    6.259517
    0.509804    0.764397    0.003424   -0.011754    0.000000       -1.319967        1.000000   13.534569    4.665497    0.417960    6.259517
    0.519608    0.764168    0.003990   -0.006799    0.000000       -1.315402        1.000000   13.829221    4.778112    0.417960    6.259517
    0.529412    0.763913    0.004275   -0.002622    0.000000       -1.311660        1.000000   14.123774    4.890656    0.417960    6.259517
    0.539216    0.763648    0.004329    0.000698    0.000000       -1.308794        1.000000   14.418226    5.003122    0.417960    6.259517
    0.549020    0.763385    0.004207    0.003131    0.000000       -1.306812        1.000000   14.712576    5.115511    0.417960    6.259517
    0.558824    0.763134    0.003963    0.004692    0.000000       -1.305684        1.000000   15.006829    5.227824    0.417960    6.259517
    0.568627    0.762900    0.003648    0.005423    0.000000       -1.305356        1.000000   15.300992    5.340066    0.417960    6.259517
    0.578431    0.762686    0.003313    0.005386    0.000000       -1.305762        1.000000   15.595073    5.452242    0.417960    6.259517
    0.588235    0.762493    0.003002    0.004651    0.000000       -1.306831        1.000000   15.889079    5.564358    0.417960    6.259517
    0.598039    0.762317    0.002755    0.003288    0.000000       -1.308498        1.000000   16.183017    5.676420    0.417960    6.259517
    0.607843    0.762153    0.002610    0.001355    0.000000       -1.310714        1.000000   16.476892    5.788432    0.417960    6.259517
    0.617647    0.761994    0.002600   -0.001104    0.000000       -1.313447        1.000000   16.770706    5.900397    0.417960    6.259517
    0.627451    0.761830    0.002756   -0.004071    0.000000       -1.316694        1.000000   17.064456    6.012315    0.417960    6.259517
    0.637255    0.761651    0.003110   -0.007554    0.000000       -1.320484        1.000000   17.358138    6.124183    0.417960    6.259517
    0.647059    0.761444    0.003694   -0.011599    0.000000       -1.324885        1.000000   17.651739    6.235994    0.417960    6.259517
    0.656863    0.761192    0.004547   -0.016292    0.000000       -1.330007        1.000000   17.945244    6.347738    0.417960    6.259517
    0.666667    0.760879    0.005710   -0.021763    0.000000       -1.336010        1.000000   18.238628    6.459399    0.417960    6.259517
    0.676471    0.760484    0.007237   -0.028195    0.000000       -1.343112        1.000000   18.531860    6.570956    0.417960    6.259517
    0.686275    0.759982    0.009195   -0.035829    0.000000       -1.351593        1.000000   18.824898    6.682381    0.417960    6.259517
    0.696078    0.759345    0.011665   -0.044968    0.000000       -1.361803        1.000000   19.117690    6.793637    0.417960    6.259517
    0.705882    0.758538    0.014753   -0.055989    0.000000       -1.374171        1.000000   19.410171    6.904679    0.417960    6.259517
    0.715686    0.757519    0.018585   -0.069346    0.000000       -1.389216        1.000000   19.702260    7.015450    0.417960    6.259517
    0.725490    0.756239    0.023322   -0.085574    0.000000       -1.407548        1.000000   19.993854    7.125877    0.417960    6.259517
    0.735294    0.754635    0.029159   -0.105295    0.000000       -1.429876        1.000000   20.284830    7.235872    0.417960    6.259517
    0.745098    0.752633    0.036332   -0.129213    0.000000       -1.457005        1.000000   20.575035    7.345323    0.417960    6.259517
    0.754902    0.750144    0.045120   -0.158105    0.000000       -1.489826        1.000000   20.864279    7.454094    0.417960    6.259517
    0.764706    0.747057    0.055855   -0.192792    0.000000       -1.529290        1.000000   21.152333    7.562014    0.417960    6.259517
    0.774510    0.743244    0.068918   -0.234106    0.000000       -1.576364        1.000000   21.438917    7.668874    0.417960    6.259517
    0.784314    0.738549    0.084740   -0.282819    0.000000       -1.631966        1.000000   21.723691    7.774416    0.417960    6.259517
    0.794118    0.732791    0.103795   -0.339565    0.000000       -1.696866        1.000000   22.006245    7.878324    0.417960    6.259517
    0.803922    0.725758    0.126589   -0.404728    0.000000       -1.771573        1.000000   22.286086    7.980214    0.417960    6.259517
    0.813725    0.717211    0.153642   -0.478326    0.000000       -1.856193        1.000000   22.562632    8.079629    0.417960    6.259517
    0.823529    0.706881    0.185460   -0.559897    0.000000       -1.950303        1.000000   22.835195    8.176024    0.417960    6.259517
    0.833333    0.694478    0.222504   -0.648419    0.000000       -2.052853        1.000000   23.102976    8.268771    0.417960    6.259517
    0.843137    0.679692    0.265154   -0.742292    0.000000       -2.162130        1.000000   23.365055    8.357158    0.417960    6.259517
    0.852941    0.662209    0.313676   -0.839408    0.000000       -2.275821        1.000000   23.620393    8.440412    0.417960    6.259517
    0.862745    0.641721    0.368195   -0.937305    0.000000       -2.391175        1.000000   23.867831    8.517724    0.417960    6.259517
    0.872549    0.617943    0.428680   -1.033400    0.000000       -2.505243        1.000000   24.106101    8.588299    0.417960    6.259517
    0.882353    0.590630    0.494943   -1.125242    0.000000       -2.615169        1.000000   24.333839    8.651418    0.417960    6.259517
    0.892157    0.559594    0.566657   -1.210751    0.000000       -2.718451        1.000000   24.549610    8.706508    0.417960    6.259517
    0.901961    0.524718    0.643384   -1.288372    0.000000       -2.813134        1.000000   24.751934    8.753216    0.417960    6.259517
    0.911765    0.485967    0.724605   -1.357140    0.000000       -2.897904        1.000000   24.939316    8.791475    0.417960    6.259517
    0.921569    0.443398    0.809764   -1.416660    0.000000       -2.972080        1.000000   25.110283    8.821542    0.417960    6.259517
    0.931373    0.397156    0.898292   -1.467005    0.000000       -3.035525        1.000000   25.263421    8.844008    0.417960    6.259517
    0.941176    0.347480    0.989638   -1.508596    0.000000       -3.088523        1.000000   25.397404    8.859774    0.417960    6.259517
    0.950980    0.294691    1.083284   -1.542062    0.000000       -3.131625        1.000000   25.511032    8.869978    0.417960    6.259517
    0.960784    0.239187    1.178753   -1.568124    0.000000       -3.165527        1.000000   25.603259    8.875897    0.417960    6.259517
    0.970588    0.181431    1.275612   -1.587497    0.000000       -3.190951        1.000000   25.673217    8.878828    0.417960    6.259517
    0.980392    0.121939    1.373471   -1.600819    0.000000       -3.208559        1.000000   25.720235    8.879952    0.417960    6.259517
    0.990196    0.061268    1.471976   -1.608592    0.000000       -3.218887        1.000000   25.743859    8.880217    0.417960    6.259517
    1.000000    0.000000    1.570796   -1.611144    0.000000       -3.222288        1.000000   25.743859    8.880235    0.417960    6.259517
