           t           r         psi          cs          qs               p             sig           A           V          Q2           S
    0.000000   -0.000000   -1.570796   -1.133503    0.000000       -2.267007        1.000000    0.000000    0.000000    0.524954    7.863232
    0.009804    0.076992   -1.483283   -1.138625    0.000000       -2.273829        1.000000    0.000000    0.000031    0.524954    7.863232
    0.019608    0.153392   -1.394969   -1.154377    0.000000       -2.294742        1.000000    0.074299    0.000500    0.524954    7.863232
    0.029412    0.228588   -1.304999   -1.181864    0.000000       -2.331002        1.000000    0.185021    0.002511    0.524954    7.863232
    0.039216    0.301935   -1.212404   -1.222768    0.000000       -2.384508        1.000000    0.331270    0.007847    0.524954    7.863232
    0.049020    0.372725   -1.116074   -1.279105    0.000000       -2.457488        1.000000    0.511809    0.018873    0.524954    7.863232
    0.058824    0.440167   -1.014747   -1.352657    0.000000       -2.551828        1.000000    0.725014    0.038391    0.524954    7.863232
    0.068627    0.503354   -0.907067   -1.443717    0.000000       -2.667624        1.000000    0.968826    0.069427    0.524954    7.863232
    0.078431    0.561244   -0.791792   -1.548559    0.000000       -2.800369        1.000000    1.240678    0.114922    0.524954    7.863232
    0.088235    0.612661   -0.668251   -1.655200    0.000000       -2.936343        1.000000    1.537435    0.177283    0.524954    7.863232
    0.098039    0.656365   -0.537180   -1.738390    0.000000       -3.047348        1.000000    1.855361    0.257812    0.524954    7.863232
    0.107843    0.691228   -0.401837   -1.758663    0.000000       -3.090127        1.000000    2.190174    0.356091    0.524954    7.863232
    0.117647    0.716535   -0.268738   -1.674320    0.000000       -3.019832        1.000000    2.537245    0.469642    0.524954    7.863232
    0.127451    0.732330   -0.146867   -1.467902    0.000000       -2.818706        1.000000    2.891966    0.594246    0.524954    7.863232
    0.137255    0.739558   -0.044899   -1.165954    0.000000       -2.516751        1.000000    3.250189    0.725017    0.524954    7.863232
    0.147059    0.739888    0.031944   -0.826668    0.000000       -2.177533        1.000000    3.608572    0.857683    0.524954    7.863232
    0.156863    0.735299    0.083075   -0.506682    0.000000       -1.861982        1.000000    3.964731    0.989313    0.524954    7.863232
    0.166667    0.727682    0.111447   -0.239680    0.000000       -1.605381        1.000000    4.317202    1.118329    0.524954    7.863232
    0.176471    0.718616    0.121675   -0.036274    0.000000       -1.417549        1.000000    4.665281    1.244124    0.524954    7.863232
    0.186275    0.709307    0.118596    0.106757    0.000000       -1.293166        1.000000    5.008851    1.366668    0.524954    7.863232
    0.196078    0.700603    0.106540    0.198274    0.000000       -1.220975        1.000000    5.348204    1.486231    0.524954    7.863232
    0.205882    0.693050    0.089092    0.248255    0.000000       -1.188921        1.000000    5.683900    1.603224    0.524954    7.863232
    0.215686    0.686950    0.069091    0.265975    0.000000       -1.186262        1.000000    6.016640    1.718124    0.524954    7.863232
    0.225490    0.682416    0.048704    0.259532    0.000000       -1.204113        1.000000    6.347185    1.831417    0.524954    7.863232
    0.235294    0.679413    0.029518    0.235875    0.000000       -1.235343        1.000000    6.676275    1.943579    0.524954    7.863232
    0.245098    0.677806    0.012626    0.200938    0.000000       -1.274293        1.000000    7.004587    2.055047    0.524954    7.863232
    0.254902    0.677390   -0.001303    0.159763    0.000000       -1.316490        1.000000    7.332697    2.166213    0.524954    7.863232
    0.264706    0.677923   -0.011955    0.116559    0.000000       -1.358431        1.000000    7.661065    2.277404    0.524954    7.863232
    0.274510    0.679148   -0.019310    0.074729    0.000000       -1.397429        1.000000    7.990027    2.388879    0.524954    7.863232
    0.284314    0.680820   -0.023580    0.036880    0.000000       -1.431528        1.000000    8.319798    2.500826    0.524954    7.863232
    0.294118    0.682714   -0.025146    0.004832    0.000000       -1.459446        1.000000    8.650487    2.613359    0.524954    7.863232
    0.303922    0.684640   -0.024502   -0.020354    0.000000       -1.480537        1.000000    8.982109    2.726527    0.524954    7.863232
    0.313725    0.686449   -0.022194   -0.038317    0.000000       -1.494731        1.000000    9.314607    2.840321    0.524954    7.863232
    0.323529    0.688033   -0.018774   -0.049301    0.000000       -1.502463        1.000000    9.647873    2.954690    0.524954    7.863232
    0.333333    0.689328   -0.014754   -0.054030    0.000000       -1.504561        1.000000    9.981765    3.069547    0.524954    7.863232
    0.343137    0.690304   -0.010577   -0.053562    0.000000       -1.502118        1.000000   10.316130    3.184790    0.524954    7.863232
    0.352941    0.690964   -0.006598   -0.049131    0.000000       -1.496353        1.000000   10.650815    3.300312    0.524954    7.863232
    0.362745    0.691333   -0.003071   -0.042007    0.000000       -1.488481        1.000000   10.985679    3.416007    0.524954    7.863232
    0.372549    0.691453   -0.000159   -0.033382    0.000000       -1.479611        1.000000   11.320601    3.531785    0.524954    7.863232
    0.382353    0.691375    0.002064   -0.024283    0.000000       -1.470672        1.000000   11.655485    3.647568    0.524954    7.863232
    0.392157    0.691153    0.003594   -0.015526    0.000000       -1.462374        1.000000   11.990262    3.763299    0.524954    7.863232
    0.401961    0.690838    0.004481   -0.007702    0.000000       -1.455205        1.000000   12.324886    3.878938    0.524954    7.863232
    0.411765    0.690476    0.004815   -0.001184    0.000000       -1.449443        1.000000   12.659334    3.994462    0.524954    7.863232
    0.421569    0.690107    0.004702    0.003850    0.000000       -1.445185        1.000000   12.993604    4.109863    0.524954    7.863232
    0.431373    0.689760    0.004260    0.007377    0.000000       -1.442390        1.000000   13.327706    4.225144    0.524954    7.863232
    0.441176    0.689456    0.003601    0.009495    0.000000       -1.440915        1.000000   13.661660    4.340316    0.524954    7.863232
    0.450980    0.689207    0.002828    0.010386    0.000000       -1.440551        1.000000   13.995494    4.455395    0.524954    7.863232
    0.460784    0.689020    0.002026    0.010276    0.000000       -1.441056        1.000000   14.329238    4.570403    0.524954    7.863232
    0.470588    0.688894    0.001263    0.009416    0.000000       -1.442185        1.000000   14.662920    4.685358    0.524954    7.863232
    0.480392    0.688823    0.000587    0.008048    0.000000       -1.443702        1.000000   14.996569    4.800280    0.524954    7.863232
    0.490196    0.688801    0.000029    0.006397    0.000000       -1.445402        1.000000   15.330206    4.915188    0.524954    7.863232
    0.500000    0.688816   -0.000397    0.004654    0.000000       -1.447113        1.000000   15.663850    5.030094    0.524954    7.863232
    0.509804    0.688858   -0.000690    0.002970    0.000000       -1.448707        1.000000   15.997515    5.145010    0.524954    7.863232
    0.519608    0.688919   -0.000859    0.001456    0.000000       -1.450093        1.000000   16.331210    5.259944    0.524954    7.863232
    0.529412    0.688988   -0.000921    0.000185    0.000000       -1.451218        1.000000   16.664937    5.374900    0.524954    7.863232
    0.539216    0.689059   -0.000895   -0.000809    0.000000       -1.452064        1.000000   16.998700    5.489879    0.524954    7.863232
    0.549020    0.689124   -0.000804   -0.001520    0.000000       -1.452636        1.000000   17.332493    5.604881    0.524954    7.863232
    0.558824    0.689181   -0.000668   -0.001966    0.000000       -1.452962        1.000000   17.666315    5.719903    0.524954    7.863232
    0.568627    0.689227   -0.000506   -0.002182    0.000000       -1.453083        1.000000   18.000159    5.834943    0.524954    7.863232
    0.578431    0.689259   -0.000336   -0.002216    0.000000       -1.453049        1.000000   18.334018    5.949996    0.524954    7.863232
    0.588235    0.689279   -0.000168   -0.002119    0.000000       -1.452911        1.000000   18.667886    6.065057    0.524954    7.863232
    0.598039    0.689285   -0.000011   -0.001944    0.000000       -1.452722        1.000000   19.001758    6.180123    0.524954    7.863232
    0.607843    0.689281    0.000131   -0.001740    0.000000       -1.452528        1.000000   19.335628    6.295189    0.524954    7.863232
    0.617647    0.689266    0.000258   -0.001555    0.000000       -1.452374        1.000000   19.669490    6.410251    0.524954    7.863232
    0.627451    0.689241    0.000372   -0.001429    0.000000       -1.452299        1.000000   20.003341    6.525308    0.524954    7.863232
    0.637255    0.689208    0.000480   -0.001399    0.000000       -1.452339        1.000000   20.337175    6.640354    0.524954    7.863232
    0.647059    0.689167    0.000591   -0.001500    0.000000       -1.452527        1.000000   20.670990    6.755388    0.524954    7.863232
    0.656863    0.689117    0.000716   -0.001765    0.000000       -1.452897        1.000000   21.004780    6.870407    0.524954    7.863232
    0.666667    0.689056    0.000868   -0.002227    0.000000       -1.453488        1.000000   21.338541    6.985408    0.524954    7.863232
    0.676471    0.688982    0.001066   -0.002930    0.000000       -1.454346        1.000000   21.672266    7.100385    0.524954    7.863232
    0.686275    0.688890    0.001328   -0.003924    0.000000       -1.455533        1.000000   22.005947    7.215336    0.524954    7.863232
    0.696078    0.688775    0.001680   -0.005277    0.000000       -1.457128        1.000000   22.339571    7.330252    0.524954    7.863232
    0.705882    0.688628    0.002153   -0.007080    0.000000       -1.459240        1.000000   22.673125    7.445124    0.524954    7.863232
    0.715686    0.688439    0.002786   -0.009454    0.000000       -1.462011        1.000000   23.006587    7.559941    0.524954    7.863232
    0.725490    0.688193    0.003629   -0.012562    0.000000       -1.465633        1.000000   23.339929    7.674685    0.524954    7.863232
    0.735294    0.687872    0.004747   -0.016616    0.000000       -1.470358        1.000000   23.673117    7.789335    0.524954    7.863232
    0.745098    0.687452    0.006223   -0.021899    0.000000       -1.476517        1.000000   24.006101    7.903862    0.524954    7.863232
    0.754902    0.686901    0.008164   -0.028777    0.000000       -1.484543        1.000000   24.338818    8.018227    0.524954    7.863232
    0.764706    0.686178    0.010713   -0.037726    0.000000       -1.494991        1.000000   24.671184    8.132378    0.524954    7.863232
    0.774510    0.685229    0.014050   -0.049354    0.000000       -1.508576        1.000000   25.003091    8.246251    0.524954    7.863232
    0.784314    0.683985    0.018410   -0.064430    0.000000       -1.526201        1.000000   25.334396    8.359755    0.524954    7.863232
    0.794118    0.682357    0.024097   -0.083917    0.000000       -1.549000        1.000000   25.664912    8.472776    0.524954    7.863232
    0.803922    0.680227    0.031492   -0.108997    0.000000       -1.578367        1.000000   25.994396    8.585162    0.524954    7.863232
    0.813725    0.677446    0.041082   -0.141091    0.000000       -1.615978        1.000000   26.322533    8.696713    0.524954    7.863232
    0.823529    0.673823    0.053468   -0.181847    0.000000       -1.663796        1.000000   26.648915    8.807170    0.524954    7.863232
    0.833333    0.669116    0.069389   -0.233099    0.000000       -1.724013        1.000000   26.973018    8.916194    0.524954    7.863232
    0.843137    0.663020    0.089727   -0.296749    0.000000       -1.798931        1.000000   27.294168    9.023344    0.524954    7.863232
    0.852941    0.655162    0.115507   -0.374567    0.000000       -1.890736        1.000000   27.611511    9.128054    0.524954    7.863232
    0.862745    0.645085    0.147877   -0.467881    0.000000       -2.001144        1.000000   27.923974    9.229602    0.524954    7.863232
    0.872549    0.632252    0.188057   -0.577173    0.000000       -2.130936        1.000000   28.230220    9.327087    0.524954    7.863232
    0.882353    0.616043    0.237257   -0.701641    0.000000       -2.279430        1.000000   28.528615    9.419415    0.524954    7.863232
    0.892157    0.595779    0.296565   -0.838842    0.000000       -2.444045        1.000000   28.817195    9.505309    0.524954    7.863232
    0.901961    0.570749    0.366812   -0.984599    0.000000       -2.620127        1.000000   29.093651    9.583357    0.524954    7.863232
    0.911765    0.540264    0.448447   -1.133283    0.000000       -2.801212        1.000000   29.355341    9.652137    0.524954    7.863232
    0.921569    0.503723    0.541454   -1.278514    0.000000       -2.979767        1.000000   29.599331    9.710391    0.524954    7.863232
    0.931373    0.460691    0.645321   -1.414109    0.000000       -3.148257        1.000000   29.822478    9.757272    0.524954    7.863232
    0.941176    0.410970    0.759102   -1.534978    0.000000       -3.300200        1.000000   30.021541    9.792588    0.524954    7.863232
    0.950980    0.354660    0.881518   -1.637695    0.000000       -3.430909        1.000000   30.193329    9.816985    0.524954    7.863232
    0.960784    0.292187    1.011094   -1.720600    0.000000       -3.537706        1.000000   30.334857    9.831974    0.524954    7.863232
    0.970588    0.224310    1.146287   -1.783508    0.000000       -3.619685        1.000000   30.443507    9.839758    0.524954    7.863232
    0.980392    0.152089    1.285582   -1.827175    0.000000       -3.677166        1.000000   30.517175    9.842856    0.524954    7.863232
    0.990196    0.076827    1.427537   -1.852724    0.000000       -3.711053        1.000000   30.554388    9.843606    0.524954    7.863232
    1.000000    0.000000    1.570796   -1.861113    0.000000       -3.722226        1.000000   30.554388    9.843657    0.524954    7.863232
