           t           r         psi          cs          qs               p             sig           A           V          Q2           S
    0.000000    0.000000   -1.570796   -1.007103    0.000000       -2.014207        1.000000    0.000000    0.000000    0.233777    6.057519
    0.009804    0.059352   -1.510978   -1.007538    0.000000       -2.014786        1.000000    0.000000    0.000010    0.233777    6.057519
    0.019608    0.118492   -1.451108   -1.008870    0.000000       -2.016556        1.000000    0.044214    0.000157    0.233777    6.057519
    0.029412    0.177206   -1.391131   -1.011177    0.000000       -2.019608        1.000000    0.110337    0.000789    0.233777    6.057519
    0.039216    0.235284   -1.330984   -1.014593    0.000000       -2.024098        1.000000    0.198132    0.002475    0.233777    6.057519
    0.049020    0.292511   -1.270597   -1.019314    0.000000       -2.030252        1.000000    0.307280    0.005983    0.233777    6.057519
    0.058824    0.348676   -1.209884   -1.025610    0.000000       -2.038379        1.000000    0.437386    0.012257    0.233777    6.057519
    0.068627    0.403562   -1.148742   -1.033840    0.000000       -2.048889        1.000000    0.587972    0.022385    0.233777    6.057519
    0.078431    0.456955   -1.087042   -1.044482    0.000000       -2.062318        1.000000    0.758481    0.037563    0.233777    6.057519
    0.088235    0.508634   -1.024624   -1.058158    0.000000       -2.079363        1.000000    0.948274    0.059051    0.233777    6.057519
    0.098039    0.558374   -0.961284   -1.075678    0.000000       -2.100918        1.000000    1.156627    0.088132    0.233777    6.057519
    0.107843    0.605942   -0.896764   -1.098078    0.000000       -2.128114        1.000000    1.382730    0.126061    0.233777    6.057519
    0.117647    0.651090   -0.830738   -1.126643    0.000000       -2.162339        1.000000    1.625679    0.174017    0.233777    6.057519
    0.127451    0.693557   -0.762795   -1.162885    0.000000       -2.205203        1.000000    1.884474    0.233050    0.233777    6.057519
    0.137255    0.733057   -0.692433   -1.208366    0.000000       -2.258346        1.000000    2.158009    0.304022    0.233777    6.057519
    0.147059    0.769274   -0.619066   -1.264184    0.000000       -2.322872        1.000000    2.445058    0.387541    0.233777    6.057519
    0.156863    0.801856   -0.542085   -1.329725    0.000000       -2.398040        1.000000    2.744264    0.483892    0.233777    6.057519
    0.166667    0.830419   -0.461026   -1.400123    0.000000       -2.478610        1.000000    3.054129    0.592941    0.233777    6.057519
    0.176471    0.854562   -0.375943   -1.462098    0.000000       -2.550564        1.000000    3.373002    0.714027    0.233777    6.057519
    0.186275    0.873920   -0.288036   -1.489812    0.000000       -2.586942        1.000000    3.699098    0.845867    0.233777    6.057519
    0.196078    0.888263   -0.200387   -1.447163    0.000000       -2.550428        1.000000    4.030547    0.986517    0.233777    6.057519
    0.205882    0.897637   -0.118138   -1.305247    0.000000       -2.411518        1.000000    4.365493    1.133511    0.233777    6.057519
    0.215686    0.902472   -0.047257   -1.068844    0.000000       -2.175674        1.000000    4.702244    1.284236    0.233777    6.057519
    0.225490    0.903559    0.007812   -0.782238    0.000000       -1.888939        1.000000    5.039400    1.436421    0.233777    6.057519
    0.235294    0.901885    0.045788   -0.501682    0.000000       -1.609308        1.000000    5.375931    1.588452    0.233777    6.057519
    0.245098    0.898430    0.068290   -0.265229    0.000000       -1.375687        1.000000    5.711173    1.739406    0.233777    6.057519
    0.254902    0.894025    0.078429   -0.085763    0.000000       -1.200862        1.000000    6.044772    1.888868    0.233777    6.057519
    0.264706    0.889302    0.079542    0.040078    0.000000       -1.080844        1.000000    6.376608    2.036736    0.233777    6.057519
    0.274510    0.884707    0.074540    0.121921    0.000000       -1.005257        1.000000    6.706730    2.183078    0.233777    6.057519
    0.284314    0.880532    0.065727    0.170018    0.000000       -0.963208        1.000000    7.035293    2.328046    0.233777    6.057519
    0.294118    0.876947    0.054839    0.193115    0.000000       -0.945490        1.000000    7.362519    2.471832    0.233777    6.057519
    0.303922    0.874037    0.043148    0.198093    0.000000       -0.944958        1.000000    7.688660    2.614645    0.233777    6.057519
    0.313725    0.871822    0.031565    0.190211    0.000000       -0.956242        1.000000    8.013973    2.756695    0.233777    6.057519
    0.323529    0.870274    0.020730    0.173488    0.000000       -0.975328        1.000000    8.338709    2.898185    0.233777    6.057519
    0.333333    0.869336    0.011072    0.151042    0.000000       -0.999191        1.000000    8.663095    3.039303    0.233777    6.057519
    0.343137    0.868930    0.002854    0.125329    0.000000       -1.025507        1.000000    8.987330    3.180221    0.233777    6.057519
    0.352941    0.868966   -0.003789    0.098321    0.000000       -1.052464        1.000000    9.311578    3.321085    0.233777    6.057519
    0.362745    0.869349   -0.008830    0.071606    0.000000       -1.078636        1.000000    9.635968    3.462016    0.233777    6.057519
    0.372549    0.869984   -0.012325    0.046452    0.000000       -1.102907        1.000000    9.960596    3.603109    0.233777    6.057519
    0.382353    0.870784   -0.014398    0.023838    0.000000       -1.124433        1.000000   10.285523    3.744434    0.233777    6.057519
    0.392157    0.871669   -0.015221    0.004465    0.000000       -1.142626        1.000000   10.610779    3.886031    0.233777    6.057519
    0.401961    0.872571   -0.015001   -0.011234    0.000000       -1.157143        1.000000   10.936373    4.027920    0.233777    6.057519
    0.411765    0.873435   -0.013963   -0.023083    0.000000       -1.167877        1.000000   11.262288    4.170099    0.233777    6.057519
    0.421569    0.874218   -0.012334   -0.031150    0.000000       -1.174943        1.000000   11.588496    4.312549    0.233777    6.057519
    0.431373    0.874892   -0.010333   -0.035707    0.000000       -1.178644        1.000000   11.914955    4.455242    0.233777    6.057519
    0.441176    0.875442   -0.008154   -0.037191    0.000000       -1.179433        1.000000   12.241620    4.598137    0.233777    6.057519
    0.450980    0.875861   -0.005965   -0.036147    0.000000       -1.177861        1.000000   12.568440    4.741194    0.233777    6.057519
    0.460784    0.876153   -0.003899   -0.033179    0.000000       -1.174524        1.000000   12.895370    4.884368    0.233777    6.057519
    0.470588    0.876328   -0.002051   -0.028890    0.000000       -1.170013        1.000000   13.222365    5.027619    0.233777    6.057519
    0.480392    0.876402   -0.000482   -0.023847    0.000000       -1.164876        1.000000   13.549388    5.170911    0.233777    6.057519
    0.490196    0.876392    0.000777   -0.018543    0.000000       -1.159585        1.000000   13.876406    5.314213    0.233777    6.057519
    0.500000    0.876316    0.001723   -0.013382    0.000000       -1.154521        1.000000   14.203397    5.457500    0.233777    6.057519
    0.509804    0.876193    0.002375   -0.008673    0.000000       -1.149971        1.000000   14.530341    5.600754    0.233777    6.057519
    0.519608    0.876039    0.002767   -0.004630    0.000000       -1.146127        1.000000   14.857229    5.743962    0.233777    6.057519
    0.529412    0.875868    0.002941   -0.001384    0.000000       -1.143103        1.000000   15.184052    5.887117    0.233777    6.057519
    0.539216    0.875693    0.002948    0.001002    0.000000       -1.140946        1.000000   15.510810    6.030215    0.233777    6.057519
    0.549020    0.875521    0.002839    0.002522    0.000000       -1.139651        1.000000   15.837504    6.173256    0.233777    6.057519
    0.558824    0.875357    0.002665    0.003206    0.000000       -1.139181        1.000000   16.164137    6.316242    0.233777    6.057519
    0.568627    0.875204    0.002474    0.003106    0.000000       -1.139480        1.000000   16.490712    6.459176    0.233777    6.057519
    0.578431    0.875063    0.002310    0.002282    0.000000       -1.140490        1.000000   16.817235    6.602063    0.233777    6.057519
    0.588235    0.874929    0.002216    0.000787    0.000000       -1.142160        1.000000   17.143708    6.744904    0.233777    6.057519
    0.598039    0.874797    0.002229   -0.001341    0.000000       -1.144460        1.000000   17.470132    6.887703    0.233777    6.057519
    0.607843    0.874661    0.002388   -0.004094    0.000000       -1.147391        1.000000   17.796505    7.030458    0.233777    6.057519
    0.617647    0.874510    0.002729   -0.007500    0.000000       -1.150993        1.000000   18.122821    7.173166    0.233777    6.057519
    0.627451    0.874332    0.003293   -0.011635    0.000000       -1.155358        1.000000   18.449072    7.315821    0.233777    6.057519
    0.637255    0.874114    0.004127   -0.016629    0.000000       -1.160635        1.000000   18.775241    7.458411    0.233777    6.057519
    0.647059    0.873836    0.005289   -0.022680    0.000000       -1.167043        1.000000   19.101306    7.600920    0.233777    6.057519
    0.656863    0.873478    0.006847   -0.030059    0.000000       -1.174882        1.000000   19.427237    7.743326    0.233777    6.057519
    0.666667    0.873013    0.008892   -0.039126    0.000000       -1.184539        1.000000   19.752995    7.885596    0.233777    6.057519
    0.676471    0.872410    0.011537   -0.050331    0.000000       -1.196506        1.000000   20.078528    8.027690    0.233777    6.057519
    0.686275    0.871628    0.014924   -0.064232    0.000000       -1.211383        1.000000   20.403769    8.169555    0.233777    6.057519
    0.696078    0.870619    0.019232   -0.081490    0.000000       -1.229886        1.000000   20.728634    8.311122    0.233777    6.057519
    0.705882    0.869321    0.024684   -0.102866    0.000000       -1.252839        1.000000   21.053014    8.452303    0.233777    6.057519
    0.715686    0.867659    0.031549   -0.129205    0.000000       -1.281158        1.000000   21.376775    8.592984    0.233777    6.057519
    0.725490    0.865540    0.040146   -0.161390    0.000000       -1.315807        1.000000   21.699744    8.733022    0.233777    6.057519
    0.735294    0.862851    0.050850   -0.200273    0.000000       -1.357724        1.000000   22.021710    8.872234    0.233777    6.057519
    0.745098    0.859453    0.064081   -0.246572    0.000000       -1.407714        1.000000   22.342409    9.010385    0.233777    6.057519
    0.754902    0.855186    0.080293   -0.300737    0.000000       -1.466306        1.000000   22.661515    9.147184    0.233777    6.057519
    0.764706    0.849859    0.099957   -0.362792    0.000000       -1.533584        1.000000   22.978633    9.282266    0.233777    6.057519
    0.774510    0.843257    0.123530   -0.432199    0.000000       -1.609040        1.000000   23.293288    9.415180    0.233777    6.057519
    0.784314    0.835141    0.151414   -0.507766    0.000000       -1.691468        1.000000   23.604915    9.545381    0.233777    6.057519
    0.794118    0.825254    0.183926   -0.587669    0.000000       -1.778979        1.000000   23.912852    9.672222    0.233777    6.057519
    0.803922    0.813329    0.221254   -0.669589    0.000000       -1.869132        1.000000   24.216339    9.794956    0.233777    6.057519
    0.813725    0.799101    0.263445   -0.750970    0.000000       -1.959201        1.000000   24.514518    9.912749    0.233777    6.057519
    0.823529    0.782318    0.310391   -0.829335    0.000000       -2.046505        1.000000   24.806434   10.024704    0.233777    6.057519
    0.833333    0.762753    0.361848   -0.902581    0.000000       -2.128723        1.000000   25.091050   10.129902    0.233777    6.057519
    0.843137    0.740215    0.417463   -0.969179    0.000000       -2.204119        1.000000   25.367255   10.227451    0.233777    6.057519
    0.852941    0.714556    0.476812   -1.028254    0.000000       -2.271631        1.000000   25.633886   10.316548    0.233777    6.057519
    0.862745    0.685680    0.539439   -1.079535    0.000000       -2.330844        1.000000   25.889742   10.396535    0.233777    6.057519
    0.872549    0.653541    0.604884   -1.123239    0.000000       -2.381873        1.000000   26.133606   10.466958    0.233777    6.057519
    0.882353    0.618148    0.672712   -1.159915    0.000000       -2.425203        1.000000   26.364263   10.527606    0.233777    6.057519
    0.892157    0.579559    0.742528   -1.190300    0.000000       -2.461546        1.000000   26.580521   10.578542    0.233777    6.057519
    0.901961    0.537881    0.813981   -1.215202    0.000000       -2.491710        1.000000   26.781227   10.620107    0.233777    6.057519
    0.911765    0.493263    0.886771   -1.235415    0.000000       -2.516513        1.000000   26.965284   10.652910    0.233777    6.057519
    0.921569    0.445895    0.960640   -1.251677    0.000000       -2.536724        1.000000   27.131666   10.677794    0.233777    6.057519
    0.931373    0.396000    1.035373   -1.264634    0.000000       -2.553031        1.000000   27.279431   10.695788    0.233777    6.057519
    0.941176    0.343831    1.110792   -1.274840    0.000000       -2.566031        1.000000   27.407729   10.708047    0.233777    6.057519
    0.950980    0.289669    1.186747   -1.282753    0.000000       -2.576226        1.000000   27.515816   10.715776    0.233777    6.057519
    0.960784    0.233812    1.263113   -1.288747    0.000000       -2.584025        1.000000   27.603061   10.720162    0.233777    6.057519
    0.970588    0.176580    1.339785   -1.293113    0.000000       -2.589758        1.000000   27.668951   10.722295    0.233777    6.057519
    0.980392    0.118305    1.416674   -1.296075    0.000000       -2.593674        1.000000   27.713095   10.723102    0.233777    6.057519
    0.990196    0.059329    1.493702   -1.297789    0.000000       -2.595952        1.000000   27.735233   10.723290    0.233777    6.057519
    1.000000    0.000000    1.570796   -1.298349    0.000000       -2.596698        1.000000   27.735233   10.723303    0.233777    6.057519
