           t           r         psi          cs          qs               p             sig           A           V          Q2           S
    0.000000   -0.000000   -1.570796   -1.156777    0.000000       -2.313555        1.000000    0.000000    0.000000    0.554157    7.387883
    0.009804    0.072345   -1.486881   -1.162164    0.000000       -2.320731        1.000000    0.000000    0.000025    0.554157    7.387883
    0.019608    0.144178   -1.402177   -1.178666    0.000000       -2.342651        1.000000    0.065615    0.000398    0.554157    7.387883
    0.029412    0.214971   -1.315848   -1.207244    0.000000       -2.380405        1.000000    0.163446    0.002001    0.554157    7.387883
    0.039216    0.284162   -1.226969   -1.249333    0.000000       -2.435603        1.000000    0.292766    0.006264    0.554157    7.387883
    0.049020    0.351137   -1.134503   -1.306579    0.000000       -2.510049        1.000000    0.452566    0.015097    0.554157    7.387883
    0.058824    0.415208   -1.037298   -1.380311    0.000000       -2.605115        1.000000    0.641524    0.030788    0.554157    7.387883
    0.068627    0.475586   -0.934151   -1.470450    0.000000       -2.720489        1.000000    0.857960    0.055850    0.554157    7.387883
    0.078431    0.531368   -0.823971   -1.573500    0.000000       -2.851921        1.000000    1.099781    0.092787    0.554157    7.387883
    0.088235    0.581536   -0.706137   -1.679350    0.000000       -2.987737        1.000000    1.364434    0.143765    0.554157    7.387883
    0.098039    0.625004   -0.581116   -1.767558    0.000000       -3.104911        1.000000    1.648868    0.210174    0.554157    7.387883
    0.107843    0.660744   -0.451281   -1.806173    0.000000       -3.168107        1.000000    1.949568    0.292144    0.554157    7.387883
    0.117647    0.688003   -0.321560   -1.758799    0.000000       -3.137781        1.000000    2.262673    0.388194    0.554157    7.387883
    0.127451    0.706570   -0.199155   -1.602605    0.000000       -2.989918        1.000000    2.584228    0.495301    0.554157    7.387883
    0.137255    0.716956   -0.091840   -1.346732    0.000000       -2.735641        1.000000    2.910509    0.609543    0.554157    7.387883
    0.147059    0.720340   -0.005497   -1.031987    0.000000       -2.420199        1.000000    3.238330    0.727066    0.554157    7.387883
    0.156863    0.718317    0.057482   -0.709637    0.000000       -2.099481        1.000000    3.565231    0.844865    0.554157    7.387883
    0.166667    0.712562    0.098091   -0.419300    0.000000       -1.815940        1.000000    3.889513    0.961040    0.554157    7.387883
    0.176471    0.704595    0.119494   -0.181133    0.000000       -1.590268        1.000000    4.210169    1.074634    0.554157    7.387883
    0.186275    0.695658    0.125707    0.000279    0.000000       -1.425866        1.000000    4.526757    1.185333    0.554157    7.387883
    0.196078    0.686700    0.120728    0.128997    0.000000       -1.316643        1.000000    4.839270    1.293196    0.554157    7.387883
    0.205882    0.678395    0.108112    0.212523    0.000000       -1.252939        1.000000    5.148002    1.398480    0.554157    7.387883
    0.215686    0.671182    0.090836    0.259019    0.000000       -1.224748        1.000000    5.453452    1.501544    0.554157    7.387883
    0.225490    0.665309    0.071299    0.276156    0.000000       -1.223086        1.000000    5.756229    1.602784    0.554157    7.387883
    0.235294    0.660872    0.051374    0.270786    0.000000       -1.240370        1.000000    6.056987    1.702608    0.554157    7.387883
    0.245098    0.657846    0.032470    0.248934    0.000000       -1.270377        1.000000    6.356368    1.801412    0.554157    7.387883
    0.254902    0.656120    0.015584    0.215864    0.000000       -1.308061        1.000000    6.654963    1.899568    0.554157    7.387883
    0.264706    0.655524    0.001360    0.176139    0.000000       -1.349357        1.000000    6.953287    1.997406    0.554157    7.387883
    0.274510    0.655851   -0.009866    0.133647    0.000000       -1.391016        1.000000    7.251760    2.095213    0.554157    7.387883
    0.284314    0.656879   -0.018012    0.091608    0.000000       -1.430496        1.000000    7.550700    2.193218    0.554157    7.387883
    0.294118    0.658388   -0.023209    0.052567    0.000000       -1.465884        1.000000    7.850328    2.291597    0.554157    7.387883
    0.303922    0.660176   -0.025745    0.018397    0.000000       -1.495849        1.000000    8.150769    2.390466    0.554157    7.387883
    0.313725    0.662063   -0.026021   -0.009687    0.000000       -1.519606        1.000000    8.452069    2.489888    0.554157    7.387883
    0.323529    0.663902   -0.024504   -0.031087    0.000000       -1.536881        1.000000    8.754206    2.589875    0.554157    7.387883
    0.333333    0.665581   -0.021681   -0.045760    0.000000       -1.547855        1.000000    9.057107    2.690402    0.554157    7.387883
    0.343137    0.667022   -0.018027   -0.054129    0.000000       -1.553086        1.000000    9.360664    2.791409    0.554157    7.387883
    0.352941    0.668182   -0.013973   -0.056967    0.000000       -1.553419        1.000000    9.664748    2.892819    0.554157    7.387883
    0.362745    0.669046   -0.009884   -0.055278    0.000000       -1.549872        1.000000    9.969226    2.994543    0.554157    7.387883
    0.372549    0.669620   -0.006048   -0.050177    0.000000       -1.543533        1.000000   10.273965    3.096489    0.554157    7.387883
    0.382353    0.669933   -0.002671   -0.042781    0.000000       -1.535462        1.000000   10.578847    3.198572    0.554157    7.387883
    0.392157    0.670022    0.000119   -0.034123    0.000000       -1.526613        1.000000   10.883768    3.300715    0.554157    7.387883
    0.401961    0.669931    0.002263   -0.025095    0.000000       -1.517782        1.000000   11.188649    3.402857    0.554157    7.387883
    0.411765    0.669709    0.003762   -0.016409    0.000000       -1.509583        1.000000   11.493429    3.504950    0.554157    7.387883
    0.421569    0.669401    0.004661   -0.008587    0.000000       -1.502444        1.000000   11.798068    3.606961    0.554157    7.387883
    0.431373    0.669047    0.005036   -0.001970    0.000000       -1.496615        1.000000   12.102546    3.708869    0.554157    7.387883
    0.441176    0.668682    0.004980    0.003265    0.000000       -1.492196        1.000000   12.406858    3.810667    0.554157    7.387883
    0.450980    0.668333    0.004597    0.007077    0.000000       -1.489167        1.000000   12.711012    3.912357    0.554157    7.387883
    0.460784    0.668021    0.003988    0.009532    0.000000       -1.487414        1.000000   13.015023    4.013945    0.554157    7.387883
    0.470588    0.667759    0.003246    0.010775    0.000000       -1.486764        1.000000   13.318915    4.115446    0.554157    7.387883
    0.480392    0.667552    0.002452    0.010996    0.000000       -1.487009        1.000000   13.622713    4.216876    0.554157    7.387883
    0.490196    0.667403    0.001672    0.010414    0.000000       -1.487929        1.000000   13.926444    4.318252    0.554157    7.387883
    0.500000    0.667309    0.000957    0.009247    0.000000       -1.489309        1.000000   14.230131    4.419592    0.554157    7.387883
    0.509804    0.667262    0.000341    0.007707    0.000000       -1.490954        1.000000   14.533797    4.520910    0.554157    7.387883
    0.519608    0.667256   -0.000155    0.005980    0.000000       -1.492695        1.000000   14.837460    4.622221    0.554157    7.387883
    0.529412    0.667282   -0.000524    0.004221    0.000000       -1.494397        1.000000   15.141135    4.723535    0.554157    7.387883
    0.539216    0.667329   -0.000769    0.002553    0.000000       -1.495958        1.000000   15.444831    4.824860    0.554157    7.387883
    0.549020    0.667390   -0.000898    0.001063    0.000000       -1.497311        1.000000   15.748556    4.926201    0.554157    7.387883
    0.558824    0.667457   -0.000928   -0.000196    0.000000       -1.498419        1.000000   16.052310    5.027563    0.554157    7.387883
    0.568627    0.667523   -0.000876   -0.001199    0.000000       -1.499275        1.000000   16.356095    5.128944    0.554157    7.387883
    0.578431    0.667582   -0.000761   -0.001949    0.000000       -1.499892        1.000000   16.659906    5.230345    0.554157    7.387883
    0.588235    0.667632   -0.000599   -0.002468    0.000000       -1.500300        1.000000   16.963740    5.331762    0.554157    7.387883
    0.598039    0.667668   -0.000408   -0.002794    0.000000       -1.500543        1.000000   17.267591    5.433193    0.554157    7.387883
    0.607843    0.667690   -0.000198   -0.002975    0.000000       -1.500675        1.000000   17.571452    5.534632    0.554157    7.387883
    0.617647    0.667697    0.000021   -0.003067    0.000000       -1.500753        1.000000   17.875316    5.636076    0.554157    7.387883
    0.627451    0.667687    0.000245   -0.003128    0.000000       -1.500836        1.000000   18.179175    5.737520    0.554157    7.387883
    0.637255    0.667661    0.000475   -0.003221    0.000000       -1.500987        1.000000   18.483023    5.838958    0.554157    7.387883
    0.647059    0.667618    0.000714   -0.003407    0.000000       -1.501269        1.000000   18.786851    5.940385    0.554157    7.387883
    0.656863    0.667557    0.000972   -0.003750    0.000000       -1.501749        1.000000   19.090651    6.041797    0.554157    7.387883
    0.666667    0.667476    0.001263   -0.004317    0.000000       -1.502496        1.000000   19.394415    6.143187    0.554157    7.387883
    0.676471    0.667373    0.001605   -0.005181    0.000000       -1.503592        1.000000   19.698131    6.244549    0.554157    7.387883
    0.686275    0.667242    0.002023   -0.006426    0.000000       -1.505129        1.000000   20.001788    6.345876    0.554157    7.387883
    0.696078    0.667077    0.002547   -0.008151    0.000000       -1.507223        1.000000   20.305370    6.447158    0.554157    7.387883
    0.705882    0.666870    0.003218   -0.010479    0.000000       -1.510015        1.000000   20.608857    6.548384    0.554157    7.387883
    0.715686    0.666606    0.004084   -0.013563    0.000000       -1.513686        1.000000   20.912225    6.649538    0.554157    7.387883
    0.725490    0.666272    0.005206   -0.017599    0.000000       -1.518467        1.000000   21.215440    6.750602    0.554157    7.387883
    0.735294    0.665844    0.006662   -0.022838    0.000000       -1.524657        1.000000   21.518461    6.851550    0.554157    7.387883
    0.745098    0.665296    0.008551   -0.029602    0.000000       -1.532637        1.000000   21.821232    6.952349    0.554157    7.387883
    0.754902    0.664592    0.010997   -0.038299    0.000000       -1.542890        1.000000   22.123683    7.052959    0.554157    7.387883
    0.764706    0.663686    0.014158   -0.049448    0.000000       -1.556034        1.000000   22.425722    7.153323    0.554157    7.387883
    0.774510    0.662519    0.018235   -0.063700    0.000000       -1.572839        1.000000   22.727229    7.253371    0.554157    7.387883
    0.784314    0.661017    0.023480   -0.081863    0.000000       -1.594267        1.000000   23.028053    7.353010    0.554157    7.387883
    0.794118    0.659083    0.030211   -0.104924    0.000000       -1.621493        1.000000   23.327997    7.452121    0.554157    7.387883
    0.803922    0.656596    0.038826   -0.134070    0.000000       -1.655930        1.000000   23.626809    7.550549    0.554157    7.387883
    0.813725    0.653403    0.049813   -0.170686    0.000000       -1.699238        1.000000   23.924167    7.648096    0.554157    7.387883
    0.823529    0.649311    0.063770   -0.216341    0.000000       -1.753303        1.000000   24.219664    7.744507    0.554157    7.387883
    0.833333    0.644083    0.081411   -0.272719    0.000000       -1.820172        1.000000   24.512781    7.839453    0.554157    7.387883
    0.843137    0.637423    0.103576   -0.341508    0.000000       -1.901917        1.000000   24.802868    7.932517    0.554157    7.387883
    0.852941    0.628976    0.131218   -0.424196    0.000000       -2.000414        1.000000   25.089110    8.023174    0.554157    7.387883
    0.862745    0.618316    0.165386   -0.521801    0.000000       -2.117028        1.000000   25.370501    8.110767    0.554157    7.387883
    0.872549    0.604951    0.207172   -0.634524    0.000000       -2.252202        1.000000   25.645810    8.194497    0.554157    7.387883
    0.882353    0.588325    0.257646   -0.761398    0.000000       -2.405035        1.000000   25.913552    8.273414    0.554157    7.387883
    0.892157    0.567834    0.317754   -0.900016    0.000000       -2.572934        1.000000   26.171969    8.346439    0.554157    7.387883
    0.901961    0.542860    0.388213   -1.046473    0.000000       -2.751491        1.000000   26.419021    8.412417    0.554157    7.387883
    0.911765    0.512812    0.469412   -1.195611    0.000000       -2.934716        1.000000   26.652398    8.470215    0.554157    7.387883
    0.921569    0.477182    0.561333   -1.341583    0.000000       -3.115634        1.000000   26.869560    8.518880    0.554157    7.387883
    0.931373    0.435612    0.663537   -1.478626    0.000000       -3.287157        1.000000   27.067804    8.557824    0.554157    7.387883
    0.941176    0.387953    0.775192   -1.601817    0.000000       -3.442986        1.000000   27.244358    8.587010    0.554157    7.387883
    0.950980    0.334315    0.895156   -1.707599    0.000000       -3.578279        1.000000   27.396503    8.607082    0.554157    7.387883
    0.960784    0.275100    1.022085   -1.793948    0.000000       -3.689942        1.000000   27.521699    8.619368    0.554157    7.387883
    0.970588    0.210998    1.154542   -1.860200    0.000000       -3.776507        1.000000   27.617723    8.625729    0.554157    7.387883
    0.980392    0.142969    1.291076   -1.906643    0.000000       -3.837734        1.000000   27.682787    8.628256    0.554157    7.387883
    0.990196    0.072192    1.430279   -1.934019    0.000000       -3.874066        1.000000   27.715641    8.628866    0.554157    7.387883
    1.000000    0.000000    1.570796   -1.943045    0.000000       -3.886089        1.000000   27.715641    8.628908    0.554157    7.387883
