           t           r         psi          cs          qs               p             sig           A           V          Q2           S
    0.000000    0.000000   -1.570796   -0.992472    0.000000       -1.984945        1.000000    0.000000    0.000000    0.043632    4.491364
    0.009804    0.044019   -1.527095   -0.992486    0.000000       -1.984963        1.000000    0.000000    0.000003    0.043632    4.491364
    0.019608    0.087954   -1.483392   -0.992526    0.000000       -1.985016        1.000000    0.024334    0.000047    0.043632    4.491364
    0.029412    0.131721   -1.439686   -0.992595    0.000000       -1.985108        1.000000    0.060777    0.000236    0.043632    4.491364
    0.039216    0.175236   -1.395977   -0.992695    0.000000       -1.985240        1.000000    0.109259    0.000743    0.043632    4.491364
    0.049020    0.218417   -1.352263   -0.992829    0.000000       -1.985416        1.000000    0.169688    0.001803    0.043632    4.491364
    0.058824    0.261180   -1.308542   -0.993003    0.000000       -1.985643        1.000000    0.241948    0.003712    0.043632    4.491364
    0.068627    0.303445   -1.264813   -0.993222    0.000000       -1.985927        1.000000    0.325901    0.006821    0.043632    4.491364
    0.078431    0.345129   -1.221073   -0.993494    0.000000       -1.986278        1.000000    0.421387    0.011526    0.043632    4.491364
    0.088235    0.386153   -1.177319   -0.993830    0.000000       -1.986706        1.000000    0.528223    0.018264    0.043632    4.491364
    0.098039    0.426439   -1.133549   -0.994241    0.000000       -1.987226        1.000000    0.646205    0.027503    0.043632    4.491364
    0.107843    0.465908   -1.089759   -0.994745    0.000000       -1.987857        1.000000    0.775106    0.039734    0.043632    4.491364
    0.117647    0.504486   -1.045944   -0.995362    0.000000       -1.988622        1.000000    0.914681    0.055460    0.043632    4.491364
    0.127451    0.542096   -1.002099   -0.996119    0.000000       -1.989550        1.000000    1.064661    0.075185    0.043632    4.491364
    0.137255    0.578666   -0.958217   -0.997052    0.000000       -1.990681        1.000000    1.224760    0.099408    0.043632    4.491364
    0.147059    0.614125   -0.914290   -0.998204    0.000000       -1.992063        1.000000    1.394668    0.128610    0.043632    4.491364
    0.156863    0.648403   -0.870305   -0.999638    0.000000       -1.993763        1.000000    1.574060    0.163241    0.043632    4.491364
    0.166667    0.681431   -0.826250   -1.001434    0.000000       -1.995868        1.000000    1.762590    0.203719    0.043632    4.491364
    0.176471    0.713144   -0.782106   -1.003703    0.000000       -1.998495        1.000000    1.959893    0.250412    0.043632    4.491364
    0.186275    0.743477   -0.737849   -1.006594    0.000000       -2.001806        1.000000    2.165589    0.303635    0.043632    4.491364
    0.196078    0.772365   -0.693447   -1.010319    0.000000       -2.006023        1.000000    2.379278    0.363641    0.043632    4.491364
    0.205882    0.799747   -0.648858   -1.015176    0.000000       -2.011459        1.000000    2.600541    0.430612    0.043632    4.491364
    0.215686    0.825561   -0.604022   -1.021596    0.000000       -2.018565        1.000000    2.828947    0.504657    0.043632    4.491364
    0.225490    0.849744   -0.558858   -1.030209    0.000000       -2.027993        1.000000    3.064044    0.585806    0.043632    4.491364
    0.235294    0.872233   -0.513250   -1.041954    0.000000       -2.040715        1.000000    3.305362    0.674004    0.043632    4.491364
    0.245098    0.892962   -0.467031   -1.058250    0.000000       -2.058191        1.000000    3.552416    0.769110    0.043632    4.491364
    0.254902    0.911858   -0.419956   -1.081259    0.000000       -2.082628        1.000000    3.804697    0.870897    0.043632    4.491364
    0.264706    0.928839   -0.371663   -1.114227    0.000000       -2.117334        1.000000    4.061677    0.979044    0.043632    4.491364
    0.274510    0.943804   -0.321618   -1.161733    0.000000       -2.166947        1.000000    4.322797    1.093138    0.043632    4.491364
    0.284314    0.956630   -0.269064   -1.228869    0.000000       -2.236595        1.000000    4.587465    1.212663    0.043632    4.491364
    0.294118    0.967155   -0.213098   -1.315572    0.000000       -2.326145        1.000000    4.855045    1.336983    0.043632    4.491364
    0.303922    0.975188   -0.153266   -1.395974    0.000000       -2.409397        1.000000    5.124848    1.465306    0.043632    4.491364
    0.313725    0.980561   -0.091556   -1.378899    0.000000       -2.394452        1.000000    5.396137    1.596638    0.043632    4.491364
    0.323529    0.983311   -0.035233   -1.136488    0.000000       -2.152829        1.000000    5.668187    1.729798    0.043632    4.491364
    0.333333    0.983892    0.005679   -0.707587    0.000000       -1.723942        1.000000    5.940398    1.863652    0.043632    4.491364
    0.343137    0.983095    0.027533   -0.304252    0.000000       -1.321062        1.000000    6.212389    1.997453    0.043632    4.491364
    0.352941    0.981685    0.034587   -0.040300    0.000000       -1.058347        1.000000    6.483989    2.130896    0.043632    4.491364
    0.362745    0.980177    0.032918    0.099136    0.000000       -0.920535        1.000000    6.755172    2.263925    0.043632    4.491364
    0.372549    0.978848    0.027024    0.158508    0.000000       -0.862729        1.000000    7.025987    2.396582    0.043632    4.491364
    0.382353    0.977819    0.019633    0.171499    0.000000       -0.850988        1.000000    7.296518    2.528942    0.043632    4.491364
    0.392157    0.977118    0.012295    0.158711    0.000000       -0.864629        1.000000    7.566855    2.661088    0.043632    4.491364
    0.401961    0.976723    0.005853    0.132377    0.000000       -0.891438        1.000000    7.837082    2.793098    0.043632    4.491364
    0.411765    0.976583    0.000724    0.100058    0.000000       -0.923920        1.000000    8.107271    2.925042    0.043632    4.491364
    0.421569    0.976637   -0.002945    0.066743    0.000000       -0.957174        1.000000    8.377474    3.056976    0.043632    4.491364
    0.431373    0.976822   -0.005190    0.035889    0.000000       -0.987826        1.000000    8.647729    3.188943    0.043632    4.491364
    0.441176    0.977076   -0.006177    0.009870    0.000000       -1.013572        1.000000    8.918054    3.320970    0.043632    4.491364
    0.450980    0.977351   -0.006152   -0.009886    0.000000       -1.033041        1.000000    9.188455    3.453068    0.043632    4.491364
    0.460784    0.977607   -0.005406   -0.022874    0.000000       -1.045764        1.000000    9.458927    3.585240    0.043632    4.491364
    0.470588    0.977820   -0.004232   -0.029451    0.000000       -1.052124        1.000000    9.729458    3.717476    0.043632    4.491364
    0.480392    0.977977   -0.002891   -0.030679    0.000000       -1.053193        1.000000   10.000033    3.849763    0.043632    4.491364
    0.490196    0.978076   -0.001587   -0.028061    0.000000       -1.050475        1.000000   10.270634    3.982085    0.043632    4.491364
    0.500000    0.978120   -0.000452   -0.023236    0.000000       -1.045606        1.000000   10.541248    4.114427    0.043632    4.491364
    0.509804    0.978119    0.000450   -0.017723    0.000000       -1.040094        1.000000   10.811862    4.246774    0.043632    4.491364
    0.519608    0.978084    0.001117   -0.012760    0.000000       -1.035167        1.000000   11.082466    4.379116    0.043632    4.491364
    0.529412    0.978023    0.001595   -0.009257    0.000000       -1.031726        1.000000   11.353053    4.511444    0.043632    4.491364
    0.539216    0.977945    0.001963   -0.007840    0.000000       -1.030391        1.000000   11.623618    4.643754    0.043632    4.491364
    0.549020    0.977851    0.002323   -0.008959    0.000000       -1.031608        1.000000   11.894158    4.776041    0.043632    4.491364
    0.558824    0.977739    0.002795   -0.013016    0.000000       -1.035780        1.000000   12.164666    4.908299    0.043632    4.491364
    0.568627    0.977601    0.003519   -0.020508    0.000000       -1.043414        1.000000   12.435136    5.040524    0.043632    4.491364
    0.578431    0.977423    0.004662   -0.032163    0.000000       -1.055251        1.000000   12.705557    5.172706    0.043632    4.491364
    0.588235    0.977181    0.006428   -0.049062    0.000000       -1.072393        1.000000   12.975911    5.304830    0.043632    4.491364
    0.598039    0.976843    0.009081   -0.072712    0.000000       -1.096375        1.000000   13.246172    5.436876    0.043632    4.491364
    0.607843    0.976363    0.012959   -0.105023    0.000000       -1.129145        1.000000   13.516300    5.568808    0.043632    4.491364
    0.617647    0.975678    0.018489   -0.148118    0.000000       -1.172871        1.000000   13.786238    5.700577    0.043632    4.491364
    0.627451    0.974704    0.026189   -0.203873    0.000000       -1.229474        1.000000   14.055907    5.832107    0.043632    4.491364
    0.637255    0.973332    0.036642   -0.273159    0.000000       -1.299868        1.000000   14.325196    5.963291    0.043632    4.491364
    0.647059    0.971428    0.050430   -0.354979    0.000000       -1.383082        1.000000   14.593959    6.093979    0.043632    4.491364
    0.656863    0.968836    0.068039   -0.445916    0.000000       -1.475694        1.000000   14.862004    6.223963    0.043632    4.491364
    0.666667    0.965381    0.089754   -0.540439    0.000000       -1.572130        1.000000   15.129094    6.352966    0.043632    4.491364
    0.676471    0.960883    0.115592   -0.632196    0.000000       -1.665960        1.000000   15.394939    6.480639    0.043632    4.491364
    0.686275    0.955169    0.145306   -0.715712    0.000000       -1.751614        1.000000   15.659203    6.606554    0.043632    4.491364
    0.696078    0.948084    0.178450   -0.787592    0.000000       -1.825601        1.000000   15.921507    6.730223    0.043632    4.491364
    0.705882    0.939498    0.214479   -0.846748    0.000000       -1.886758        1.000000   16.181435    6.851106    0.043632    4.491364
    0.715686    0.929311    0.252842   -0.893849    0.000000       -1.935702        1.000000   16.438545    6.968640    0.043632    4.491364
    0.725490    0.917448    0.293043   -0.930527    0.000000       -1.974041        1.000000   16.692373    7.082257    0.043632    4.491364
    0.735294    0.903859    0.334665   -0.958710    0.000000       -2.003697        1.000000   16.942441    7.191408    0.043632    4.491364
    0.745098    0.888516    0.377375   -0.980228    0.000000       -2.026507        1.000000   17.188265    7.295580    0.043632    4.491364
    0.754902    0.871407    0.420915   -0.996635    0.000000       -2.044039        1.000000   17.429355    7.394313    0.043632    4.491364
    0.764706    0.852535    0.465088   -1.009171    0.000000       -2.057553        1.000000   17.665223    7.487209    0.043632    4.491364
    0.774510    0.831916    0.509746   -1.018794    0.000000       -2.068021        1.000000   17.895387    7.573945    0.043632    4.491364
    0.784314    0.809573    0.554777   -1.026222    0.000000       -2.076181        1.000000   18.119370    7.654275    0.043632    4.491364
    0.794118    0.785539    0.600097   -1.031995    0.000000       -2.082587        1.000000   18.336703    7.728039    0.043632    4.491364
    0.803922    0.759854    0.645643   -1.036513    0.000000       -2.087653        1.000000   18.546929    7.795159    0.043632    4.491364
    0.813725    0.732565    0.691365   -1.040072    0.000000       -2.091688        1.000000   18.749606    7.855644    0.043632    4.491364
    0.823529    0.703722    0.737227   -1.042897    0.000000       -2.094925        1.000000   18.944303    7.909583    0.043632    4.491364
    0.833333    0.673383    0.783200   -1.045152    0.000000       -2.097538        1.000000   19.130606    7.957148    0.043632    4.491364
    0.843137    0.641608    0.829263   -1.046963    0.000000       -2.099661        1.000000   19.308118    7.998579    0.043632    4.491364
    0.852941    0.608463    0.875397   -1.048425    0.000000       -2.101394        1.000000   19.476460    8.034187    0.043632    4.491364
    0.862745    0.574015    0.921589   -1.049612    0.000000       -2.102816        1.000000   19.635271    8.064336    0.043632    4.491364
    0.872549    0.538337    0.967829   -1.050578    0.000000       -2.103988        1.000000   19.784212    8.089443    0.043632    4.491364
    0.882353    0.501504    1.014107   -1.051368    0.000000       -2.104955        1.000000   19.922962    8.109962    0.043632    4.491364
    0.892157    0.463595    1.060416   -1.052014    0.000000       -2.105756        1.000000   20.051223    8.126374    0.043632    4.491364
    0.901961    0.424689    1.106752   -1.052544    0.000000       -2.106419        1.000000   20.168721    8.139177    0.043632    4.491364
    0.911765    0.384870    1.153108   -1.052978    0.000000       -2.106967        1.000000   20.275202    8.148875    0.043632    4.491364
    0.921569    0.344223    1.199482   -1.053333    0.000000       -2.107419        1.000000   20.370437    8.155965    0.043632    4.491364
    0.931373    0.302835    1.245870   -1.053621    0.000000       -2.107790        1.000000   20.454221    8.160926    0.043632    4.491364
    0.941176    0.260795    1.292269   -1.053853    0.000000       -2.108091        1.000000   20.526375    8.164210    0.043632    4.491364
    0.950980    0.218193    1.338678   -1.054037    0.000000       -2.108331        1.000000   20.586742    8.166230    0.043632    4.491364
    0.960784    0.175121    1.385094   -1.054180    0.000000       -2.108519        1.000000   20.635192    8.167353    0.043632    4.491364
    0.970588    0.131672    1.431515   -1.054286    0.000000       -2.108659        1.000000   20.671621    8.167890    0.043632    4.491364
    0.980392    0.087939    1.477940   -1.054359    0.000000       -2.108756        1.000000   20.695951    8.168091    0.043632    4.491364
    0.990196    0.044017    1.524367   -1.054402    0.000000       -2.108813        1.000000   20.708129    8.168138    0.043632    4.491364
    1.000000    0.000000    1.570796   -1.054416    0.000000       -2.108832        1.000000   20.708129    8.168141    0.043632    4.491364
