           t           r         psi          cs          qs               p             sig           A           V          Q2           S
    0.000000    0.000000   -1.570796   -1.893388    0.000000       -3.786776        1.000000    0.000000   -0.000000    0.869586   28.766706
    0.009804    0.266075   -0.950118   -2.743602    0.000000       -4.929407        1.000000    0.000000    0.009317    0.869586   28.766706
    0.019608    0.405356   -0.133476   -2.350285    0.000000       -4.795311        1.000000    0.718300    0.105636    0.869586   28.766706
    0.029412    0.384605    0.165503    0.031808    0.000000       -2.532737        1.000000    1.399829    0.247831    0.869586   28.766706
    0.039216    0.351899    0.045500    0.516369    0.000000       -2.322412        1.000000    2.023404    0.365207    0.869586   28.766706
    0.049020    0.353899   -0.036696    0.051088    0.000000       -2.772678        1.000000    2.650521    0.474305    0.869586   28.766706
    0.058824    0.362443   -0.015866   -0.123353    0.000000       -2.882058        1.000000    3.292779    0.588262    0.869586   28.766706
    0.068627    0.363020    0.006968   -0.027167    0.000000       -2.781771        1.000000    3.936059    0.705186    0.869586   28.766706
    0.078431    0.361026    0.004651    0.026621    0.000000       -2.743236        1.000000    4.575806    0.821262    0.869586   28.766706
    0.088235    0.360655   -0.001155    0.009732    0.000000       -2.763003        1.000000    5.214895    0.936536    0.869586   28.766706
    0.098039    0.361098   -0.001270   -0.005350    0.000000       -2.774683        1.000000    5.854768    1.051923    0.869586   28.766706
    0.107843    0.361240    0.000132   -0.003000    0.000000       -2.771241        1.000000    6.494895    1.167519    0.869586   28.766706
    0.117647    0.361149    0.000325    0.000950    0.000000       -2.767989        1.000000    7.134860    1.283112    0.869586   28.766706
    0.127451    0.361104    0.000006    0.000842    0.000000       -2.768446        1.000000    7.774745    1.398654    0.869586   28.766706
    0.137255    0.361121   -0.000078   -0.000132    0.000000       -2.769291        1.000000    8.414660    1.514190    0.869586   28.766706
    0.147059    0.361134   -0.000011   -0.000221    0.000000       -2.769279        1.000000    9.054597    1.629739    0.869586   28.766706
    0.156863    0.361131    0.000018    0.000006    0.000000       -2.769072        1.000000    9.694531    1.745290    0.869586   28.766706
    0.166667    0.361128    0.000005    0.000054    0.000000       -2.769050        1.000000   10.334458    1.860838    0.869586   28.766706
    0.176471    0.361128   -0.000004    0.000005    0.000000       -2.769098        1.000000   10.974385    1.976386    0.869586   28.766706
    0.186275    0.361129   -0.000002   -0.000013    0.000000       -2.769109        1.000000   11.614314    2.091934    0.869586   28.766706
    0.196078    0.361129    0.000001   -0.000003    0.000000       -2.769099        1.000000   12.254243    2.207482    0.869586   28.766706
    0.205882    0.361128    0.000000    0.000003    0.000000       -2.769095        1.000000   12.894172    2.323031    0.869586   28.766706
    0.215686    0.361128   -0.000000    0.000001    0.000000       -2.769097        1.000000   13.534100    2.438579    0.869586   28.766706
    0.225490    0.361128   -0.000000   -0.000001    0.000000       -2.769098        1.000000   14.174029    2.554127    0.869586   28.766706
    0.235294    0.361128    0.000000   -0.000000    0.000000       -2.769098        1.000000   14.813958    2.669675    0.869586   28.766706
    0.245098    0.361128    0.000000    0.000000    0.000000       -2.769097        1.000000   15.453886    2.785224    0.869586   28.766706
    0.254902    0.361128    0.000000    0.000000    0.000000       -2.769097        1.000000   16.093815    2.900772    0.869586   28.766706
    0.264706    0.361128   -0.000000   -0.000000    0.000000       -2.769098        1.000000   16.733744    3.016320    0.869586   28.766706
    0.274510    0.361128   -0.000000   -0.000000    0.000000       -2.769098        1.000000   17.373672    3.131868    0.869586   28.766706
    0.284314    0.361128    0.000000    0.000000    0.000000       -2.769098        1.000000   18.013601    3.247417    0.869586   28.766706
    0.294118    0.361128    0.000000    0.000000    0.000000       -2.769098        1.000000   18.653530    3.362965    0.869586   28.766706
    0.303922    0.361128   -0.000000    0.000000    0.000000       -2.769098        1.000000   19.293459    3.478513    0.869586   28.766706
    0.313725    0.361128   -0.000000   -0.000000    0.000000       -2.769098        1.000000   19.933387    3.594061    0.869586   28.766706
    0.323529    0.361128    0.000000   -0.000000    0.000000       -2.769098        1.000000   20.573316    3.709609    0.869586   28.766706
    0.333333    0.361128    0.000000    0.000000    0.000000       -2.769098        1.000000   21.213245    3.825158    0.869586   28.766706
    0.343137    0.361128   -0.000000    0.000000    0.000000       -2.769098        1.000000   21.853173    3.940706    0.869586   28.766706
    0.352941    0.361128   -0.000000   -0.000000    0.000000       -2.769098        1.000000   22.493102    4.056254    0.869586   28.766706
    0.362745    0.361128    0.000000   -0.000000    0.000000       -2.769098        1.000000   23.133031    4.171802    0.869586   28.766706
    0.372549    0.361128    0.000000    0.000000    0.000000       -2.769098        1.000000   23.772959    4.287351    0.869586   28.766706
    0.382353    0.361128    0.000000    0.000000    0.000000       -2.769098        1.000000   24.412888    4.402899    0.869586   28.766706
    0.392157    0.361128   -0.000000   -0.000000    0.000000       -2.769098        1.000000   25.052817    4.518447    0.869586   28.766706
    0.401961    0.361128   -0.000000   -0.000000    0.000000       -2.769098        1.000000   25.692745    4.633995    0.869586   28.766706
    0.411765    0.361128    0.000000    0.000000    0.000000       -2.769098        1.000000   26.332674    4.749544    0.869586   28.766706
    0.421569    0.361128    0.000000    0.000000    0.000000       -2.769098        1.000000   26.972603    4.865092    0.869586   28.766706
    0.431373    0.361128   -0.000000    0.000000    0.000000       -2.769098        1.000000   27.612531    4.980640    0.869586   28.766706
    0.441176    0.361128   -0.000000   -0.000000    0.000000       -2.769098        1.000000   28.252460    5.096188    0.869586   28.766706
    0.450980    0.361128    0.000000   -0.000000    0.000000       -2.769098        1.000000   28.892389    5.211737    0.869586   28.766706
    0.460784    0.361128    0.000000    0.000000    0.000000       -2.769098        1.000000   29.532318    5.327285    0.869586   28.766706
    0.470588    0.361128    0.000000    0.000000    0.000000       -2.769098        1.000000   30.172246    5.442833    0.869586   28.766706
    0.480392    0.361128   -0.000000    0.000000    0.000000       -2.769098        1.000000   30.812175    5.558381    0.869586   28.766706
    0.490196    0.361128   -0.000000   -0.000000    0.000000       -2.769098        1.000000   31.452104    5.673930    0.869586   28.766706
    0.500000    0.361128    0.000000   -0.000000    0.000000       -2.769098        1.000000   32.092032    5.789478    0.869586   28.766706
    0.509804    0.361128   -0.000000    0.000000    0.000000       -2.769098        1.000000   32.731961    5.905026    0.869586   28.766706
    0.519608    0.361128   -0.000000   -0.000000    0.000000       -2.769098        1.000000   33.371890    6.020574    0.869586   28.766706
    0.529412    0.361128    0.000000    0.000000    0.000000       -2.769098        1.000000   34.011818    6.136122    0.869586   28.766706
    0.539216    0.361128   -0.000000    0.000000    0.000000       -2.769098        1.000000   34.651747    6.251671    0.869586   28.766706
    0.549020    0.361128   -0.000000    0.000000    0.000000       -2.769098        1.000000   35.291676    6.367219    0.869586   28.766706
    0.558824    0.361128   -0.000000   -0.000000    0.000000       -2.769098        1.000000   35.931604    6.482767    0.869586   28.766706
    0.568627    0.361128   -0.000000   -0.000000    0.000000       -2.769098        1.000000   36.571533    6.598315    0.869586   28.766706
    0.578431    0.361128   -0.000000    0.000000    0.000000       -2.769098        1.000000   37.211462    6.713864    0.869586   28.766706
    0.588235    0.361128   -0.000000    0.000000    0.000000       -2.769098        1.000000   37.851391    6.829412    0.869586   28.766706
    0.598039    0.361128   -0.000000    0.000000    0.000000       -2.769098        1.000000   38.491319    6.944960    0.869586   28.766706
    0.607843    0.361128   -0.000000    0.000000    0.000000       -2.769098        1.000000   39.131248    7.060508    0.869586   28.766706
    0.617647    0.361128   -0.000000   -0.000000    0.000000       -2.769098        1.000000   39.771177    7.176057    0.869586   28.766706
    0.627451    0.361128   -0.000000   -0.000000    0.000000       -2.769098        1.000000   40.411105    7.291605    0.869586   28.766706
    0.637255    0.361128   -0.000000    0.000000    0.000000       -2.769098        1.000000   41.051034    7.407153    0.869586   28.766706
    0.647059    0.361128   -0.000000    0.000000    0.000000       -2.769098        1.000000   41.690963    7.522701    0.869586   28.766706
    0.656863    0.361128   -0.000000   -0.000000    0.000000       -2.769098        1.000000   42.330891    7.638250    0.869586   28.766706
    0.666667    0.361128   -0.000000    0.000000    0.000000       -2.769098        1.000000   42.970820    7.753798    0.869586   28.766706
    0.676471    0.361128   -0.000000    0.000000    0.000000       -2.769098        1.000000   43.610749    7.869346    0.869586   28.766706
    0.686275    0.361128   -0.000000   -0.000000    0.000000       -2.769098        1.000000   44.250677    7.984894    0.869586   28.766706
    0.696078    0.361128   -0.000000    0.000000    0.000000       -2.769098        1.000000   44.890606    8.100443    0.869586   28.766706
    0.705882    0.361128   -0.000000    0.000000    0.000000       -2.769098        1.000000   45.530535    8.215991    0.869586   28.766706
    0.715686    0.361128   -0.000000   -0.000000    0.000000       -2.769098        1.000000   46.170464    8.331539    0.869586   28.766706
    0.725490    0.361128   -0.000000   -0.000000    0.000000       -2.769098        1.000000   46.810392    8.447087    0.869586   28.766706
    0.735294    0.361128   -0.000000    0.000000    0.000000       -2.769098        1.000000   47.450321    8.562636    0.869586   28.766706
    0.745098    0.361128    0.000000   -0.000000    0.000000       -2.769098        1.000000   48.090250    8.678184    0.869586   28.766706
    0.754902    0.361128    0.000000   -0.000000    0.000000       -2.769098        1.000000   48.730178    8.793732    0.869586   28.766706
    0.764706    0.361128    0.000000   -0.000000    0.000000       -2.769098        1.000000   49.370107    8.909280    0.869586   28.766706
    0.774510    0.361128    0.000000   -0.000000    0.000000       -2.769098        1.000000   50.010036    9.024828    0.869586   28.766706
    0.784314    0.361128    0.000000   -0.000000    0.000000       -2.769098        1.000000   50.649964    9.140377    0.869586   28.766706
    0.794118    0.361128    0.000000   -0.000000    0.000000       -2.769098        1.000000   51.289893    9.255925    0.869586   28.766706
    0.803922    0.361128    0.000000   -0.000000    0.000000       -2.769098        1.000000   51.929822    9.371473    0.869586   28.766706
    0.813725    0.361128    0.000000   -0.000000    0.000000       -2.769098        1.000000   52.569750    9.487021    0.869586   28.766706
    0.823529    0.361128    0.000000   -0.000000    0.000000       -2.769098        1.000000   53.209679    9.602570    0.869586   28.766706
    0.833333    0.361128    0.000000   -0.000000    0.000000       -2.769098        1.000000   53.849608    9.718118    0.869586   28.766706
    0.843137    0.361128    0.000000   -0.000000    0.000000       -2.769098        1.000000   54.489537    9.833666    0.869586   28.766706
    0.852941    0.361128    0.000000   -0.000000    0.000000       -2.769098        1.000000   55.129465    9.949214    0.869586   28.766706
    0.862745    0.361128    0.000000   -0.000000    0.000000       -2.769098        1.000000   55.769394   10.064763    0.869586   28.766706
    0.872549    0.361128    0.000000   -0.000000    0.000000       -2.769098        1.000000   56.409323   10.180311    0.869586   28.766706
    0.882353    0.361128    0.000000   -0.000001    0.000000       -2.769098        1.000000   57.049251   10.295859    0.869586   28.766706
    0.892157    0.361128    0.000001   -0.000003    0.000000       -2.769101        1.000000   57.689180   10.411407    0.869586   28.766706
    0.901961    0.361128    0.000002   -0.000011    0.000000       -2.769112        1.000000   58.329108   10.526955    0.869586   28.766706
    0.911765    0.361127    0.000009   -0.000044    0.000000       -2.769155        1.000000   58.969033   10.642503    0.869586   28.766706
    0.921569    0.361121    0.000036   -0.000180    0.000000       -2.769333        1.000000   59.608949   10.758049    0.869586   28.766706
    0.931373    0.361099    0.000148   -0.000741    0.000000       -2.770065        1.000000   60.248826   10.873587    0.869586   28.766706
    0.941176    0.361007    0.000607   -0.003041    0.000000       -2.773068        1.000000   60.888539   10.989094    0.869586   28.766706
    0.950980    0.360631    0.002493   -0.012478    0.000000       -2.785389        1.000000   61.527586   11.104471    0.869586   28.766706
    0.960784    0.359086    0.010217   -0.051047    0.000000       -2.835750        1.000000   62.163895   11.219318    0.869586   28.766706
    0.970588    0.352775    0.041630   -0.206340    0.000000       -3.038556        1.000000   62.789021   11.331986    0.869586   28.766706
    0.980392    0.327420    0.165484   -0.793139    0.000000       -3.805594        1.000000   63.369218   11.435747    0.869586   28.766706
    0.990196    0.233907    0.595621   -2.477272    0.000000       -6.016281        1.000000   63.783707   11.506605    0.869586   28.766706
    1.000000    0.000000    1.570796   -4.050328    0.000000       -8.100655        1.000000   63.783707   11.519173    0.869586   28.766706
