           t           r         psi          cs          qs               p             sig           A           V          Q2           S
    0.000000   -0.000000   -1.570796   -1.202549    0.000000       -2.405097        1.000000    0.000000    0.000000    0.602678    7.197707
    0.009804    0.070481   -1.485776   -1.209433    0.000000       -2.414270        1.000000    0.000000    0.000023    0.602678    7.197707
    0.019608    0.140449   -1.399775   -1.230452    0.000000       -2.442201        1.000000    0.062272    0.000373    0.602678    7.197707
    0.029412    0.209370   -1.311765   -1.266607    0.000000       -2.490012        1.000000    0.155102    0.001877    0.602678    7.197707
    0.039216    0.276671   -1.220628   -1.319286    0.000000       -2.559226        1.000000    0.277772    0.005881    0.602678    7.197707
    0.049020    0.341710   -1.125152   -1.389805    0.000000       -2.651223        1.000000    0.429279    0.014189    0.602678    7.197707
    0.058824    0.403757   -1.024052   -1.478553    0.000000       -2.766229        1.000000    0.608296    0.028964    0.602678    7.197707
    0.068627    0.461965   -0.916098   -1.583412    0.000000       -2.901520        1.000000    0.813121    0.052567    0.602678    7.197707
    0.078431    0.515363   -0.800367   -1.697176    0.000000       -3.048542        1.000000    1.041621    0.087312    0.602678    7.197707
    0.088235    0.562871   -0.676724   -1.804164    0.000000       -3.189257        1.000000    1.291185    0.135104    0.602678    7.197707
    0.098039    0.603386   -0.546521   -1.877755    0.000000       -3.293661        1.000000    1.558713    0.196982    0.602678    7.197707
    0.107843    0.635945   -0.413323   -1.882992    0.000000       -3.323039        1.000000    1.840677    0.272666    0.602678    7.197707
    0.117647    0.659971   -0.283132   -1.788628    0.000000       -3.243518        1.000000    2.133294    0.360341    0.602678    7.197707
    0.127451    0.675506   -0.163475   -1.585583    0.000000       -3.046217        1.000000    2.432798    0.456914    0.602678    7.197707
    0.137255    0.683300   -0.061384   -1.297139    0.000000       -2.757868        1.000000    2.735758    0.558754    0.602678    7.197707
    0.147059    0.684671    0.018659   -0.969039    0.000000       -2.429341        1.000000    3.039326    0.662564    0.602678    7.197707
    0.156863    0.681215    0.075552   -0.647791    0.000000       -2.111569        1.000000    3.341361    0.765925    0.602678    7.197707
    0.166667    0.674526    0.111007   -0.365218    0.000000       -1.838616        1.000000    3.640431    0.867392    0.602678    7.197707
    0.176471    0.666006    0.128358   -0.135878    0.000000       -1.625014        1.000000    3.935723    0.966289    0.602678    7.197707
    0.186275    0.656792    0.131492    0.038064    0.000000       -1.471344        1.000000    4.226930    1.062443    0.602678    7.197707
    0.196078    0.647745    0.124186    0.161035    0.000000       -1.370893        1.000000    4.514126    1.155972    0.602678    7.197707
    0.205882    0.639476    0.109798    0.240063    0.000000       -1.314301        1.000000    4.797655    1.247147    0.602678    7.197707
    0.215686    0.632380    0.091161    0.282710    0.000000       -1.292052        1.000000    5.078038    1.336313    0.602678    7.197707
    0.225490    0.626674    0.070584    0.296204    0.000000       -1.295550        1.000000    5.355892    1.423847    0.602678    7.197707
    0.235294    0.622430    0.049887    0.287176    0.000000       -1.317433        1.000000    5.631863    1.510128    0.602678    7.197707
    0.245098    0.619607    0.030443    0.261616    0.000000       -1.351563        1.000000    5.906583    1.595524    0.602678    7.197707
    0.254902    0.618081    0.013227    0.224874    0.000000       -1.392894        1.000000    6.180626    1.680375    0.602678    7.197707
    0.264706    0.617673   -0.001142    0.181660    0.000000       -1.437318        1.000000    6.454489    1.764985    0.602678    7.197707
    0.274510    0.618168   -0.012354    0.136017    0.000000       -1.481543        1.000000    6.728571    1.849611    0.602678    7.197707
    0.284314    0.619341   -0.020360    0.091290    0.000000       -1.522995        1.000000    7.003173    1.934461    0.602678    7.197707
    0.294118    0.620970   -0.025322    0.050106    0.000000       -1.559762        1.000000    7.278497    2.019690    0.602678    7.197707
    0.303922    0.622850   -0.027561    0.014368    0.000000       -1.590545        1.000000    7.554655    2.105399    0.602678    7.197707
    0.313725    0.624805   -0.027507   -0.014727    0.000000       -1.614621        1.000000    7.831679    2.191639    0.602678    7.197707
    0.323529    0.626689   -0.025652   -0.036636    0.000000       -1.631798        1.000000    8.109539    2.278415    0.602678    7.197707
    0.333333    0.628394   -0.022505   -0.051396    0.000000       -1.642351        1.000000    8.388155    2.365698    0.602678    7.197707
    0.343137    0.629846   -0.018554   -0.059518    0.000000       -1.646933        1.000000    8.667415    2.453429    0.602678    7.197707
    0.352941    0.631004   -0.014241   -0.061863    0.000000       -1.646478        1.000000    8.947188    2.541531    0.602678    7.197707
    0.362745    0.631856   -0.009934   -0.059520    0.000000       -1.642080        1.000000    9.227339    2.629920    0.602678    7.197707
    0.372549    0.632413   -0.005923   -0.053673    0.000000       -1.634890        1.000000    9.507737    2.718509    0.602678    7.197707
    0.382353    0.632704   -0.002414   -0.045499    0.000000       -1.626012        1.000000    9.788264    2.807219    0.602678    7.197707
    0.392157    0.632769    0.000469   -0.036078    0.000000       -1.616434        1.000000   10.068820    2.895978    0.602678    7.197707
    0.401961    0.632654    0.002671   -0.026335    0.000000       -1.606972        1.000000   10.349325    2.984729    0.602678    7.197707
    0.411765    0.632408    0.004196   -0.017009    0.000000       -1.598253        1.000000   10.629720    3.073427    0.602678    7.197707
    0.421569    0.632077    0.005094   -0.008641    0.000000       -1.590707        1.000000   10.909969    3.162043    0.602678    7.197707
    0.431373    0.631702    0.005446   -0.001581    0.000000       -1.584583        1.000000   11.190051    3.250560    0.602678    7.197707
    0.441176    0.631318    0.005352    0.003991    0.000000       -1.579973        1.000000   11.469964    3.338969    0.602678    7.197707
    0.450980    0.630954    0.004919    0.008035    0.000000       -1.576846        1.000000   11.749715    3.427273    0.602678    7.197707
    0.460784    0.630630    0.004252    0.010626    0.000000       -1.575076        1.000000   12.029322    3.515480    0.602678    7.197707
    0.470588    0.630357    0.003450    0.011917    0.000000       -1.574475        1.000000   12.308809    3.603605    0.602678    7.197707
    0.480392    0.630144    0.002596    0.012113    0.000000       -1.574820        1.000000   12.588200    3.691661    0.602678    7.197707
    0.490196    0.629991    0.001760    0.011447    0.000000       -1.575876        1.000000   12.867524    3.779667    0.602678    7.197707
    0.500000    0.629894    0.000995    0.010155    0.000000       -1.577413        1.000000   13.146805    3.867638    0.602678    7.197707
    0.509804    0.629848    0.000337    0.008461    0.000000       -1.579225        1.000000   13.426065    3.955589    0.602678    7.197707
    0.519608    0.629843   -0.000194    0.006565    0.000000       -1.581131        1.000000   13.705324    4.043533    0.602678    7.197707
    0.529412    0.629872   -0.000589    0.004637    0.000000       -1.582988        1.000000   13.984595    4.131481    0.602678    7.197707
    0.539216    0.629923   -0.000851    0.002807    0.000000       -1.584687        1.000000   14.263889    4.219440    0.602678    7.197707
    0.549020    0.629989   -0.000990    0.001172    0.000000       -1.586157        1.000000   14.543212    4.307416    0.602678    7.197707
    0.558824    0.630061   -0.001022   -0.000210    0.000000       -1.587359        1.000000   14.822567    4.395411    0.602678    7.197707
    0.568627    0.630131   -0.000967   -0.001313    0.000000       -1.588283        1.000000   15.101953    4.483426    0.602678    7.197707
    0.578431    0.630195   -0.000843   -0.002137    0.000000       -1.588945        1.000000   15.381368    4.571460    0.602678    7.197707
    0.588235    0.630249   -0.000671   -0.002704    0.000000       -1.589378        1.000000   15.660806    4.659511    0.602678    7.197707
    0.598039    0.630289   -0.000467   -0.003054    0.000000       -1.589627        1.000000   15.940262    4.747575    0.602678    7.197707
    0.607843    0.630315   -0.000244   -0.003238    0.000000       -1.589748        1.000000   16.219730    4.835648    0.602678    7.197707
    0.617647    0.630324   -0.000012   -0.003316    0.000000       -1.589803        1.000000   16.499201    4.923726    0.602678    7.197707
    0.627451    0.630316    0.000223   -0.003349    0.000000       -1.589854        1.000000   16.778670    5.011804    0.602678    7.197707
    0.637255    0.630292    0.000461   -0.003400    0.000000       -1.589966        1.000000   17.058127    5.099877    0.602678    7.197707
    0.647059    0.630251    0.000705   -0.003536    0.000000       -1.590205        1.000000   17.337566    5.187942    0.602678    7.197707
    0.656863    0.630192    0.000963   -0.003821    0.000000       -1.590637        1.000000   17.616980    5.275993    0.602678    7.197707
    0.666667    0.630115    0.001249   -0.004322    0.000000       -1.591334        1.000000   17.896358    5.364024    0.602678    7.197707
    0.676471    0.630015    0.001580   -0.005111    0.000000       -1.592373        1.000000   18.175693    5.452031    0.602678    7.197707
    0.686275    0.629890    0.001979   -0.006269    0.000000       -1.593844        1.000000   18.454972    5.540007    0.602678    7.197707
    0.696078    0.629733    0.002475   -0.007889    0.000000       -1.595858        1.000000   18.734182    5.627943    0.602678    7.197707
    0.705882    0.629537    0.003106   -0.010087    0.000000       -1.598547        1.000000   19.013305    5.715830    0.602678    7.197707
    0.715686    0.629291    0.003916   -0.013004    0.000000       -1.602082        1.000000   19.292318    5.803656    0.602678    7.197707
    0.725490    0.628979    0.004962   -0.016821    0.000000       -1.606679        1.000000   19.571194    5.891404    0.602678    7.197707
    0.735294    0.628583    0.006316   -0.021770    0.000000       -1.612617        1.000000   19.849894    5.979053    0.602678    7.197707
    0.745098    0.628078    0.008068   -0.028144    0.000000       -1.620250        1.000000   20.128370    6.066576    0.602678    7.197707
    0.754902    0.627433    0.010331   -0.036321    0.000000       -1.630032        1.000000   20.406559    6.153938    0.602678    7.197707
    0.764706    0.626605    0.013248   -0.046778    0.000000       -1.642540        1.000000   20.684382    6.241095    0.602678    7.197707
    0.774510    0.625543    0.017000   -0.060117    0.000000       -1.658496        1.000000   20.961734    6.327986    0.602678    7.197707
    0.784314    0.624181    0.021817   -0.077088    0.000000       -1.678806        1.000000   21.238482    6.414537    0.602678    7.197707
    0.794118    0.622433    0.027987   -0.098617    0.000000       -1.704587        1.000000   21.514455    6.500649    0.602678    7.197707
    0.803922    0.620192    0.035869   -0.125828    0.000000       -1.737196        1.000000   21.789434    6.586197    0.602678    7.197707
    0.813725    0.617321    0.045910   -0.160058    0.000000       -1.778254        1.000000   22.063141    6.671018    0.602678    7.197707
    0.823529    0.613651    0.058660   -0.202858    0.000000       -1.829646        1.000000   22.335220    6.754906    0.602678    7.197707
    0.833333    0.608968    0.074782   -0.255962    0.000000       -1.893494        1.000000   22.605223    6.837593    0.602678    7.197707
    0.843137    0.603010    0.095069   -0.321209    0.000000       -1.972068        1.000000   22.872584    6.918743    0.602678    7.197707
    0.852941    0.595453    0.120443   -0.400405    0.000000       -2.067631        1.000000   23.136595    6.997927    0.602678    7.197707
    0.862745    0.585912    0.151944   -0.495091    0.000000       -2.182169        1.000000   23.396375    7.074613    0.602678    7.197707
    0.872549    0.573927    0.190704   -0.606237    0.000000       -2.317030        1.000000   23.650842    7.148141    0.602678    7.197707
    0.882353    0.558974    0.237892   -0.733851    0.000000       -2.472460        1.000000   23.898678    7.217725    0.602678    7.197707
    0.892157    0.540466    0.294631   -0.876603    0.000000       -2.647130        1.000000   24.138309    7.282451    0.602678    7.197707
    0.901961    0.517781    0.361896   -1.031538    0.000000       -2.837761        1.000000   24.367881    7.341312    0.602678    7.197707
    0.911765    0.490296    0.440392   -1.194036    0.000000       -3.039012        1.000000   24.585268    7.393286    0.602678    7.197707
    0.921569    0.457443    0.530450   -1.358115    0.000000       -3.243770        1.000000   24.788088    7.437452    0.602678    7.197707
    0.931373    0.418772    0.631945   -1.517077    0.000000       -3.443852        1.000000   24.973762    7.473162    0.602678    7.197707
    0.941176    0.374028    0.744282   -1.664374    0.000000       -3.631004        1.000000   25.139597    7.500220    0.602678    7.197707
    0.950980    0.323214    0.866434   -1.794440    0.000000       -3.797907        1.000000   25.282903    7.519035    0.602678    7.197707
    0.960784    0.266641    0.997032   -1.903238    0.000000       -3.938923        1.000000   25.401126    7.530673    0.602678    7.197707
    0.970588    0.204951    1.134484   -1.988413    0.000000       -4.050375        1.000000   25.491996    7.536756    0.602678    7.197707
    0.980392    0.139099    1.277082   -2.049047    0.000000       -4.130372        1.000000   25.553670    7.539191    0.602678    7.197707
    0.990196    0.070309    1.423092   -2.085162    0.000000       -4.178318        1.000000   25.584843    7.539782    0.602678    7.197707
    1.000000    0.000000    1.570796   -2.097132    0.000000       -4.194264        1.000000   25.584843    7.539822    0.602678    7.197707
