           t           r         psi          cs          qs               p             sig           A           V          Q2           S
    0.000000   -0.000000   -1.570796   -2.595978    0.000000       -5.191955        1.000000    0.000000    0.000000    0.934136   36.897242
    0.009804    0.282148   -0.292473   -3.838541    0.000000       -7.232274        1.000000    0.000000    0.028158    0.934136   36.897242
    0.019608    0.258290    0.127091    0.720699    0.000000       -3.119692        1.000000    0.587058    0.117593    0.934136   36.897242
    0.029412    0.253093   -0.039740   -0.055042    0.000000       -4.003040        1.000000    1.162304    0.188752    0.934136   36.897242
    0.039216    0.258165    0.007649   -0.040554    0.000000       -3.913934        1.000000    1.749078    0.263938    0.934136   36.897242
    0.049020    0.256206   -0.000252    0.024433    0.000000       -3.878682        1.000000    2.331399    0.338927    0.934136   36.897242
    0.058824    0.256716   -0.000556   -0.008317    0.000000       -3.903669        1.000000    2.914880    0.413677    0.934136   36.897242
    0.068627    0.256641    0.000293    0.001889    0.000000       -3.894603        1.000000    3.498191    0.488563    0.934136   36.897242
    0.078431    0.256633   -0.000093   -0.000185    0.000000       -3.896807        1.000000    4.081482    0.563405    0.934136   36.897242
    0.088235    0.256643    0.000020   -0.000077    0.000000       -3.896535        1.000000    4.664797    0.638256    0.934136   36.897242
    0.098039    0.256639   -0.000001    0.000054    0.000000       -3.896472        1.000000    5.248103    0.713106    0.934136   36.897242
    0.107843    0.256640   -0.000001   -0.000019    0.000000       -3.896527        1.000000    5.831411    0.787956    0.934136   36.897242
    0.117647    0.256640    0.000001    0.000005    0.000000       -3.896506        1.000000    6.414719    0.862806    0.934136   36.897242
    0.127451    0.256640   -0.000000   -0.000001    0.000000       -3.896511        1.000000    6.998027    0.937656    0.934136   36.897242
    0.137255    0.256640    0.000000   -0.000000    0.000000       -3.896510        1.000000    7.581334    1.012506    0.934136   36.897242
    0.147059    0.256640   -0.000000    0.000000    0.000000       -3.896510        1.000000    8.164642    1.087356    0.934136   36.897242
    0.156863    0.256640   -0.000000   -0.000000    0.000000       -3.896510        1.000000    8.747950    1.162206    0.934136   36.897242
    0.166667    0.256640    0.000000    0.000000    0.000000       -3.896510        1.000000    9.331258    1.237056    0.934136   36.897242
    0.176471    0.256640   -0.000000   -0.000000    0.000000       -3.896510        1.000000    9.914565    1.311906    0.934136   36.897242
    0.186275    0.256640    0.000000   -0.000000    0.000000       -3.896510        1.000000   10.497873    1.386756    0.934136   36.897242
    0.196078    0.256640   -0.000000    0.000000    0.000000       -3.896510        1.000000   11.081181    1.461606    0.934136   36.897242
    0.205882    0.256640   -0.000000   -0.000000    0.000000       -3.896510        1.000000   11.664489    1.536456    0.934136   36.897242
    0.215686    0.256640    0.000000    0.000000    0.000000       -3.896510        1.000000   12.247797    1.611306    0.934136   36.897242
    0.225490    0.256640   -0.000000   -0.000000    0.000000       -3.896510        1.000000   12.831104    1.686156    0.934136   36.897242
    0.235294    0.256640    0.000000   -0.000000    0.000000       -3.896510        1.000000   13.414412    1.761006    0.934136   36.897242
    0.245098    0.256640   -0.000000    0.000000    0.000000       -3.896510        1.000000   13.997720    1.835856    0.934136   36.897242
    0.254902    0.256640   -0.000000   -0.000000    0.000000       -3.896510        1.000000   14.581028    1.910706    0.934136   36.897242
    0.264706    0.256640    0.000000    0.000000    0.000000       -3.896510        1.000000   15.164336    1.985556    0.934136   36.897242
    0.274510    0.256640   -0.000000    0.000000    0.000000       -3.896510        1.000000   15.747643    2.060406    0.934136   36.897242
    0.284314    0.256640   -0.000000    0.000000    0.000000       -3.896510        1.000000   16.330951    2.135256    0.934136   36.897242
    0.294118    0.256640   -0.000000    0.000000    0.000000       -3.896510        1.000000   16.914259    2.210106    0.934136   36.897242
    0.303922    0.256640   -0.000000    0.000000    0.000000       -3.896510        1.000000   17.497567    2.284956    0.934136   36.897242
    0.313725    0.256640   -0.000000    0.000000    0.000000       -3.896510        1.000000   18.080875    2.359806    0.934136   36.897242
    0.323529    0.256640   -0.000000    0.000000    0.000000       -3.896510        1.000000   18.664182    2.434656    0.934136   36.897242
    0.333333    0.256640   -0.000000    0.000000    0.000000       -3.896510        1.000000   19.247490    2.509506    0.934136   36.897242
    0.343137    0.256640   -0.000000    0.000000    0.000000       -3.896510        1.000000   19.830798    2.584356    0.934136   36.897242
    0.352941    0.256640   -0.000000    0.000000    0.000000       -3.896510        1.000000   20.414106    2.659206    0.934136   36.897242
    0.362745    0.256640   -0.000000    0.000000    0.000000       -3.896510        1.000000   20.997413    2.734056    0.934136   36.897242
    0.372549    0.256640   -0.000000   -0.000000    0.000000       -3.896510        1.000000   21.580721    2.808906    0.934136   36.897242
    0.382353    0.256640   -0.000000    0.000000    0.000000       -3.896510        1.000000   22.164029    2.883757    0.934136   36.897242
    0.392157    0.256640   -0.000000    0.000000    0.000000       -3.896510        1.000000   22.747337    2.958607    0.934136   36.897242
    0.401961    0.256640   -0.000000   -0.000000    0.000000       -3.896510        1.000000   23.330645    3.033457    0.934136   36.897242
    0.411765    0.256640   -0.000000    0.000000    0.000000       -3.896510        1.000000   23.913952    3.108307    0.934136   36.897242
    0.421569    0.256640   -0.000000    0.000000    0.000000       -3.896510        1.000000   24.497260    3.183157    0.934136   36.897242
    0.431373    0.256640   -0.000000    0.000000    0.000000       -3.896510        1.000000   25.080568    3.258007    0.934136   36.897242
    0.441176    0.256640   -0.000000    0.000000    0.000000       -3.896510        1.000000   25.663876    3.332857    0.934136   36.897242
    0.450980    0.256640   -0.000000    0.000000    0.000000       -3.896510        1.000000   26.247184    3.407707    0.934136   36.897242
    0.460784    0.256640   -0.000000    0.000000    0.000000       -3.896510        1.000000   26.830491    3.482557    0.934136   36.897242
    0.470588    0.256640   -0.000000    0.000000    0.000000       -3.896510        1.000000   27.413799    3.557407    0.934136   36.897242
    0.480392    0.256640   -0.000000    0.000000    0.000000       -3.896510        1.000000   27.997107    3.632257    0.934136   36.897242
    0.490196    0.256640    0.000000   -0.000000    0.000000       -3.896510        1.000000   28.580415    3.707107    0.934136   36.897242
    0.500000    0.256640   -0.000000    0.000000    0.000000       -3.896510        1.000000   29.163723    3.781957    0.934136   36.897242
    0.509804    0.256640    0.000000    0.000000    0.000000       -3.896510        1.000000   29.747030    3.856807    0.934136   36.897242
    0.519608    0.256640   -0.000000    0.000000    0.000000       -3.896510        1.000000   30.330338    3.931657    0.934136   36.897242
    0.529412    0.256640    0.000000   -0.000000    0.000000       -3.896510        1.000000   30.913646    4.006507    0.934136   36.897242
    0.539216    0.256640    0.000000    0.000000    0.000000       -3.896510        1.000000   31.496954    4.081357    0.934136   36.897242
    0.549020    0.256640    0.000000    0.000000    0.000000       -3.896510        1.000000   32.080261    4.156207    0.934136   36.897242
    0.558824    0.256640   -0.000000   -0.000000    0.000000       -3.896510        1.000000   32.663569    4.231057    0.934136   36.897242
    0.568627    0.256640    0.000000   -0.000000    0.000000       -3.896510        1.000000   33.246877    4.305907    0.934136   36.897242
    0.578431    0.256640    0.000000    0.000000    0.000000       -3.896510        1.000000   33.830185    4.380757    0.934136   36.897242
    0.588235    0.256640    0.000000   -0.000000    0.000000       -3.896510        1.000000   34.413493    4.455607    0.934136   36.897242
    0.598039    0.256640    0.000000   -0.000000    0.000000       -3.896510        1.000000   34.996800    4.530457    0.934136   36.897242
    0.607843    0.256640    0.000000    0.000000    0.000000       -3.896510        1.000000   35.580108    4.605307    0.934136   36.897242
    0.617647    0.256640    0.000000   -0.000000    0.000000       -3.896510        1.000000   36.163416    4.680157    0.934136   36.897242
    0.627451    0.256640    0.000000   -0.000000    0.000000       -3.896510        1.000000   36.746724    4.755007    0.934136   36.897242
    0.637255    0.256640    0.000000    0.000000    0.000000       -3.896510        1.000000   37.330032    4.829857    0.934136   36.897242
    0.647059    0.256640    0.000000   -0.000000    0.000000       -3.896510        1.000000   37.913339    4.904707    0.934136   36.897242
    0.656863    0.256640    0.000000    0.000000    0.000000       -3.896510        1.000000   38.496647    4.979557    0.934136   36.897242
    0.666667    0.256640    0.000000    0.000000    0.000000       -3.896510        1.000000   39.079955    5.054407    0.934136   36.897242
    0.676471    0.256640    0.000000   -0.000000    0.000000       -3.896510        1.000000   39.663263    5.129257    0.934136   36.897242
    0.686275    0.256640    0.000000    0.000000    0.000000       -3.896510        1.000000   40.246571    5.204107    0.934136   36.897242
    0.696078    0.256640    0.000000   -0.000000    0.000000       -3.896510        1.000000   40.829878    5.278957    0.934136   36.897242
    0.705882    0.256640    0.000000    0.000000    0.000000       -3.896510        1.000000   41.413186    5.353807    0.934136   36.897242
    0.715686    0.256640    0.000000   -0.000000    0.000000       -3.896510        1.000000   41.996494    5.428657    0.934136   36.897242
    0.725490    0.256640    0.000000   -0.000000    0.000000       -3.896510        1.000000   42.579802    5.503507    0.934136   36.897242
    0.735294    0.256640    0.000000    0.000000    0.000000       -3.896510        1.000000   43.163110    5.578357    0.934136   36.897242
    0.745098    0.256640    0.000000   -0.000000    0.000000       -3.896510        1.000000   43.746417    5.653207    0.934136   36.897242
    0.754902    0.256640    0.000000    0.000000    0.000000       -3.896510        1.000000   44.329725    5.728057    0.934136   36.897242
    0.764706    0.256640    0.000000   -0.000000    0.000000       -3.896510        1.000000   44.913033    5.802908    0.934136   36.897242
    0.774510    0.256640    0.000000    0.000000    0.000000       -3.896510        1.000000   45.496341    5.877758    0.934136   36.897242
    0.784314    0.256640    0.000000   -0.000000    0.000000       -3.896510        1.000000   46.079648    5.952608    0.934136   36.897242
    0.794118    0.256640    0.000000   -0.000000    0.000000       -3.896510        1.000000   46.662956    6.027458    0.934136   36.897242
    0.803922    0.256640    0.000000    0.000000    0.000000       -3.896510        1.000000   47.246264    6.102308    0.934136   36.897242
    0.813725    0.256640    0.000000    0.000000    0.000000       -3.896510        1.000000   47.829572    6.177158    0.934136   36.897242
    0.823529    0.256640    0.000000    0.000000    0.000000       -3.896510        1.000000   48.412880    6.252008    0.934136   36.897242
    0.833333    0.256640    0.000000    0.000000    0.000000       -3.896510        1.000000   48.996187    6.326858    0.934136   36.897242
    0.843137    0.256640    0.000000    0.000000    0.000000       -3.896510        1.000000   49.579495    6.401708    0.934136   36.897242
    0.852941    0.256640    0.000000   -0.000000    0.000000       -3.896510        1.000000   50.162803    6.476558    0.934136   36.897242
    0.862745    0.256640    0.000000   -0.000000    0.000000       -3.896510        1.000000   50.746111    6.551408    0.934136   36.897242
    0.872549    0.256640    0.000000   -0.000000    0.000000       -3.896510        1.000000   51.329419    6.626258    0.934136   36.897242
    0.882353    0.256640    0.000000   -0.000000    0.000000       -3.896510        1.000000   51.912726    6.701108    0.934136   36.897242
    0.892157    0.256640    0.000000   -0.000000    0.000000       -3.896510        1.000000   52.496034    6.775958    0.934136   36.897242
    0.901961    0.256640    0.000000   -0.000000    0.000000       -3.896510        1.000000   53.079342    6.850808    0.934136   36.897242
    0.911765    0.256640    0.000000   -0.000000    0.000000       -3.896510        1.000000   53.662650    6.925658    0.934136   36.897242
    0.921569    0.256640    0.000000   -0.000000    0.000000       -3.896510        1.000000   54.245958    7.000508    0.934136   36.897242
    0.931373    0.256640    0.000000   -0.000001    0.000000       -3.896511        1.000000   54.829265    7.075358    0.934136   36.897242
    0.941176    0.256640    0.000001   -0.000008    0.000000       -3.896521        1.000000   55.412573    7.150208    0.934136   36.897242
    0.950980    0.256638    0.000014   -0.000092    0.000000       -3.896633        1.000000   55.995876    7.225058    0.934136   36.897242
    0.960784    0.256617    0.000155   -0.001039    0.000000       -3.897900        1.000000   56.579131    7.299902    0.934136   36.897242
    0.970588    0.256378    0.001753   -0.011756    0.000000       -3.912233        1.000000   57.161845    7.374695    0.934136   36.897242
    0.980392    0.253686    0.019784   -0.132267    0.000000       -4.073381        1.000000   57.738438    7.448896    0.934136   36.897242
    0.990196    0.223865    0.216114   -1.390938    0.000000       -5.754012        1.000000   58.247252    7.516435    0.934136   36.897242
    1.000000    0.000000    1.570796   -5.842700    0.000000      -11.685401        1.000000   58.247252    7.539822    0.934136   36.897242
