           t           r         psi          cs          qs               p             sig           A           V          Q2           S
    0.000000    0.000000   -1.570796   -2.233025    0.000000       -4.466049        1.000000    0.000000    0.000000    0.909156   28.133707
    0.009804    0.253643   -0.817486   -3.506210    0.000000       -6.203135        1.000000    0.000000    0.009955    0.909156   28.133707
    0.019608    0.343784    0.041425   -1.767977    0.000000       -4.674286        1.000000    0.595788    0.091382    0.909156   28.133707
    0.029412    0.304957    0.132018    0.580598    0.000000       -2.670023        1.000000    1.124288    0.182699    0.909156   28.133707
    0.039216    0.291956   -0.021808    0.293683    0.000000       -3.130671        1.000000    1.630258    0.257836    0.909156   28.133707
    0.049020    0.301341   -0.025652   -0.147840    0.000000       -3.465243        1.000000    2.152493    0.334046    0.909156   28.133707
    0.058824    0.303276    0.006400   -0.046960    0.000000       -3.344220        1.000000    2.678079    0.413631    0.909156   28.133707
    0.068627    0.301253    0.004573    0.033321    0.000000       -3.286115        1.000000    3.200160    0.492766    0.909156   28.133707
    0.078431    0.301039   -0.001675    0.006610    0.000000       -3.315217        1.000000    3.721870    0.571273    0.909156   28.133707
    0.088235    0.301464   -0.000779   -0.007256    0.000000       -3.324404        1.000000    4.244316    0.649924    0.909156   28.133707
    0.098039    0.301471    0.000401   -0.000717    0.000000       -3.317784        1.000000    4.766776    0.728689    0.909156   28.133707
    0.107843    0.301385    0.000122    0.001516    0.000000       -3.316496        1.000000    5.289086    0.807416    0.909156   28.133707
    0.117647    0.301391   -0.000091    0.000016    0.000000       -3.317933        1.000000    5.811406    0.886123    0.909156   28.133707
    0.127451    0.301408   -0.000017   -0.000306    0.000000       -3.318070        1.000000    6.333756    0.964840    0.909156   28.133707
    0.137255    0.301405    0.000020    0.000022    0.000000       -3.317770        1.000000    6.856101    1.043560    0.909156   28.133707
    0.147059    0.301402    0.000002    0.000059    0.000000       -3.317768        1.000000    7.378440    1.122278    0.909156   28.133707
    0.156863    0.301403   -0.000004   -0.000009    0.000000       -3.317828        1.000000    7.900781    1.200995    0.909156   28.133707
    0.166667    0.301403   -0.000000   -0.000011    0.000000       -3.317824        1.000000    8.423123    1.279713    0.909156   28.133707
    0.176471    0.301403    0.000001    0.000003    0.000000       -3.317812        1.000000    8.945464    1.358430    0.909156   28.133707
    0.186275    0.301403   -0.000000    0.000002    0.000000       -3.317814        1.000000    9.467806    1.437148    0.909156   28.133707
    0.196078    0.301403   -0.000000   -0.000001    0.000000       -3.317816        1.000000    9.990147    1.515866    0.909156   28.133707
    0.205882    0.301403    0.000000   -0.000000    0.000000       -3.317816        1.000000   10.512488    1.594583    0.909156   28.133707
    0.215686    0.301403    0.000000    0.000000    0.000000       -3.317815        1.000000   11.034830    1.673301    0.909156   28.133707
    0.225490    0.301403   -0.000000    0.000000    0.000000       -3.317815        1.000000   11.557171    1.752019    0.909156   28.133707
    0.235294    0.301403   -0.000000   -0.000000    0.000000       -3.317815        1.000000   12.079513    1.830736    0.909156   28.133707
    0.245098    0.301403    0.000000   -0.000000    0.000000       -3.317815        1.000000   12.601854    1.909454    0.909156   28.133707
    0.254902    0.301403    0.000000    0.000000    0.000000       -3.317815        1.000000   13.124195    1.988172    0.909156   28.133707
    0.264706    0.301403   -0.000000    0.000000    0.000000       -3.317815        1.000000   13.646537    2.066889    0.909156   28.133707
    0.274510    0.301403   -0.000000   -0.000000    0.000000       -3.317815        1.000000   14.168878    2.145607    0.909156   28.133707
    0.284314    0.301403    0.000000    0.000000    0.000000       -3.317815        1.000000   14.691220    2.224325    0.909156   28.133707
    0.294118    0.301403    0.000000    0.000000    0.000000       -3.317815        1.000000   15.213561    2.303042    0.909156   28.133707
    0.303922    0.301403   -0.000000   -0.000000    0.000000       -3.317815        1.000000   15.735902    2.381760    0.909156   28.133707
    0.313725    0.301403   -0.000000   -0.000000    0.000000       -3.317815        1.000000   16.258244    2.460478    0.909156   28.133707
    0.323529    0.301403    0.000000    0.000000    0.000000       -3.317815        1.000000   16.780585    2.539195    0.909156   28.133707
    0.333333    0.301403   -0.000000    0.000000    0.000000       -3.317815        1.000000   17.302927    2.617913    0.909156   28.133707
    0.343137    0.301403   -0.000000   -0.000000    0.000000       -3.317815        1.000000   17.825268    2.696631    0.909156   28.133707
    0.352941    0.301403    0.000000   -0.000000    0.000000       -3.317815        1.000000   18.347609    2.775348    0.909156   28.133707
    0.362745    0.301403    0.000000    0.000000    0.000000       -3.317815        1.000000   18.869951    2.854066    0.909156   28.133707
    0.372549    0.301403   -0.000000    0.000000    0.000000       -3.317815        1.000000   19.392292    2.932784    0.909156   28.133707
    0.382353    0.301403   -0.000000   -0.000000    0.000000       -3.317815        1.000000   19.914634    3.011501    0.909156   28.133707
    0.392157    0.301403    0.000000   -0.000000    0.000000       -3.317815        1.000000   20.436975    3.090219    0.909156   28.133707
    0.401961    0.301403    0.000000    0.000000    0.000000       -3.317815        1.000000   20.959316    3.168937    0.909156   28.133707
    0.411765    0.301403    0.000000    0.000000    0.000000       -3.317815        1.000000   21.481658    3.247654    0.909156   28.133707
    0.421569    0.301403    0.000000   -0.000000    0.000000       -3.317815        1.000000   22.003999    3.326372    0.909156   28.133707
    0.431373    0.301403    0.000000   -0.000000    0.000000       -3.317815        1.000000   22.526340    3.405090    0.909156   28.133707
    0.441176    0.301403    0.000000   -0.000000    0.000000       -3.317815        1.000000   23.048682    3.483808    0.909156   28.133707
    0.450980    0.301403    0.000000    0.000000    0.000000       -3.317815        1.000000   23.571023    3.562525    0.909156   28.133707
    0.460784    0.301403    0.000000   -0.000000    0.000000       -3.317815        1.000000   24.093365    3.641243    0.909156   28.133707
    0.470588    0.301403    0.000000   -0.000000    0.000000       -3.317815        1.000000   24.615706    3.719961    0.909156   28.133707
    0.480392    0.301403    0.000000    0.000000    0.000000       -3.317815        1.000000   25.138047    3.798678    0.909156   28.133707
    0.490196    0.301403    0.000000   -0.000000    0.000000       -3.317815        1.000000   25.660389    3.877396    0.909156   28.133707
    0.500000    0.301403    0.000000   -0.000000    0.000000       -3.317815        1.000000   26.182730    3.956114    0.909156   28.133707
    0.509804    0.301403    0.000000    0.000000    0.000000       -3.317815        1.000000   26.705072    4.034831    0.909156   28.133707
    0.519608    0.301403    0.000000    0.000000    0.000000       -3.317815        1.000000   27.227413    4.113549    0.909156   28.133707
    0.529412    0.301403    0.000000    0.000000    0.000000       -3.317815        1.000000   27.749754    4.192267    0.909156   28.133707
    0.539216    0.301403    0.000000    0.000000    0.000000       -3.317815        1.000000   28.272096    4.270984    0.909156   28.133707
    0.549020    0.301403    0.000000   -0.000000    0.000000       -3.317815        1.000000   28.794437    4.349702    0.909156   28.133707
    0.558824    0.301403    0.000000   -0.000000    0.000000       -3.317815        1.000000   29.316779    4.428420    0.909156   28.133707
    0.568627    0.301403    0.000000    0.000000    0.000000       -3.317815        1.000000   29.839120    4.507137    0.909156   28.133707
    0.578431    0.301403    0.000000    0.000000    0.000000       -3.317815        1.000000   30.361461    4.585855    0.909156   28.133707
    0.588235    0.301403    0.000000    0.000000    0.000000       -3.317815        1.000000   30.883803    4.664573    0.909156   28.133707
    0.598039    0.301403    0.000000   -0.000000    0.000000       -3.317815        1.000000   31.406144    4.743290    0.909156   28.133707
    0.607843    0.301403    0.000000    0.000000    0.000000       -3.317815        1.000000   31.928486    4.822008    0.909156   28.133707
    0.617647    0.301403    0.000000    0.000000    0.000000       -3.317815        1.000000   32.450827    4.900726    0.909156   28.133707
    0.627451    0.301403    0.000000    0.000000    0.000000       -3.317815        1.000000   32.973168    4.979443    0.909156   28.133707
    0.637255    0.301403    0.000000    0.000000    0.000000       -3.317815        1.000000   33.495510    5.058161    0.909156   28.133707
    0.647059    0.301403    0.000000    0.000000    0.000000       -3.317815        1.000000   34.017851    5.136879    0.909156   28.133707
    0.656863    0.301403    0.000000    0.000000    0.000000       -3.317815        1.000000   34.540193    5.215596    0.909156   28.133707
    0.666667    0.301403    0.000000   -0.000000    0.000000       -3.317815        1.000000   35.062534    5.294314    0.909156   28.133707
    0.676471    0.301403    0.000000    0.000000    0.000000       -3.317815        1.000000   35.584875    5.373032    0.909156   28.133707
    0.686275    0.301403    0.000000    0.000000    0.000000       -3.317815        1.000000   36.107217    5.451749    0.909156   28.133707
    0.696078    0.301403    0.000000    0.000000    0.000000       -3.317815        1.000000   36.629558    5.530467    0.909156   28.133707
    0.705882    0.301403    0.000000    0.000000    0.000000       -3.317815        1.000000   37.151899    5.609185    0.909156   28.133707
    0.715686    0.301403    0.000000    0.000000    0.000000       -3.317815        1.000000   37.674241    5.687902    0.909156   28.133707
    0.725490    0.301403    0.000000    0.000000    0.000000       -3.317815        1.000000   38.196582    5.766620    0.909156   28.133707
    0.735294    0.301403    0.000000    0.000000    0.000000       -3.317815        1.000000   38.718924    5.845338    0.909156   28.133707
    0.745098    0.301403    0.000000    0.000000    0.000000       -3.317815        1.000000   39.241265    5.924055    0.909156   28.133707
    0.754902    0.301403    0.000000    0.000000    0.000000       -3.317815        1.000000   39.763606    6.002773    0.909156   28.133707
    0.764706    0.301403    0.000000    0.000000    0.000000       -3.317815        1.000000   40.285948    6.081491    0.909156   28.133707
    0.774510    0.301403    0.000000   -0.000000    0.000000       -3.317815        1.000000   40.808289    6.160208    0.909156   28.133707
    0.784314    0.301403    0.000000   -0.000000    0.000000       -3.317815        1.000000   41.330631    6.238926    0.909156   28.133707
    0.794118    0.301403    0.000000   -0.000000    0.000000       -3.317815        1.000000   41.852972    6.317644    0.909156   28.133707
    0.803922    0.301403    0.000000   -0.000000    0.000000       -3.317815        1.000000   42.375313    6.396361    0.909156   28.133707
    0.813725    0.301403    0.000000   -0.000000    0.000000       -3.317815        1.000000   42.897655    6.475079    0.909156   28.133707
    0.823529    0.301403    0.000000   -0.000000    0.000000       -3.317815        1.000000   43.419996    6.553797    0.909156   28.133707
    0.833333    0.301403    0.000000   -0.000000    0.000000       -3.317815        1.000000   43.942338    6.632514    0.909156   28.133707
    0.843137    0.301403    0.000000   -0.000000    0.000000       -3.317815        1.000000   44.464679    6.711232    0.909156   28.133707
    0.852941    0.301403    0.000000   -0.000000    0.000000       -3.317815        1.000000   44.987020    6.789950    0.909156   28.133707
    0.862745    0.301403    0.000000   -0.000000    0.000000       -3.317815        1.000000   45.509362    6.868667    0.909156   28.133707
    0.872549    0.301403    0.000000   -0.000000    0.000000       -3.317815        1.000000   46.031703    6.947385    0.909156   28.133707
    0.882353    0.301403    0.000000   -0.000000    0.000000       -3.317815        1.000000   46.554045    7.026103    0.909156   28.133707
    0.892157    0.301403    0.000000   -0.000000    0.000000       -3.317816        1.000000   47.076386    7.104820    0.909156   28.133707
    0.901961    0.301403    0.000000   -0.000002    0.000000       -3.317818        1.000000   47.598727    7.183538    0.909156   28.133707
    0.911765    0.301403    0.000001   -0.000008    0.000000       -3.317826        1.000000   48.121068    7.262256    0.909156   28.133707
    0.921569    0.301402    0.000007   -0.000041    0.000000       -3.317870        1.000000   48.643408    7.340973    0.909156   28.133707
    0.931373    0.301397    0.000035   -0.000205    0.000000       -3.318087        1.000000   49.165738    7.419689    0.909156   28.133707
    0.941176    0.301373    0.000175   -0.001020    0.000000       -3.319166        1.000000   49.688028    7.498399    0.909156   28.133707
    0.950980    0.301253    0.000873   -0.005080    0.000000       -3.324545        1.000000   50.210109    7.577078    0.909156   28.133707
    0.960784    0.300657    0.004345   -0.025272    0.000000       -3.351295        1.000000   50.731157    7.655601    0.909156   28.133707
    0.970588    0.297690    0.021571   -0.125046    0.000000       -3.483460        1.000000   51.247064    7.733351    0.909156   28.133707
    0.980392    0.283075    0.105624   -0.601498    0.000000       -4.114449        1.000000   51.737641    7.807247    0.909156   28.133707
    0.990196    0.215104    0.480860   -2.477745    0.000000       -6.599454        1.000000   52.110424    7.863001    0.909156   28.133707
    1.000000    0.000000    1.570796   -4.927060    0.000000       -9.854121        1.000000   52.110424    7.874926    0.909156   28.133707
