           t           r         psi          cs          qs               p             sig           A           V          Q2           S
    0.000000    0.000000   -1.570796   -0.995930    0.000000       -1.991860        1.000000    0.000000   -0.000000    0.016238    4.342930
    0.009804    0.042565   -1.528392   -0.995933    0.000000       -1.991864        1.000000    0.000000    0.000003    0.016238    4.342930
    0.019608    0.085053   -1.485987   -0.995941    0.000000       -1.991874        1.000000    0.022754    0.000041    0.016238    4.342930
    0.029412    0.127389   -1.443582   -0.995955    0.000000       -1.991893        1.000000    0.056833    0.000207    0.016238    4.342930
    0.039216    0.169495   -1.401176   -0.995975    0.000000       -1.991919        1.000000    0.102178    0.000652    0.016238    4.342930
    0.049020    0.211297   -1.358769   -0.996001    0.000000       -1.991955        1.000000    0.158705    0.001583    0.016238    4.342930
    0.058824    0.252719   -1.316361   -0.996036    0.000000       -1.992000        1.000000    0.226313    0.003261    0.016238    4.342930
    0.068627    0.293687   -1.273951   -0.996080    0.000000       -1.992056        1.000000    0.304881    0.005994    0.016238    4.342930
    0.078431    0.334126   -1.231539   -0.996133    0.000000       -1.992126        1.000000    0.394268    0.010133    0.016238    4.342930
    0.088235    0.373964   -1.189125   -0.996199    0.000000       -1.992210        1.000000    0.494312    0.016067    0.016238    4.342930
    0.098039    0.413130   -1.146707   -0.996280    0.000000       -1.992313        1.000000    0.604834    0.024212    0.016238    4.342930
    0.107843    0.451553   -1.104286   -0.996379    0.000000       -1.992436        1.000000    0.725635    0.035005    0.016238    4.342930
    0.117647    0.489163   -1.061860   -0.996498    0.000000       -1.992585        1.000000    0.856498    0.048898    0.016238    4.342930
    0.127451    0.525894   -1.019428   -0.996644    0.000000       -1.992765        1.000000    0.997187    0.066347    0.016238    4.342930
    0.137255    0.561678   -0.976989   -0.996823    0.000000       -1.992982        1.000000    1.147450    0.087806    0.016238    4.342930
    0.147059    0.596451   -0.934542   -0.997042    0.000000       -1.993246        1.000000    1.307014    0.113714    0.016238    4.342930
    0.156863    0.630150   -0.892085   -0.997313    0.000000       -1.993569        1.000000    1.475594    0.144492    0.016238    4.342930
    0.166667    0.662714   -0.849615   -0.997649    0.000000       -1.993965        1.000000    1.652886    0.180529    0.016238    4.342930
    0.176471    0.694084   -0.807129   -0.998071    0.000000       -1.994456        1.000000    1.838570    0.222181    0.016238    4.342930
    0.186275    0.724204   -0.764622   -0.998603    0.000000       -1.995068        1.000000    2.032312    0.269755    0.016238    4.342930
    0.196078    0.753017   -0.722090   -0.999281    0.000000       -1.995841        1.000000    2.233762    0.323510    0.016238    4.342930
    0.205882    0.780470   -0.679525   -1.000158    0.000000       -1.996828        1.000000    2.442556    0.383648    0.016238    4.342930
    0.215686    0.806514   -0.636917   -1.001304    0.000000       -1.998104        1.000000    2.658318    0.450306    0.016238    4.342930
    0.225490    0.831098   -0.594253   -1.002826    0.000000       -1.999780        1.000000    2.880657    0.523556    0.016238    4.342930
    0.235294    0.854176   -0.551514   -1.004883    0.000000       -2.002023        1.000000    3.109169    0.603401    0.016238    4.342930
    0.245098    0.875703   -0.508671   -1.007722    0.000000       -2.005084        1.000000    3.343440    0.689770    0.016238    4.342930
    0.254902    0.895634   -0.465684   -1.011730    0.000000       -2.009364        1.000000    3.583044    0.782519    0.016238    4.342930
    0.264706    0.913926   -0.422491   -1.017551    0.000000       -2.015520        1.000000    3.827541    0.881431    0.016238    4.342930
    0.274510    0.930535   -0.378993   -1.026278    0.000000       -2.024669        1.000000    4.076481    0.986214    0.016238    4.342930
    0.284314    0.945416   -0.335029   -1.039868    0.000000       -2.038794        1.000000    4.329403    1.096508    0.016238    4.342930
    0.294118    0.958515   -0.290324   -1.061958    0.000000       -2.061578        1.000000    4.585828    1.211881    0.016238    4.342930
    0.303922    0.969768   -0.244381   -1.099534    0.000000       -2.100070        1.000000    4.845264    1.331833    0.016238    4.342930
    0.313725    0.979082   -0.196291   -1.165634    0.000000       -2.167385        1.000000    5.107192    1.455797    0.016238    4.342930
    0.323529    0.986317   -0.144460   -1.277377    0.000000       -2.280688        1.000000    5.371056    1.583126    0.016238    4.342930
    0.333333    0.991257   -0.087252   -1.397952    0.000000       -2.402934        1.000000    5.636241    1.713058    0.016238    4.342930
    0.343137    0.993717   -0.029613   -1.217220    0.000000       -2.223102        1.000000    5.902084    1.844634    0.016238    4.342930
    0.352941    0.994056    0.008977   -0.563761    0.000000       -1.569701        1.000000    6.168017    1.976789    0.016238    4.342930
    0.362745    0.993341    0.021027   -0.062246    0.000000       -1.068727        1.000000    6.433760    2.108862    0.016238    4.342930
    0.372549    0.992465    0.018745    0.131252    0.000000       -0.876163        1.000000    6.699268    2.240702    0.016238    4.342930
    0.382353    0.991805    0.012028    0.168233    0.000000       -0.839956        1.000000    6.964599    2.372346    0.016238    4.342930
    0.392157    0.991440    0.005289    0.142243    0.000000       -0.866376        1.000000    7.229833    2.503865    0.016238    4.342930
    0.401961    0.991331    0.000212    0.094703    0.000000       -0.914042        1.000000    7.495038    2.635327    0.016238    4.342930
    0.411765    0.991392   -0.002757    0.045583    0.000000       -0.963096        1.000000    7.760259    2.766784    0.016238    4.342930
    0.421569    0.991538   -0.003805    0.005839    0.000000       -1.002688        1.000000    8.025519    2.898271    0.016238    4.342930
    0.431373    0.991696   -0.003466   -0.019124    0.000000       -1.027491        1.000000    8.290822    3.029799    0.016238    4.342930
    0.441176    0.991823   -0.002395   -0.028837    0.000000       -1.037078        1.000000    8.556158    3.161366    0.016238    4.342930
    0.450980    0.991898   -0.001177   -0.026856    0.000000       -1.035023        1.000000    8.821514    3.292960    0.016238    4.342930
    0.460784    0.991926   -0.000197   -0.018641    0.000000       -1.026780        1.000000    9.086878    3.424568    0.016238    4.342930
    0.470588    0.991921    0.000393   -0.009177    0.000000       -1.017322        1.000000    9.352241    3.556179    0.016238    4.342930
    0.480392    0.991898    0.000613   -0.001608    0.000000       -1.009775        1.000000    9.617597    3.687785    0.016238    4.342930
    0.490196    0.991872    0.000574    0.002888    0.000000       -1.005306        1.000000    9.882947    3.819385    0.016238    4.342930
    0.500000    0.991851    0.000408    0.004495    0.000000       -1.003721        1.000000   10.148291    3.950979    0.016238    4.342930
    0.509804    0.991838    0.000221    0.004046    0.000000       -1.004183        1.000000   10.413631    4.082568    0.016238    4.342930
    0.519608    0.991832    0.000079    0.002468    0.000000       -1.005768        1.000000   10.678970    4.214154    0.016238    4.342930
    0.529412    0.991830    0.000016    0.000458    0.000000       -1.007779        1.000000   10.944308    4.345739    0.016238    4.342930
    0.539216    0.991829    0.000042   -0.001671    0.000000       -1.009909        1.000000   11.209646    4.477324    0.016238    4.342930
    0.549020    0.991825    0.000162   -0.004043    0.000000       -1.012285        1.000000   11.474983    4.608909    0.016238    4.342930
    0.558824    0.991814    0.000398   -0.007253    0.000000       -1.015507        1.000000   11.740316    4.740491    0.016238    4.342930
    0.568627    0.991789    0.000808   -0.012462    0.000000       -1.020741        1.000000   12.005644    4.872069    0.016238    4.342930
    0.578431    0.991741    0.001515   -0.021630    0.000000       -1.029957        1.000000   12.270958    5.003638    0.016238    4.342930
    0.588235    0.991652    0.002750   -0.037934    0.000000       -1.046349        1.000000   12.536249    5.135188    0.016238    4.342930
    0.598039    0.991493    0.004915   -0.066310    0.000000       -1.074877        1.000000   12.801497    5.266706    0.016238    4.342930
    0.607843    0.991211    0.008666   -0.113692    0.000000       -1.122520        1.000000   13.066669    5.398165    0.016238    4.342930
    0.617647    0.990719    0.014978   -0.187867    0.000000       -1.197122        1.000000   13.331710    5.529518    0.016238    4.342930
    0.627451    0.989882    0.025113   -0.293365    0.000000       -1.303269        1.000000   13.596527    5.660681    0.016238    4.342930
    0.637255    0.988509    0.040337   -0.424976    0.000000       -1.435778        1.000000   13.860977    5.791513    0.016238    4.342930
    0.647059    0.986364    0.061427   -0.565253    0.000000       -1.577165        1.000000   14.124853    5.921787    0.016238    4.342930
    0.656863    0.983199    0.088284   -0.692598    0.000000       -1.705725        1.000000   14.387882    6.051171    0.016238    4.342930
    0.666667    0.978788    0.120024   -0.793442    0.000000       -1.807763        1.000000   14.649732    6.179229    0.016238    4.342930
    0.676471    0.972953    0.155444   -0.865966    0.000000       -1.881372        1.000000   14.910020    6.305438    0.016238    4.342930
    0.686275    0.965572    0.193436   -0.915325    0.000000       -1.931666        1.000000   15.168333    6.429228    0.016238    4.342930
    0.696078    0.956564    0.233155   -0.948151    0.000000       -1.965272        1.000000   15.424237    6.550010    0.016238    4.342930
    0.705882    0.945886    0.274021   -0.969935    0.000000       -1.987701        1.000000   15.677284    6.667203    0.016238    4.342930
    0.715686    0.933517    0.315649   -0.984536    0.000000       -2.002831        1.000000   15.927022    6.780256    0.016238    4.342930
    0.725490    0.919452    0.357794   -0.994481    0.000000       -2.013209        1.000000   16.172997    6.888658    0.016238    4.342930
    0.735294    0.903699    0.400292   -1.001379    0.000000       -2.020466        1.000000   16.414758    6.991953    0.016238    4.342930
    0.745098    0.886275    0.443038   -1.006257    0.000000       -2.025640        1.000000   16.651858    7.089744    0.016238    4.342930
    0.754902    0.867203    0.485961   -1.009769    0.000000       -2.029400        1.000000   16.883855    7.181702    0.016238    4.342930
    0.764706    0.846513    0.529012   -1.012341    0.000000       -2.032180        1.000000   17.110318    7.267566    0.016238    4.342930
    0.774510    0.824239    0.572158   -1.014256    0.000000       -2.034270        1.000000   17.330821    7.347151    0.016238    4.342930
    0.784314    0.800419    0.615375   -1.015702    0.000000       -2.035864        1.000000   17.544952    7.420343    0.016238    4.342930
    0.794118    0.775096    0.658646   -1.016808    0.000000       -2.037097        1.000000   17.752309    7.487104    0.016238    4.342930
    0.803922    0.748316    0.701958   -1.017664    0.000000       -2.038062        1.000000   17.952501    7.547468    0.016238    4.342930
    0.813725    0.720127    0.745303   -1.018334    0.000000       -2.038825        1.000000   18.145152    7.601539    0.016238    4.342930
    0.823529    0.690581    0.788673   -1.018864    0.000000       -2.039435        1.000000   18.329899    7.649488    0.016238    4.342930
    0.833333    0.659735    0.832063   -1.019286    0.000000       -2.039926        1.000000   18.506394    7.691545    0.016238    4.342930
    0.843137    0.627644    0.875470   -1.019624    0.000000       -2.040325        1.000000   18.674304    7.727997    0.016238    4.342930
    0.852941    0.594369    0.918889   -1.019898    0.000000       -2.040651        1.000000   18.833312    7.759179    0.016238    4.342930
    0.862745    0.559972    0.962319   -1.020121    0.000000       -2.040919        1.000000   18.983118    7.785467    0.016238    4.342930
    0.872549    0.524519    1.005757   -1.020302    0.000000       -2.041140        1.000000   19.123439    7.807271    0.016238    4.342930
    0.882353    0.488075    1.049203   -1.020451    0.000000       -2.041323        1.000000   19.254011    7.825025    0.016238    4.342930
    0.892157    0.450710    1.092654   -1.020573    0.000000       -2.041475        1.000000   19.374587    7.839177    0.016238    4.342930
    0.901961    0.412494    1.136110   -1.020673    0.000000       -2.041601        1.000000   19.484938    7.850183    0.016238    4.342930
    0.911765    0.373498    1.179570   -1.020756    0.000000       -2.041705        1.000000   19.584858    7.858496    0.016238    4.342930
    0.921569    0.333797    1.223032   -1.020824    0.000000       -2.041792        1.000000   19.674157    7.864558    0.016238    4.342930
    0.931373    0.293466    1.266498   -1.020879    0.000000       -2.041863        1.000000   19.752666    7.868790    0.016238    4.342930
    0.941176    0.252580    1.309966   -1.020923    0.000000       -2.041921        1.000000   19.820237    7.871587    0.016238    4.342930
    0.950980    0.211216    1.353435   -1.020959    0.000000       -2.041967        1.000000   19.876742    7.873304    0.016238    4.342930
    0.960784    0.169454    1.396906   -1.020986    0.000000       -2.042003        1.000000   19.922075    7.874258    0.016238    4.342930
    0.970588    0.127371    1.440378   -1.021007    0.000000       -2.042030        1.000000   19.956150    7.874713    0.016238    4.342930
    0.980392    0.085048    1.483850   -1.021021    0.000000       -2.042049        1.000000   19.978903    7.874884    0.016238    4.342930
    0.990196    0.042564    1.527323   -1.021029    0.000000       -2.042060        1.000000   19.990290    7.874923    0.016238    4.342930
    1.000000    0.000000    1.570796   -1.021032    0.000000       -2.042064        1.000000   19.990290    7.874926    0.016238    4.342930
