           t           r         psi          cs          qs               p             sig           A           V          Q2           S
    0.000000    0.000000   -1.570796   -0.990855    0.000000       -1.981709        1.000000    0.000000    0.000000    0.092327    4.493737
    0.009804    0.044042   -1.527142   -0.990900    0.000000       -1.981769        1.000000    0.000000    0.000003    0.092327    4.493737
    0.019608    0.088001   -1.483484   -0.991037    0.000000       -1.981952        1.000000    0.024360    0.000047    0.092327    4.493737
    0.029412    0.131791   -1.439818   -0.991271    0.000000       -1.982262        1.000000    0.060841    0.000236    0.092327    4.493737
    0.039216    0.175331   -1.396139   -0.991610    0.000000       -1.982711        1.000000    0.109375    0.000743    0.092327    4.493737
    0.049020    0.218536   -1.352443   -0.992066    0.000000       -1.983310        1.000000    0.169869    0.001804    0.092327    4.493737
    0.058824    0.261323   -1.308724   -0.992654    0.000000       -1.984078        1.000000    0.242207    0.003715    0.092327    4.493737
    0.068627    0.303612   -1.264976   -0.993394    0.000000       -1.985040        1.000000    0.326251    0.006827    0.092327    4.493737
    0.078431    0.345321   -1.221191   -0.994314    0.000000       -1.986224        1.000000    0.421840    0.011537    0.092327    4.493737
    0.088235    0.386368   -1.177361   -0.995445    0.000000       -1.987669        1.000000    0.528792    0.018285    0.092327    4.493737
    0.098039    0.426675   -1.133476   -0.996829    0.000000       -1.989420        1.000000    0.646901    0.027540    0.092327    4.493737
    0.107843    0.466162   -1.089524   -0.998520    0.000000       -1.991539        1.000000    0.775941    0.039795    0.092327    4.493737
    0.117647    0.504752   -1.045489   -1.000583    0.000000       -1.994098        1.000000    0.915664    0.055556    0.092327    4.493737
    0.127451    0.542369   -1.001353   -1.003105    0.000000       -1.997195        1.000000    1.065799    0.075331    0.092327    4.493737
    0.137255    0.578936   -0.957094   -1.006195    0.000000       -2.000948        1.000000    1.226056    0.099624    0.092327    4.493737
    0.147059    0.614378   -0.912684   -1.009996    0.000000       -2.005514        1.000000    1.396124    0.128920    0.092327    4.493737
    0.156863    0.648621   -0.868088   -1.014693    0.000000       -2.011095        1.000000    1.575671    0.163678    0.092327    4.493737
    0.166667    0.681591   -0.823260   -1.020530    0.000000       -2.017951        1.000000    1.764345    0.204319    0.092327    4.493737
    0.176471    0.713215   -0.778145   -1.027828    0.000000       -2.026428        1.000000    1.961773    0.251220    0.092327    4.493737
    0.186275    0.743418   -0.732668   -1.037017    0.000000       -2.036983        1.000000    2.167561    0.304702    0.092327    4.493737
    0.196078    0.772124   -0.686735   -1.048671    0.000000       -2.050220        1.000000    2.381295    0.365024    0.092327    4.493737
    0.205882    0.799256   -0.640220   -1.063560    0.000000       -2.066948        1.000000    2.602540    0.432373    0.092327    4.493737
    0.215686    0.824732   -0.592959   -1.082711    0.000000       -2.088239        1.000000    2.830837    0.506860    0.092327    4.493737
    0.225490    0.848465   -0.544737   -1.107476    0.000000       -2.115489        1.000000    3.065704    0.588509    0.092327    4.493737
    0.235294    0.870358   -0.495270   -1.139555    0.000000       -2.150451        1.000000    3.306631    0.677255    0.092327    4.493737
    0.245098    0.890303   -0.444192   -1.180887    0.000000       -2.195101        1.000000    3.553079    0.772932    0.092327    4.493737
    0.254902    0.908178   -0.391058   -1.233109    0.000000       -2.251089        1.000000    3.804475    0.875265    0.092327    4.493737
    0.264706    0.923838   -0.335381   -1.295940    0.000000       -2.318073        1.000000    4.060205    0.983852    0.092327    4.493737
    0.274510    0.937122   -0.276797   -1.363298    0.000000       -2.389776        1.000000    4.319614    1.098146    0.092327    4.493737
    0.284314    0.947863   -0.215460   -1.416132    0.000000       -2.446743        1.000000    4.581995    1.217422    0.092327    4.493737
    0.294118    0.955928   -0.152796   -1.415465    0.000000       -2.449381        1.000000    4.846609    1.340754    0.092327    4.493737
    0.303922    0.961295   -0.092274   -1.311338    0.000000       -2.347175        1.000000    5.112708    1.467033    0.092327    4.493737
    0.313725    0.964150   -0.039108   -1.083292    0.000000       -2.119682        1.000000    5.379598    1.595081    0.092327    4.493737
    0.323529    0.964918    0.002000   -0.776365    0.000000       -1.812721        1.000000    5.646700    1.723856    0.092327    4.493737
    0.333333    0.964178    0.029338   -0.470949    0.000000       -1.507656        1.000000    5.913598    1.852628    0.092327    4.493737
    0.343137    0.962515    0.044362   -0.222962    0.000000       -1.260885        1.000000    6.180035    1.980996    0.092327    4.493737
    0.352941    0.960407    0.050051   -0.046881    0.000000       -1.086802        1.000000    6.445889    2.108799    0.092327    4.493737
    0.362745    0.958199    0.049414    0.066632    0.000000       -0.975719        1.000000    6.711131    2.236009    0.092327    4.493737
    0.372549    0.956112    0.044869    0.133135    0.000000       -0.911715        1.000000    6.975796    2.362663    0.092327    4.493737
    0.382353    0.954278    0.038168    0.166548    0.000000       -0.880601        1.000000    7.239953    2.488829    0.092327    4.493737
    0.392157    0.952763    0.030524    0.177364    0.000000       -0.871726        1.000000    7.503691    2.614586    0.092327    4.493737
    0.401961    0.951590    0.022761    0.173033    0.000000       -0.877567        1.000000    7.767104    2.740019    0.092327    4.493737
    0.411765    0.950752    0.015423    0.158788    0.000000       -0.892886        1.000000    8.030285    2.865210    0.092327    4.493737
    0.421569    0.950220    0.008860    0.138355    0.000000       -0.913991        1.000000    8.293319    2.990234    0.092327    4.493737
    0.431373    0.949957    0.003282    0.114459    0.000000       -0.938215        1.000000    8.556280    3.115161    0.092327    4.493737
    0.441176    0.949915   -0.001205    0.089150    0.000000       -0.963575        1.000000    8.819229    3.240052    0.092327    4.493737
    0.450980    0.950046   -0.004575    0.064006    0.000000       -0.988564        1.000000    9.082215    3.364955    0.092327    4.493737
    0.460784    0.950302   -0.006865    0.040243    0.000000       -1.012029        1.000000    9.345271    3.489909    0.092327    4.493737
    0.470588    0.950636   -0.008155    0.018772    0.000000       -1.033120        1.000000    9.608420    3.614939    0.092327    4.493737
    0.480392    0.951008   -0.008562    0.000215    0.000000       -1.051263        1.000000    9.871672    3.740063    0.092327    4.493737
    0.490196    0.951380   -0.008222   -0.015091    0.000000       -1.066160        1.000000   10.135027    3.865285    0.092327    4.493737
    0.500000    0.951723   -0.007281   -0.027093    0.000000       -1.077790        1.000000   10.398477    3.990603    0.092327    4.493737
    0.509804    0.952015   -0.005880   -0.036013    0.000000       -1.086399        1.000000   10.662007    4.116005    0.092327    4.493737
    0.519608    0.952236   -0.004146   -0.042327    0.000000       -1.092477        1.000000   10.925599    4.241477    0.092327    4.493737
    0.529412    0.952376   -0.002179   -0.046717    0.000000       -1.096720        1.000000   11.189230    4.366998    0.092327    4.493737
    0.539216    0.952426   -0.000045   -0.050033    0.000000       -1.099984        1.000000   11.452874    4.492544    0.092327    4.493737
    0.549020    0.952378    0.002228   -0.053232    0.000000       -1.103232        1.000000   11.716506    4.618091    0.092327    4.493737
    0.558824    0.952227    0.004658   -0.057336    0.000000       -1.107494        1.000000   11.980095    4.743611    0.092327    4.493737
    0.568627    0.951965    0.007309   -0.063399    0.000000       -1.113830        1.000000   12.243612    4.869075    0.092327    4.493737
    0.578431    0.951579    0.010289   -0.072485    0.000000       -1.123314        1.000000   12.507022    4.994452    0.092327    4.493737
    0.588235    0.951051    0.013755   -0.085649    0.000000       -1.137018        1.000000   12.770286    5.119704    0.092327    4.493737
    0.598039    0.950357    0.017911   -0.103930    0.000000       -1.155997        1.000000   13.033357    5.244790    0.092327    4.493737
    0.607843    0.949459    0.023003   -0.128312    0.000000       -1.181265        1.000000   13.296181    5.369657    0.092327    4.493737
    0.617647    0.948312    0.029319   -0.159678    0.000000       -1.213730        1.000000   13.558686    5.494240    0.092327    4.493737
    0.627451    0.946854    0.037185   -0.198708    0.000000       -1.254108        1.000000   13.820788    5.618456    0.092327    4.493737
    0.637255    0.945008    0.046946   -0.245754    0.000000       -1.302779        1.000000   14.082379    5.742201    0.092327    4.493737
    0.647059    0.942686    0.058955   -0.300678    0.000000       -1.359634        1.000000   14.343327    5.865339    0.092327    4.493737
    0.656863    0.939779    0.073544   -0.362723    0.000000       -1.423926        1.000000   14.603471    5.987702    0.092327    4.493737
    0.666667    0.936170    0.090999   -0.430443    0.000000       -1.494205        1.000000   14.862615    6.109078    0.092327    4.493737
    0.676471    0.931728    0.111525   -0.501768    0.000000       -1.568375        1.000000   15.120530    6.229207    0.092327    4.493737
    0.686275    0.926318    0.135228   -0.574219    0.000000       -1.643906        1.000000   15.376948    6.347779    0.092327    4.493737
    0.696078    0.919804    0.162100   -0.645228    0.000000       -1.718164        1.000000   15.631562    6.464433    0.092327    4.493737
    0.705882    0.912055    0.192025   -0.712492    0.000000       -1.788765        1.000000   15.884031    6.578760    0.092327    4.493737
    0.715686    0.902949    0.224798   -0.774243    0.000000       -1.853860        1.000000   16.133979    6.690312    0.092327    4.493737
    0.725490    0.892381    0.260148   -0.829385    0.000000       -1.912277        1.000000   16.381003    6.798611    0.092327    4.493737
    0.735294    0.880258    0.297773   -0.877480    0.000000       -1.963517        1.000000   16.624670    6.903169    0.092327    4.493737
    0.745098    0.866508    0.337363   -0.918627    0.000000       -2.007631        1.000000   16.864531    7.003502    0.092327    4.493737
    0.754902    0.851077    0.378620   -0.953301    0.000000       -2.045065        1.000000   17.100121    7.099146    0.092327    4.493737
    0.764706    0.833929    0.421276   -0.982189    0.000000       -2.076489        1.000000   17.330963    7.189672    0.092327    4.493737
    0.774510    0.815042    0.465090   -1.006061    0.000000       -2.102669        1.000000   17.556578    7.274705    0.092327    4.493737
    0.784314    0.794410    0.509860   -1.025681    0.000000       -2.124374        1.000000   17.776481    7.353932    0.092327    4.493737
    0.794118    0.772042    0.555413   -1.041754    0.000000       -2.142318        1.000000   17.990193    7.427113    0.092327    4.493737
    0.803922    0.747957    0.601608   -1.054900    0.000000       -2.157137        1.000000   18.197238    7.494085    0.092327    4.493737
    0.813725    0.722185    0.648328   -1.065650    0.000000       -2.169376        1.000000   18.397149    7.554772    0.092327    4.493737
    0.823529    0.694765    0.695477   -1.074446    0.000000       -2.179494        1.000000   18.589469    7.609180    0.092327    4.493737
    0.833333    0.665744    0.742977   -1.081652    0.000000       -2.187871        1.000000   18.773756    7.657401    0.092327    4.493737
    0.843137    0.635178    0.790765   -1.087566    0.000000       -2.194818        1.000000   18.949582    7.699605    0.092327    4.493737
    0.852941    0.603127    0.838789   -1.092427    0.000000       -2.200592        1.000000   19.116535    7.736040    0.092327    4.493737
    0.862745    0.569660    0.887009   -1.096431    0.000000       -2.205397        1.000000   19.274225    7.767021    0.092327    4.493737
    0.872549    0.534849    0.935388   -1.099732    0.000000       -2.209403        1.000000   19.422278    7.792922    0.092327    4.493737
    0.882353    0.498771    0.983900   -1.102457    0.000000       -2.212745        1.000000   19.560345    7.814167    0.092327    4.493737
    0.892157    0.461508    1.032522   -1.104708    0.000000       -2.215533        1.000000   19.688097    7.831216    0.092327    4.493737
    0.901961    0.423147    1.081233   -1.106565    0.000000       -2.217858        1.000000   19.805230    7.844557    0.092327    4.493737
    0.911765    0.383776    1.130019   -1.108095    0.000000       -2.219792        1.000000   19.911464    7.854691    0.092327    4.493737
    0.921569    0.343488    1.178866   -1.109351    0.000000       -2.221394        1.000000   20.006546    7.862117    0.092327    4.493737
    0.931373    0.302377    1.227763   -1.110376    0.000000       -2.222712        1.000000   20.090248    7.867326    0.092327    4.493737
    0.941176    0.260542    1.276701   -1.111203    0.000000       -2.223785        1.000000   20.162370    7.870780    0.092327    4.493737
    0.950980    0.218081    1.325672   -1.111862    0.000000       -2.224645        1.000000   20.222737    7.872908    0.092327    4.493737
    0.960784    0.175097    1.374668   -1.112372    0.000000       -2.225316        1.000000   20.271207    7.874093    0.092327    4.493737
    0.970588    0.131692    1.423684   -1.112753    0.000000       -2.225819        1.000000   20.307661    7.874661    0.092327    4.493737
    0.980392    0.087971    1.472714   -1.113015    0.000000       -2.226168        1.000000   20.332013    7.874873    0.092327    4.493737
    0.990196    0.044039    1.521753   -1.113169    0.000000       -2.226373        1.000000   20.344203    7.874922    0.092327    4.493737
    1.000000    0.000000    1.570796   -1.113220    0.000000       -2.226440        1.000000   20.344203    7.874926    0.092327    4.493737
