           t           r         psi          cs          qs               p             sig           A           V          Q2           S
    0.000000   -0.000000   -1.570796   -1.677642    0.000000       -3.355285        1.000000    0.000000    0.000000    0.828434    9.687438
    0.009804    0.094567   -1.409248   -1.747492    0.000000       -3.448373        1.000000    0.000000    0.000107    0.828434    9.687438
    0.019608    0.186536   -1.234576   -1.951960    0.000000       -3.720631        1.000000    0.111315    0.001715    0.828434    9.687438
    0.029412    0.272583   -1.035096   -2.260966    0.000000       -4.133579        1.000000    0.273977    0.008603    0.828434    9.687438
    0.039216    0.348118   -0.804674   -2.580130    0.000000       -4.571828        1.000000    0.481715    0.026342    0.828434    9.687438
    0.049020    0.407585   -0.550507   -2.724473    0.000000       -4.815469        1.000000    0.724939    0.059932    0.828434    9.687438
    0.058824    0.446467   -0.298935   -2.504008    0.000000       -4.644482        1.000000    0.991366    0.109957    0.828434    9.687438
    0.068627    0.464198   -0.086742   -1.916963    0.000000       -4.063115        1.000000    1.268374    0.171076    0.828434    9.687438
    0.078431    0.464893    0.060268   -1.174125    0.000000       -3.321250        1.000000    1.545797    0.235729    0.828434    9.687438
    0.088235    0.454965    0.138495   -0.496697    0.000000       -2.673623        1.000000    1.817295    0.298655    0.828434    9.687438
    0.098039    0.440459    0.160201    0.007289    0.000000       -2.233999        1.000000    2.080136    0.357810    0.828434    9.687438
    0.107843    0.425874    0.143238    0.318929    0.000000       -2.005139        1.000000    2.334274    0.413099    0.828434    9.687438
    0.117647    0.414010    0.105052    0.459481    0.000000       -1.942607        1.000000    2.581332    0.465230    0.828434    9.687438
    0.127451    0.406167    0.060200    0.466323    0.000000       -1.991257        1.000000    2.823710    0.515146    0.828434    9.687438
    0.137255    0.402456    0.019297    0.383997    0.000000       -2.100286        1.000000    3.063873    0.563802    0.828434    9.687438
    0.147059    0.402174   -0.011350    0.257540    0.000000       -2.228786        1.000000    3.303869    0.612035    0.828434    9.687438
    0.156863    0.404211   -0.029457    0.125459    0.000000       -2.347422        1.000000    3.545079    0.660494    0.828434    9.687438
    0.166667    0.407396   -0.035870    0.014674    0.000000       -2.438361        1.000000    3.788191    0.709589    0.828434    9.687438
    0.176471    0.410740   -0.033369   -0.060964    0.000000       -2.494237        1.000000    4.033298    0.759492    0.828434    9.687438
    0.186275    0.413563   -0.025487   -0.099051    0.000000       -2.516275        1.000000    4.280090    0.810169    0.828434    9.687438
    0.196078    0.415517   -0.015568   -0.105261    0.000000       -2.511608        1.000000    4.528048    0.861451    0.828434    9.687438
    0.205882    0.416539   -0.006190   -0.089471    0.000000       -2.490164        1.000000    4.776615    0.913109    0.828434    9.687438
    0.215686    0.416761    0.001070   -0.062352    0.000000       -2.461806        1.000000    5.025315    0.964919    0.828434    9.687438
    0.225490    0.416423    0.005586   -0.032994    0.000000       -2.434361        1.000000    5.273813    1.016710    0.828434    9.687438
    0.235294    0.415784    0.007470   -0.007710    0.000000       -2.412738        1.000000    5.521930    1.068373    0.828434    9.687438
    0.245098    0.415070    0.007288    0.010180    0.000000       -2.398990        1.000000    5.769621    1.119864    0.828434    9.687438
    0.254902    0.414441    0.005796    0.019908    0.000000       -2.392940        1.000000    6.016936    1.171187    0.828434    9.687438
    0.264706    0.413987    0.003733    0.022499    0.000000       -2.393021        1.000000    6.263980    1.222375    0.828434    9.687438
    0.274510    0.413731    0.001685    0.019956    0.000000       -2.397069        1.000000    6.510872    1.273476    0.828434    9.687438
    0.284314    0.413654    0.000033    0.014543    0.000000       -2.402938        1.000000    6.757718    1.324536    0.828434    9.687438
    0.294118    0.413707   -0.001051    0.008277    0.000000       -2.408893        1.000000    7.004595    1.375595    0.828434    9.687438
    0.303922    0.413835   -0.001560    0.002633    0.000000       -2.413786        1.000000    7.251549    1.426677    0.828434    9.687438
    0.313725    0.413988   -0.001598   -0.001542    0.000000       -2.417067        1.000000    7.498595    1.477795    0.828434    9.687438
    0.323529    0.414129   -0.001322   -0.003974    0.000000       -2.418681        1.000000    7.745724    1.528950    0.828434    9.687438
    0.333333    0.414235   -0.000894   -0.004811    0.000000       -2.418902        1.000000    7.992916    1.580135    0.828434    9.687438
    0.343137    0.414298   -0.000447   -0.004451    0.000000       -2.418173        1.000000    8.240146    1.631342    0.828434    9.687438
    0.352941    0.414322   -0.000071   -0.003379    0.000000       -2.416963        1.000000    8.487390    1.682559    0.828434    9.687438
    0.362745    0.414315    0.000187   -0.002044    0.000000       -2.415666        1.000000    8.734631    1.733778    0.828434    9.687438
    0.372549    0.414290    0.000320   -0.000790    0.000000       -2.414558        1.000000    8.981856    1.784993    0.828434    9.687438
    0.382353    0.414258    0.000346    0.000176    0.000000       -2.413780        1.000000    9.229062    1.836201    0.828434    9.687438
    0.392157    0.414227    0.000298    0.000772    0.000000       -2.413365        1.000000    9.476250    1.887400    0.828434    9.687438
    0.401961    0.414202    0.000211    0.001016    0.000000       -2.413264        1.000000    9.723423    1.938593    0.828434    9.687438
    0.411765    0.414187    0.000114    0.000983    0.000000       -2.413386        1.000000    9.970587    1.989781    0.828434    9.687438
    0.421569    0.414180    0.000030    0.000777    0.000000       -2.413631        1.000000   10.217747    2.040966    0.828434    9.687438
    0.431373    0.414180   -0.000031    0.000496    0.000000       -2.413910        1.000000   10.464907    2.092150    0.828434    9.687438
    0.441176    0.414185   -0.000065    0.000220    0.000000       -2.414159        1.000000   10.712069    2.143335    0.828434    9.687438
    0.450980    0.414192   -0.000074   -0.000001    0.000000       -2.414341        1.000000   10.959236    2.194521    0.828434    9.687438
    0.460784    0.414199   -0.000067   -0.000145    0.000000       -2.414445        1.000000   11.206407    2.245709    0.828434    9.687438
    0.470588    0.414204   -0.000049   -0.000212    0.000000       -2.414479        1.000000   11.453582    2.296899    0.828434    9.687438
    0.480392    0.414208   -0.000029   -0.000215    0.000000       -2.414461        1.000000   11.700758    2.348090    0.828434    9.687438
    0.490196    0.414210   -0.000010   -0.000177    0.000000       -2.414413        1.000000   11.947936    2.399281    0.828434    9.687438
    0.500000    0.414210    0.000004   -0.000119    0.000000       -2.414353        1.000000   12.195113    2.450473    0.828434    9.687438
    0.509804    0.414209    0.000013   -0.000059    0.000000       -2.414298        1.000000   12.442290    2.501665    0.828434    9.687438
    0.519608    0.414208    0.000016   -0.000008    0.000000       -2.414256        1.000000   12.689467    2.552856    0.828434    9.687438
    0.529412    0.414206    0.000015    0.000026    0.000000       -2.414230        1.000000   12.936642    2.604047    0.828434    9.687438
    0.539216    0.414205    0.000011    0.000044    0.000000       -2.414220        1.000000   13.183817    2.655238    0.828434    9.687438
    0.549020    0.414204    0.000007    0.000047    0.000000       -2.414222        1.000000   13.430991    2.706428    0.828434    9.687438
    0.558824    0.414204    0.000003    0.000040    0.000000       -2.414231        1.000000   13.678165    2.757618    0.828434    9.687438
    0.568627    0.414204   -0.000000    0.000028    0.000000       -2.414244        1.000000   13.925339    2.808808    0.828434    9.687438
    0.578431    0.414204   -0.000002    0.000015    0.000000       -2.414256        1.000000   14.172513    2.859999    0.828434    9.687438
    0.588235    0.414204   -0.000003    0.000003    0.000000       -2.414266        1.000000   14.419687    2.911189    0.828434    9.687438
    0.598039    0.414204   -0.000003   -0.000005    0.000000       -2.414272        1.000000   14.666861    2.962379    0.828434    9.687438
    0.607843    0.414205   -0.000003   -0.000009    0.000000       -2.414275        1.000000   14.914035    3.013569    0.828434    9.687438
    0.617647    0.414205   -0.000002   -0.000011    0.000000       -2.414276        1.000000   15.161210    3.064760    0.828434    9.687438
    0.627451    0.414205   -0.000001   -0.000010    0.000000       -2.414274        1.000000   15.408384    3.115950    0.828434    9.687438
    0.637255    0.414205    0.000000   -0.000008    0.000000       -2.414273        1.000000   15.655559    3.167141    0.828434    9.687438
    0.647059    0.414205    0.000001   -0.000007    0.000000       -2.414271        1.000000   15.902734    3.218331    0.828434    9.687438
    0.656863    0.414205    0.000002   -0.000006    0.000000       -2.414271        1.000000   16.149908    3.269522    0.828434    9.687438
    0.666667    0.414204    0.000002   -0.000006    0.000000       -2.414273        1.000000   16.397082    3.320712    0.828434    9.687438
    0.676471    0.414204    0.000003   -0.000009    0.000000       -2.414277        1.000000   16.644257    3.371902    0.828434    9.687438
    0.686275    0.414204    0.000004   -0.000014    0.000000       -2.414284        1.000000   16.891431    3.423093    0.828434    9.687438
    0.696078    0.414203    0.000006   -0.000023    0.000000       -2.414295        1.000000   17.138604    3.474283    0.828434    9.687438
    0.705882    0.414203    0.000008   -0.000036    0.000000       -2.414313        1.000000   17.385778    3.525473    0.828434    9.687438
    0.715686    0.414202    0.000013   -0.000057    0.000000       -2.414339        1.000000   17.632951    3.576663    0.828434    9.687438
    0.725490    0.414200    0.000020   -0.000089    0.000000       -2.414380        1.000000   17.880122    3.627852    0.828434    9.687438
    0.735294    0.414198    0.000030   -0.000137    0.000000       -2.414442        1.000000   18.127293    3.679041    0.828434    9.687438
    0.745098    0.414194    0.000047   -0.000211    0.000000       -2.414536        1.000000   18.374461    3.730230    0.828434    9.687438
    0.754902    0.414189    0.000071   -0.000323    0.000000       -2.414681        1.000000   18.621626    3.781417    0.828434    9.687438
    0.764706    0.414180    0.000110   -0.000496    0.000000       -2.414903        1.000000   18.868786    3.832602    0.828434    9.687438
    0.774510    0.414167    0.000168   -0.000760    0.000000       -2.415243        1.000000   19.115938    3.883785    0.828434    9.687438
    0.784314    0.414147    0.000259   -0.001166    0.000000       -2.415765        1.000000   19.363079    3.934964    0.828434    9.687438
    0.794118    0.414117    0.000397   -0.001789    0.000000       -2.416567        1.000000   19.610201    3.986137    0.828434    9.687438
    0.803922    0.414070    0.000609   -0.002744    0.000000       -2.417796        1.000000   19.857295    4.037300    0.828434    9.687438
    0.813725    0.413998    0.000934   -0.004210    0.000000       -2.419682        1.000000   20.104345    4.088449    0.828434    9.687438
    0.823529    0.413887    0.001433   -0.006458    0.000000       -2.422575        1.000000   20.351330    4.139575    0.828434    9.687438
    0.833333    0.413717    0.002199   -0.009905    0.000000       -2.427011        1.000000   20.598214    4.190668    0.828434    9.687438
    0.843137    0.413456    0.003372   -0.015189    0.000000       -2.433810        1.000000   20.844942    4.241707    0.828434    9.687438
    0.852941    0.413057    0.005172   -0.023281    0.000000       -2.444225        1.000000   21.091431    4.292667    0.828434    9.687438
    0.862745    0.412444    0.007930   -0.035665    0.000000       -2.460162        1.000000   21.337555    4.343503    0.828434    9.687438
    0.872549    0.411504    0.012152   -0.054588    0.000000       -2.484516        1.000000   21.583118    4.394149    0.828434    9.687438
    0.882353    0.410065    0.018611   -0.083435    0.000000       -2.521650        1.000000   21.827822    4.444504    0.828434    9.687438
    0.892157    0.407862    0.028473   -0.127259    0.000000       -2.578073        1.000000   22.071212    4.494413    0.828434    9.687438
    0.901961    0.404495    0.043489   -0.193476    0.000000       -2.663355        1.000000   22.312592    4.543636    0.828434    9.687438
    0.911765    0.399360    0.066264   -0.292702    0.000000       -2.791210        1.000000   22.550908    4.591809    0.828434    9.687438
    0.921569    0.391556    0.100589   -0.439488    0.000000       -2.980489        1.000000   22.784568    4.638376    0.828434    9.687438
    0.931373    0.379761    0.151834   -0.652351    0.000000       -3.255292        1.000000   23.011188    4.682502    0.828434    9.687438
    0.941176    0.362092    0.227245   -0.951678    0.000000       -3.642405        1.000000   23.227264    4.722967    0.828434    9.687438
    0.950980    0.336007    0.335856   -1.353102    0.000000       -4.162953        1.000000   23.427775    4.758098    0.828434    9.687438
    0.960784    0.298387    0.487453   -1.853919    0.000000       -4.814939        1.000000   23.605835    4.785891    0.828434    9.687438
    0.970588    0.246090    0.689951   -2.414426    0.000000       -5.548545        1.000000   23.752689    4.804622    0.828434    9.687438
    0.980392    0.177270    0.945230   -2.947169    0.000000       -6.250366        1.000000   23.858473    4.814119    0.828434    9.687438
    0.990196    0.093287    1.245147   -3.334613    0.000000       -6.764091        1.000000   23.914142    4.816896    0.828434    9.687438
    1.000000    0.000000    1.570796   -3.476554    0.000000       -6.953107        1.000000   23.914142    4.817109    0.828434    9.687438
