           t           r         psi          cs          qs               p             sig           A           V          Q2           S
    0.000000    0.000000   -1.570796   -0.988478    0.000000       -1.976956        1.000000    0.000000    0.000000    0.047105    3.379702
    0.009804    0.033128   -1.538044   -0.988488    0.000000       -1.976969        1.000000    0.000000    0.000001    0.047105    3.379702
    0.019608    0.066221   -1.505290   -0.988518    0.000000       -1.977009        1.000000    0.013787    0.000015    0.047105    3.379702
    0.029412    0.099243   -1.472536   -0.988569    0.000000       -1.977077        1.000000    0.034448    0.000076    0.047105    3.379702
    0.039216    0.132159   -1.439779   -0.988641    0.000000       -1.977173        1.000000    0.061962    0.000238    0.047105    3.379702
    0.049020    0.164932   -1.407019   -0.988737    0.000000       -1.977299        1.000000    0.096299    0.000580    0.047105    3.379702
    0.058824    0.197529   -1.374256   -0.988858    0.000000       -1.977459        1.000000    0.137422    0.001197    0.047105    3.379702
    0.068627    0.229913   -1.341489   -0.989006    0.000000       -1.977653        1.000000    0.185288    0.002208    0.047105    3.379702
    0.078431    0.262051   -1.308716   -0.989185    0.000000       -1.977887        1.000000    0.239844    0.003747    0.047105    3.379702
    0.088235    0.293908   -1.275937   -0.989398    0.000000       -1.978163        1.000000    0.301032    0.005965    0.047105    3.379702
    0.098039    0.325449   -1.243149   -0.989649    0.000000       -1.978487        1.000000    0.368787    0.009031    0.047105    3.379702
    0.107843    0.356640   -1.210353   -0.989943    0.000000       -1.978865        1.000000    0.443036    0.013124    0.047105    3.379702
    0.117647    0.387448   -1.177547   -0.990288    0.000000       -1.979304        1.000000    0.523698    0.018436    0.047105    3.379702
    0.127451    0.417839   -1.144728   -0.990690    0.000000       -1.979813        1.000000    0.610688    0.025168    0.047105    3.379702
    0.137255    0.447781   -1.111894   -0.991158    0.000000       -1.980401        1.000000    0.703911    0.033528    0.047105    3.379702
    0.147059    0.477241   -1.079044   -0.991702    0.000000       -1.981080        1.000000    0.803267    0.043730    0.047105    3.379702
    0.156863    0.506187   -1.046174   -0.992337    0.000000       -1.981865        1.000000    0.908650    0.055989    0.047105    3.379702
    0.166667    0.534587   -1.013282   -0.993077    0.000000       -1.982773        1.000000    1.019945    0.070521    0.047105    3.379702
    0.176471    0.562410   -0.980363   -0.993942    0.000000       -1.983826        1.000000    1.137033    0.087538    0.047105    3.379702
    0.186275    0.589626   -0.947413   -0.994955    0.000000       -1.985050        1.000000    1.259786    0.107250    0.047105    3.379702
    0.196078    0.616204   -0.914427   -0.996145    0.000000       -1.986474        1.000000    1.388073    0.129858    0.047105    3.379702
    0.205882    0.642115   -0.881398   -0.997549    0.000000       -1.988140        1.000000    1.521755    0.155553    0.047105    3.379702
    0.215686    0.667329   -0.848318   -0.999209    0.000000       -1.990093        1.000000    1.660685    0.184515    0.047105    3.379702
    0.225490    0.691818   -0.815178   -1.001183    0.000000       -1.992395        1.000000    1.804714    0.216911    0.047105    3.379702
    0.235294    0.715553   -0.781967   -1.003541    0.000000       -1.995122        1.000000    1.953685    0.252891    0.047105    3.379702
    0.245098    0.738507   -0.748669   -1.006372    0.000000       -1.998368        1.000000    2.107434    0.292585    0.047105    3.379702
    0.254902    0.760651   -0.715269   -1.009794    0.000000       -2.002256        1.000000    2.265793    0.336107    0.047105    3.379702
    0.264706    0.781958   -0.681744   -1.013956    0.000000       -2.006945        1.000000    2.428589    0.383546    0.047105    3.379702
    0.274510    0.802401   -0.648065   -1.019055    0.000000       -2.012640        1.000000    2.595640    0.434970    0.047105    3.379702
    0.284314    0.821952   -0.614199   -1.025351    0.000000       -2.019613        1.000000    2.766761    0.490421    0.047105    3.379702
    0.294118    0.840582   -0.580100   -1.033189    0.000000       -2.028223        1.000000    2.941761    0.549918    0.047105    3.379702
    0.303922    0.858264   -0.545709   -1.043035    0.000000       -2.038952        1.000000    3.120443    0.613451    0.047105    3.379702
    0.313725    0.874967   -0.510950   -1.055520    0.000000       -2.052450        1.000000    3.302601    0.680984    0.047105    3.379702
    0.323529    0.890659   -0.475722   -1.071505    0.000000       -2.069600        1.000000    3.488027    0.752451    0.047105    3.379702
    0.333333    0.905304   -0.439891   -1.092158    0.000000       -2.091598        1.000000    3.676501    0.827761    0.047105    3.379702
    0.343137    0.918865   -0.403278   -1.119053    0.000000       -2.120049        1.000000    3.867799    0.906788    0.047105    3.379702
    0.352941    0.931294   -0.365642   -1.154240    0.000000       -2.157032        1.000000    4.061684    0.989380    0.047105    3.379702
    0.362745    0.942539   -0.326669   -1.200160    0.000000       -2.205016        1.000000    4.257911    1.075348    0.047105    3.379702
    0.372549    0.952536   -0.285965   -1.259059    0.000000       -2.266255        1.000000    4.456218    1.164469    0.047105    3.379702
    0.382353    0.961204   -0.243087   -1.330985    0.000000       -2.340760        1.000000    4.656331    1.256475    0.047105    3.379702
    0.392157    0.968454   -0.197693   -1.408574    0.000000       -2.421035        1.000000    4.857952    1.351045    0.047105    3.379702
    0.401961    0.974189   -0.149943   -1.466987    0.000000       -2.481964        1.000000    5.060768    1.447790    0.047105    3.379702
    0.411765    0.978339   -0.101250   -1.454929    0.000000       -2.471835        1.000000    5.264448    1.546238    0.047105    3.379702
    0.421569    0.980911   -0.054984   -1.312840    0.000000       -2.330760        1.000000    5.468663    1.645850    0.047105    3.379702
    0.431373    0.982058   -0.015785   -1.035234    0.000000       -2.053377        1.000000    5.673116    1.746081    0.047105    3.379702
    0.441176    0.982073    0.012999   -0.701991    0.000000       -1.720159        1.000000    5.877573    1.846488    0.047105    3.379702
    0.450980    0.981314    0.031216   -0.410143    0.000000       -1.428688        1.000000    6.081872    1.946789    0.047105    3.379702
    0.460784    0.980096    0.041159   -0.205418    0.000000       -1.224861        1.000000    6.285918    2.046843    0.047105    3.379702
    0.470588    0.978646    0.045780   -0.086312    0.000000       -1.107061        1.000000    6.489661    2.146594    0.047105    3.379702
    0.480392    0.977094    0.047613   -0.033696    0.000000       -1.055979        1.000000    6.693082    2.246024    0.047105    3.379702
    0.490196    0.975502    0.048531   -0.028161    0.000000       -1.052068        1.000000    6.896171    2.345128    0.047105    3.379702
    0.500000    0.973875    0.049834   -0.054927    0.000000       -1.080478        1.000000    7.098921    2.443901    0.047105    3.379702
    0.509804    0.972186    0.052412   -0.103689    0.000000       -1.130886        1.000000    7.301320    2.542330    0.047105    3.379702
    0.519608    0.970383    0.056869   -0.167300    0.000000       -1.196156        1.000000    7.503343    2.640389    0.047105    3.379702
    0.529412    0.968395    0.063606   -0.240581    0.000000       -1.271129        1.000000    7.704952    2.738036    0.047105    3.379702
    0.539216    0.966142    0.072874   -0.319483    0.000000       -1.351780        1.000000    7.906092    2.835207    0.047105    3.379702
    0.549020    0.963540    0.084802   -0.400613    0.000000       -1.434723        1.000000    8.106691    2.931818    0.047105    3.379702
    0.558824    0.960500    0.099414   -0.481027    0.000000       -1.517011        1.000000    8.306657    3.027756    0.047105    3.379702
    0.568627    0.956935    0.116643   -0.558218    0.000000       -1.596121        1.000000    8.505880    3.122887    0.047105    3.379702
    0.578431    0.952761    0.136348   -0.630198    0.000000       -1.670038        1.000000    8.704235    3.217047    0.047105    3.379702
    0.588235    0.947903    0.158332   -0.695581    0.000000       -1.737346        1.000000    8.901578    3.310052    0.047105    3.379702
    0.598039    0.942291    0.182362   -0.753608    0.000000       -1.797254        1.000000    9.097753    3.401698    0.047105    3.379702
    0.607843    0.935866    0.208189   -0.804090    0.000000       -1.849546        1.000000    9.292590    3.491765    0.047105    3.379702
    0.617647    0.928579    0.235568   -0.847293    0.000000       -1.894465        1.000000    9.485910    3.580025    0.047105    3.379702
    0.627451    0.920388    0.264264   -0.883788    0.000000       -1.932569        1.000000    9.677525    3.666242    0.047105    3.379702
    0.637255    0.911260    0.294069   -0.914316    0.000000       -1.964590        1.000000    9.867239    3.750185    0.047105    3.379702
    0.647059    0.901173    0.324798   -0.939677    0.000000       -1.991323        1.000000   10.054854    3.831626    0.047105    3.379702
    0.656863    0.890108    0.356292   -0.960651    0.000000       -2.013553        1.000000   10.240165    3.910348    0.047105    3.379702
    0.666667    0.878056    0.388418   -0.977954    0.000000       -2.031998        1.000000   10.422966    3.986149    0.047105    3.379702
    0.676471    0.865010    0.421066   -0.992219    0.000000       -2.047298        1.000000   10.603052    4.058843    0.047105    3.379702
    0.686275    0.850970    0.454144   -1.003983    0.000000       -2.059998        1.000000   10.780215    4.128267    0.047105    3.379702
    0.696078    0.835940    0.487576   -1.013699    0.000000       -2.070559        1.000000   10.954248    4.194279    0.047105    3.379702
    0.705882    0.819927    0.521302   -1.021741    0.000000       -2.079362        1.000000   11.124948    4.256761    0.047105    3.379702
    0.715686    0.802941    0.555270   -1.028416    0.000000       -2.086722        1.000000   11.292112    4.315623    0.047105    3.379702
    0.725490    0.784997    0.589441   -1.033972    0.000000       -2.092896        1.000000   11.455540    4.370801    0.047105    3.379702
    0.735294    0.766109    0.623780   -1.038612    0.000000       -2.098091        1.000000   11.615035    4.422257    0.047105    3.379702
    0.745098    0.746295    0.658260   -1.042500    0.000000       -2.102480        1.000000   11.770406    4.469982    0.047105    3.379702
    0.754902    0.725576    0.692858   -1.045768    0.000000       -2.106199        1.000000   11.921463    4.513992    0.047105    3.379702
    0.764706    0.703974    0.727556   -1.048525    0.000000       -2.109362        1.000000   12.068023    4.554332    0.047105    3.379702
    0.774510    0.681513    0.762338   -1.050858    0.000000       -2.112060        1.000000   12.209906    4.591070    0.047105    3.379702
    0.784314    0.658217    0.797191   -1.052837    0.000000       -2.114370        1.000000   12.346940    4.624299    0.047105    3.379702
    0.794118    0.634114    0.832105   -1.054523    0.000000       -2.116353        1.000000   12.478956    4.654135    0.047105    3.379702
    0.803922    0.609231    0.867070   -1.055961    0.000000       -2.118059        1.000000   12.605791    4.680713    0.047105    3.379702
    0.813725    0.583598    0.902080   -1.057191    0.000000       -2.119531        1.000000   12.727290    4.704189    0.047105    3.379702
    0.823529    0.557245    0.937127   -1.058246    0.000000       -2.120804        1.000000   12.843302    4.724733    0.047105    3.379702
    0.833333    0.530205    0.972207   -1.059152    0.000000       -2.121906        1.000000   12.953685    4.742531    0.047105    3.379702
    0.843137    0.502510    1.007314   -1.059931    0.000000       -2.122862        1.000000   13.058302    4.757778    0.047105    3.379702
    0.852941    0.474193    1.042446   -1.060602    0.000000       -2.123691        1.000000   13.157024    4.770681    0.047105    3.379702
    0.862745    0.445289    1.077598   -1.061180    0.000000       -2.124411        1.000000   13.249729    4.781448    0.047105    3.379702
    0.872549    0.415834    1.112768   -1.061678    0.000000       -2.125036        1.000000   13.336301    4.790296    0.047105    3.379702
    0.882353    0.385863    1.147953   -1.062107    0.000000       -2.125578        1.000000   13.416633    4.797438    0.047105    3.379702
    0.892157    0.355414    1.183152   -1.062475    0.000000       -2.126047        1.000000   13.490627    4.803086    0.047105    3.379702
    0.901961    0.324524    1.218361   -1.062790    0.000000       -2.126452        1.000000   13.558189    4.807447    0.047105    3.379702
    0.911765    0.293232    1.253581   -1.063060    0.000000       -2.126799        1.000000   13.619237    4.810719    0.047105    3.379702
    0.921569    0.261575    1.288809   -1.063288    0.000000       -2.127096        1.000000   13.673694    4.813091    0.047105    3.379702
    0.931373    0.229593    1.324043   -1.063480    0.000000       -2.127346        1.000000   13.721493    4.814739    0.047105    3.379702
    0.941176    0.197327    1.359284   -1.063640    0.000000       -2.127555        1.000000   13.762574    4.815823    0.047105    3.379702
    0.950980    0.164815    1.394529   -1.063769    0.000000       -2.127727        1.000000   13.796887    4.816486    0.047105    3.379702
    0.960784    0.132098    1.429778   -1.063872    0.000000       -2.127863        1.000000   13.824388    4.816853    0.047105    3.379702
    0.970588    0.099218    1.465030   -1.063950    0.000000       -2.127966        1.000000   13.845044    4.817027    0.047105    3.379702
    0.980392    0.066214    1.500284   -1.064005    0.000000       -2.128039        1.000000   13.858829    4.817093    0.047105    3.379702
    0.990196    0.033127    1.535540   -1.064037    0.000000       -2.128082        1.000000   13.865726    4.817108    0.047105    3.379702
    1.000000    0.000000    1.570796   -1.064048    0.000000       -2.128096        1.000000   13.865726    4.817109    0.047105    3.379702
