           t           r         psi          cs          qs               p             sig           A           V          Q2           S
    0.000000   -0.000000   -1.570796   -1.191191    0.000000       -2.382383        1.000000    0.000000   -0.000000    0.591588    7.703000
    0.009804    0.075418   -1.480653   -1.198557    0.000000       -2.392195        1.000000    0.000000    0.000030    0.591588    7.703000
    0.019608    0.150218   -1.389386   -1.221113    0.000000       -2.422153        1.000000    0.071279    0.000484    0.591588    7.703000
    0.029412    0.223757   -1.295803   -1.260117    0.000000       -2.473668        1.000000    0.177452    0.002435    0.591588    7.703000
    0.039216    0.295337   -1.198601   -1.317300    0.000000       -2.548644        1.000000    0.317591    0.007617    0.591588    7.703000
    0.049020    0.364176   -1.096341   -1.394252    0.000000       -2.648741        1.000000    0.490393    0.018338    0.591588    7.703000
    0.058824    0.429369   -0.987508   -1.491187    0.000000       -2.773934        1.000000    0.694130    0.037325    0.591588    7.703000
    0.068627    0.489864   -0.870692   -1.604600    0.000000       -2.919858        1.000000    0.926573    0.067482    0.591588    7.703000
    0.078431    0.544453   -0.745004   -1.723425    0.000000       -3.073561        1.000000    1.184917    0.111503    0.591588    7.703000
    0.088235    0.591818   -0.610824   -1.824401    0.000000       -3.208569        1.000000    1.465737    0.171337    0.591588    7.703000
    0.098039    0.630686   -0.470825   -1.870423    0.000000       -3.283477        1.000000    1.765000    0.247536    0.591588    7.703000
    0.107843    0.660104   -0.330779   -1.819184    0.000000       -3.251972        1.000000    2.078222    0.338751    0.591588    7.703000
    0.117647    0.679788   -0.199175   -1.645472    0.000000       -3.087436        1.000000    2.400784    0.441747    0.591588    7.703000
    0.127451    0.690344   -0.085024   -1.362833    0.000000       -2.806154        1.000000    2.728355    0.552175    0.591588    7.703000
    0.137255    0.693195    0.005161   -1.020680    0.000000       -2.463257        1.000000    3.057279    0.665777    0.591588    7.703000
    0.147059    0.690228    0.069120   -0.677124    0.000000       -2.122462        1.000000    3.384794    0.779319    0.591588    7.703000
    0.156863    0.683388    0.108474   -0.374121    0.000000       -1.828818        1.000000    3.709064    0.890846    0.591588    7.703000
    0.166667    0.674396    0.127148   -0.131010    0.000000       -1.601848        1.000000    4.029068    0.999454    0.591588    7.703000
    0.176471    0.664634    0.129846    0.049432    0.000000       -1.442490        1.000000    4.344439    1.104917    0.591588    7.703000
    0.186275    0.655124    0.121118    0.172926    0.000000       -1.342319        1.000000    4.655298    1.207388    0.591588    7.703000
    0.196078    0.646571    0.104940    0.248255    0.000000       -1.289856        1.000000    4.962098    1.307211    0.591588    7.703000
    0.205882    0.639408    0.084602    0.284596    0.000000       -1.273757        1.000000    5.265500    1.404817    0.591588    7.703000
    0.215686    0.633847    0.062720    0.290522    0.000000       -1.284043        1.000000    5.566263    1.500670    0.591588    7.703000
    0.225490    0.629930    0.041293    0.273748    0.000000       -1.312377        1.000000    5.865167    1.595231    0.591588    7.703000
    0.235294    0.627564    0.021771    0.241131    0.000000       -1.351954        1.000000    6.162948    1.688938    0.591588    7.703000
    0.245098    0.626569    0.005120    0.198683    0.000000       -1.397289        1.000000    6.460258    1.782188    0.591588    7.703000
    0.254902    0.626705   -0.008121    0.151578    0.000000       -1.444016        1.000000    6.757632    1.875325    0.591588    7.703000
    0.264706    0.627705   -0.017767    0.104123    0.000000       -1.488730        1.000000    7.055480    1.968630    0.591588    7.703000
    0.274510    0.629300   -0.023925    0.059728    0.000000       -1.528883        1.000000    7.354085    2.062316    0.591588    7.703000
    0.284314    0.631239   -0.026929    0.020894    0.000000       -1.562718        1.000000    7.653610    2.156525    0.591588    7.703000
    0.294118    0.633300   -0.027262   -0.010771    0.000000       -1.589215        1.000000    7.954114    2.251334    0.591588    7.703000
    0.303922    0.635303   -0.025502   -0.034496    0.000000       -1.608036        1.000000    8.255567    2.346760    0.591588    7.703000
    0.313725    0.637114   -0.022253   -0.050253    0.000000       -1.619442        1.000000    8.557880    2.442769    0.591588    7.703000
    0.323529    0.638641   -0.018099   -0.058619    0.000000       -1.624186        1.000000    8.860918    2.539292    0.591588    7.703000
    0.333333    0.639838   -0.013560   -0.060621    0.000000       -1.623373        1.000000    9.164523    2.636236    0.591588    7.703000
    0.343137    0.640691   -0.009070   -0.057558    0.000000       -1.618310        1.000000    9.468533    2.733497    0.591588    7.703000
    0.352941    0.641217   -0.004958   -0.050840    0.000000       -1.610355        1.000000    9.772793    2.830970    0.591588    7.703000
    0.362745    0.641455   -0.001448   -0.041842    0.000000       -1.600796        1.000000   10.077166    2.928561    0.591588    7.703000
    0.372549    0.641454    0.001335   -0.031796    0.000000       -1.590752        1.000000   10.381539    3.026187    0.591588    7.703000
    0.382353    0.641272    0.003354   -0.021726    0.000000       -1.581117        1.000000   10.685825    3.123783    0.591588    7.703000
    0.392157    0.640966    0.004636   -0.012410    0.000000       -1.572537        1.000000   10.989966    3.221304    0.591588    7.703000
    0.401961    0.640589    0.005261   -0.004379    0.000000       -1.565421        1.000000   11.293927    3.318718    0.591588    7.703000
    0.411765    0.640186    0.005337    0.002065    0.000000       -1.559959        1.000000   11.597698    3.416013    0.591588    7.703000
    0.421569    0.639793    0.004991    0.006814    0.000000       -1.556171        1.000000   11.901282    3.513186    0.591588    7.703000
    0.431373    0.639439    0.004350    0.009915    0.000000       -1.553941        1.000000   12.204698    3.610246    0.591588    7.703000
    0.441176    0.639141    0.003531    0.011528    0.000000       -1.553062        1.000000   12.507973    3.707206    0.591588    7.703000
    0.450980    0.638908    0.002640    0.011887    0.000000       -1.553279        1.000000   12.811137    3.804086    0.591588    7.703000
    0.460784    0.638742    0.001761    0.011263    0.000000       -1.554313        1.000000   13.114222    3.900906    0.591588    7.703000
    0.470588    0.638640    0.000957    0.009936    0.000000       -1.555892        1.000000   13.417259    3.997686    0.591588    7.703000
    0.480392    0.638594    0.000271    0.008171    0.000000       -1.557768        1.000000   13.720275    4.094443    0.591588    7.703000
    0.490196    0.638595   -0.000272    0.006205    0.000000       -1.559732        1.000000   14.023291    4.191194    0.591588    7.703000
    0.500000    0.638632   -0.000666    0.004231    0.000000       -1.561616        1.000000   14.326324    4.287951    0.591588    7.703000
    0.509804    0.638692   -0.000915    0.002400    0.000000       -1.563299        1.000000   14.629385    4.384723    0.591588    7.703000
    0.519608    0.638767   -0.001035    0.000814    0.000000       -1.564702        1.000000   14.932483    4.481516    0.591588    7.703000
    0.529412    0.638846   -0.001046   -0.000467    0.000000       -1.565789        1.000000   15.235617    4.578332    0.591588    7.703000
    0.539216    0.638922   -0.000972   -0.001421    0.000000       -1.566556        1.000000   15.538788    4.675172    0.591588    7.703000
    0.549020    0.638991   -0.000839   -0.002056    0.000000       -1.567022        1.000000   15.841992    4.772034    0.591588    7.703000
    0.558824    0.639048   -0.000669   -0.002403    0.000000       -1.567230        1.000000   16.145223    4.868915    0.591588    7.703000
    0.568627    0.639092   -0.000482   -0.002511    0.000000       -1.567231        1.000000   16.448474    4.965811    0.591588    7.703000
    0.578431    0.639121   -0.000295   -0.002433    0.000000       -1.567082        1.000000   16.751739    5.062719    0.591588    7.703000
    0.588235    0.639137   -0.000118   -0.002231    0.000000       -1.566842        1.000000   17.055012    5.159633    0.591588    7.703000
    0.598039    0.639139    0.000041   -0.001960    0.000000       -1.566564        1.000000   17.358286    5.256550    0.591588    7.703000
    0.607843    0.639131    0.000178   -0.001674    0.000000       -1.566299        1.000000   17.661556    5.353466    0.591588    7.703000
    0.617647    0.639113    0.000294   -0.001419    0.000000       -1.566088        1.000000   17.964818    5.450379    0.591588    7.703000
    0.627451    0.639087    0.000394   -0.001236    0.000000       -1.565968        1.000000   18.268067    5.547284    0.591588    7.703000
    0.637255    0.639054    0.000484   -0.001157    0.000000       -1.565970        1.000000   18.571300    5.644180    0.591588    7.703000
    0.647059    0.639014    0.000572   -0.001211    0.000000       -1.566122        1.000000   18.874514    5.741066    0.591588    7.703000
    0.656863    0.638967    0.000670   -0.001426    0.000000       -1.566451        1.000000   19.177707    5.837938    0.591588    7.703000
    0.666667    0.638912    0.000792   -0.001829    0.000000       -1.566989        1.000000   19.480873    5.934795    0.591588    7.703000
    0.676471    0.638847    0.000952   -0.002452    0.000000       -1.567772        1.000000   19.784008    6.031633    0.591588    7.703000
    0.686275    0.638767    0.001169   -0.003336    0.000000       -1.568851        1.000000   20.087105    6.128450    0.591588    7.703000
    0.696078    0.638668    0.001464   -0.004536    0.000000       -1.570293        1.000000   20.390155    6.225240    0.591588    7.703000
    0.705882    0.638543    0.001864   -0.006127    0.000000       -1.572189        1.000000   20.693146    6.321996    0.591588    7.703000
    0.715686    0.638383    0.002402   -0.008209    0.000000       -1.574662        1.000000   20.996062    6.418709    0.591588    7.703000
    0.725490    0.638176    0.003120   -0.010917    0.000000       -1.577876        1.000000   21.298878    6.515366    0.591588    7.703000
    0.735294    0.637906    0.004071   -0.014433    0.000000       -1.582049        1.000000   21.601567    6.611952    0.591588    7.703000
    0.745098    0.637553    0.005326   -0.018996    0.000000       -1.587470        1.000000   21.904088    6.708443    0.591588    7.703000
    0.754902    0.637092    0.006974   -0.024918    0.000000       -1.594513        1.000000   22.206391    6.804811    0.591588    7.703000
    0.764706    0.636487    0.009134   -0.032607    0.000000       -1.603665        1.000000   22.508406    6.901018    0.591588    7.703000
    0.774510    0.635695    0.011957   -0.042584    0.000000       -1.615552        1.000000   22.810046    6.997013    0.591588    7.703000
    0.784314    0.634660    0.015640   -0.055519    0.000000       -1.630974        1.000000   23.111194    7.092731    0.591588    7.703000
    0.794118    0.633305    0.020438   -0.072259    0.000000       -1.650946        1.000000   23.411700    7.188084    0.591588    7.703000
    0.803922    0.631537    0.026676   -0.093859    0.000000       -1.676734        1.000000   23.711367    7.282960    0.591588    7.703000
    0.813725    0.629230    0.034769   -0.121619    0.000000       -1.709902        1.000000   24.009939    7.377211    0.591588    7.703000
    0.823529    0.626227    0.045240   -0.157106    0.000000       -1.752338        1.000000   24.307086    7.470644    0.591588    7.703000
    0.833333    0.622324    0.058739   -0.202150    0.000000       -1.806260        1.000000   24.602380    7.563006    0.591588    7.703000
    0.843137    0.617264    0.076064   -0.258806    0.000000       -1.874173        1.000000   24.895275    7.653972    0.591588    7.703000
    0.852941    0.610727    0.098176   -0.329245    0.000000       -1.958753        1.000000   25.185067    7.743118    0.591588    7.703000
    0.862745    0.602313    0.126193   -0.415547    0.000000       -2.062610        1.000000   25.470867    7.829901    0.591588    7.703000
    0.872549    0.591542    0.161381   -0.519380    0.000000       -2.187913        1.000000   25.751555    7.913635    0.591588    7.703000
    0.882353    0.577839    0.205102   -0.641551    0.000000       -2.335865        1.000000   26.025742    7.993469    0.591588    7.703000
    0.892157    0.560548    0.258730   -0.781489    0.000000       -2.506080        1.000000   26.291724    8.068380    0.591588    7.703000
    0.901961    0.538946    0.323526   -0.936779    0.000000       -2.695992        1.000000   26.547456    8.137189    0.591588    7.703000
    0.911765    0.512281    0.400495   -1.102924    0.000000       -2.900510        1.000000   26.790535    8.198629    0.591588    7.703000
    0.921569    0.479832    0.490224   -1.273531    0.000000       -3.112147        1.000000   27.018217    8.251476    0.591588    7.703000
    0.931373    0.440993    0.592769   -1.440997    0.000000       -3.321744        1.000000   27.227470    8.294749    0.591588    7.703000
    0.941176    0.395363    0.707597   -1.597583    0.000000       -3.519679        1.000000   27.415071    8.327956    0.591588    7.703000
    0.950980    0.342841    0.833621   -1.736546    0.000000       -3.697220        1.000000   27.577750    8.351329    0.591588    7.703000
    0.960784    0.283695    0.969314   -1.852960    0.000000       -3.847586        1.000000   27.712365    8.365948    0.591588    7.703000
    0.970588    0.218603    1.112850   -1.943989    0.000000       -3.966406        1.000000   27.816093    8.373660    0.591588    7.703000
    0.980392    0.148638    1.262267   -2.008615    0.000000       -4.051546        1.000000   27.886622    8.376769    0.591588    7.703000
    0.990196    0.075216    1.415569   -2.046991    0.000000       -4.102463        1.000000   27.922313    8.377528    0.591588    7.703000
    1.000000    0.000000    1.570796   -2.059686    0.000000       -4.119372        1.000000   27.922313    8.377580    0.591588    7.703000
