           t           r         psi          cs          qs               p             sig           A           V          Q2           S
    0.000000    0.000000   -1.570796   -0.998909    0.000000       -1.997817        1.000000    0.000000    0.000000    0.003258    4.962441
    0.009804    0.048632   -1.522198   -0.998909    0.000000       -1.997818        1.000000    0.000000    0.000004    0.003258    4.962441
    0.019608    0.097150   -1.473600   -0.998910    0.000000       -1.997819        1.000000    0.029697    0.000070    0.003258    4.962441
    0.029412    0.145438   -1.425001   -0.998911    0.000000       -1.997821        1.000000    0.074155    0.000354    0.003258    4.962441
    0.039216    0.193382   -1.376403   -0.998914    0.000000       -1.997824        1.000000    0.133270    0.001111    0.003258    4.962441
    0.049020    0.240870   -1.327804   -0.998917    0.000000       -1.997828        1.000000    0.206900    0.002694    0.003258    4.962441
    0.058824    0.287789   -1.279206   -0.998921    0.000000       -1.997833        1.000000    0.294873    0.005537    0.003258    4.962441
    0.068627    0.334029   -1.230606   -0.998926    0.000000       -1.997840        1.000000    0.396981    0.010154    0.003258    4.962441
    0.078431    0.379480   -1.182007   -0.998933    0.000000       -1.997849        1.000000    0.512982    0.017118    0.003258    4.962441
    0.088235    0.424034   -1.133408   -0.998941    0.000000       -1.997860        1.000000    0.642604    0.027055    0.003258    4.962441
    0.098039    0.467588   -1.084807   -0.998952    0.000000       -1.997873        1.000000    0.785538    0.040623    0.003258    4.962441
    0.107843    0.510037   -1.036207   -0.998965    0.000000       -1.997889        1.000000    0.941449    0.058500    0.003258    4.962441
    0.117647    0.551282   -0.987605   -0.998982    0.000000       -1.997910        1.000000    1.109968    0.081363    0.003258    4.962441
    0.127451    0.591224   -0.939003   -0.999003    0.000000       -1.997935        1.000000    1.290697    0.109877    0.003258    4.962441
    0.137255    0.629771   -0.890399   -0.999030    0.000000       -1.997967        1.000000    1.483209    0.144672    0.003258    4.962441
    0.147059    0.666830   -0.841794   -0.999064    0.000000       -1.998007        1.000000    1.687049    0.186333    0.003258    4.962441
    0.156863    0.702315   -0.793188   -0.999109    0.000000       -1.998059        1.000000    1.901737    0.235377    0.003258    4.962441
    0.166667    0.736140   -0.744578   -0.999167    0.000000       -1.998126        1.000000    2.126764    0.292248    0.003258    4.962441
    0.176471    0.768227   -0.695966   -0.999245    0.000000       -1.998214        1.000000    2.361600    0.357294    0.003258    4.962441
    0.186275    0.798499   -0.647348   -0.999351    0.000000       -1.998332        1.000000    2.605690    0.430763    0.003258    4.962441
    0.196078    0.826885   -0.598725   -0.999496    0.000000       -1.998493        1.000000    2.858457    0.512793    0.003258    4.962441
    0.205882    0.853316   -0.550094   -0.999702    0.000000       -1.998717        1.000000    3.119303    0.603402    0.003258    4.962441
    0.215686    0.877731   -0.501450   -1.000001    0.000000       -1.999039        1.000000    3.387613    0.702486    0.003258    4.962441
    0.225490    0.900071   -0.452788   -1.000450    0.000000       -1.999517        1.000000    3.662752    0.809815    0.003258    4.962441
    0.235294    0.920281   -0.404099   -1.001152    0.000000       -2.000256        1.000000    3.944068    0.925037    0.003258    4.962441
    0.245098    0.938313   -0.355366   -1.002309    0.000000       -2.001462        1.000000    4.230897    1.047676    0.003258    4.962441
    0.254902    0.954122   -0.306558   -1.004344    0.000000       -2.003565        1.000000    4.522559    1.177140    0.003258    4.962441
    0.264706    0.967664   -0.257611   -1.008252    0.000000       -2.007567        1.000000    4.818359    1.312731    0.003258    4.962441
    0.274510    0.978897   -0.208381   -1.016717    0.000000       -2.016175        1.000000    5.117594    1.453649    0.003258    4.962441
    0.284314    0.987775   -0.158476   -1.038555    0.000000       -2.038246        1.000000    5.419543    1.599005    0.003258    4.962441
    0.294118    0.994216   -0.106564   -1.111160    0.000000       -2.111272        1.000000    5.723460    1.747834    0.003258    4.962441
    0.303922    0.998004   -0.047170   -1.369668    0.000000       -2.370554        1.000000    6.028536    1.899080    0.003258    4.962441
    0.313725    0.998794    0.006259   -0.410320    0.000000       -1.411508        1.000000    6.333853    2.051463    0.003258    4.962441
    0.323529    0.998387    0.006144    0.166067    0.000000       -0.835530        1.000000    6.639045    2.203868    0.003258    4.962441
    0.333333    0.998266   -0.000382    0.079171    0.000000       -0.922566        1.000000    6.944201    2.356191    0.003258    4.962441
    0.343137    0.998333   -0.001616   -0.015290    0.000000       -1.016958        1.000000    7.249377    2.508513    0.003258    4.962441
    0.352941    0.998383   -0.000369   -0.024249    0.000000       -1.025869        1.000000    7.554568    2.660855    0.003258    4.962441
    0.362745    0.998381    0.000265   -0.002518    0.000000       -1.004139        1.000000    7.859759    2.813205    0.003258    4.962441
    0.372549    0.998370    0.000143    0.004658    0.000000       -0.996975        1.000000    8.164946    2.965551    0.003258    4.962441
    0.382353    0.998367   -0.000024    0.001687    0.000000       -0.999948        1.000000    8.470133    3.117895    0.003258    4.962441
    0.392157    0.998369   -0.000038   -0.000617    0.000000       -1.002250        1.000000    8.775320    3.270240    0.003258    4.962441
    0.401961    0.998370   -0.000004   -0.000527    0.000000       -1.002159        1.000000    9.080507    3.422585    0.003258    4.962441
    0.411765    0.998370    0.000007    0.000007    0.000000       -1.001625        1.000000    9.385694    3.574930    0.003258    4.962441
    0.421569    0.998370    0.000003    0.000118    0.000000       -1.001514        1.000000    9.690882    3.727275    0.003258    4.962441
    0.431373    0.998370   -0.000001    0.000028    0.000000       -1.001605        1.000000    9.996069    3.879620    0.003258    4.962441
    0.441176    0.998370   -0.000001   -0.000019    0.000000       -1.001652        1.000000   10.301256    4.031964    0.003258    4.962441
    0.450980    0.998370    0.000000   -0.000011    0.000000       -1.001644        1.000000   10.606444    4.184309    0.003258    4.962441
    0.460784    0.998370    0.000000    0.000002    0.000000       -1.001631        1.000000   10.911631    4.336654    0.003258    4.962441
    0.470588    0.998370    0.000000    0.000003    0.000000       -1.001630        1.000000   11.216818    4.488999    0.003258    4.962441
    0.480392    0.998370   -0.000000    0.000000    0.000000       -1.001632        1.000000   11.522006    4.641344    0.003258    4.962441
    0.490196    0.998370   -0.000000   -0.000001    0.000000       -1.001633        1.000000   11.827193    4.793689    0.003258    4.962441
    0.500000    0.998370    0.000000   -0.000000    0.000000       -1.001633        1.000000   12.132380    4.946034    0.003258    4.962441
    0.509804    0.998370    0.000000    0.000000    0.000000       -1.001633        1.000000   12.437568    5.098379    0.003258    4.962441
    0.519608    0.998370    0.000000    0.000000    0.000000       -1.001633        1.000000   12.742755    5.250724    0.003258    4.962441
    0.529412    0.998370   -0.000000    0.000000    0.000000       -1.001633        1.000000   13.047942    5.403069    0.003258    4.962441
    0.539216    0.998370   -0.000000   -0.000000    0.000000       -1.001633        1.000000   13.353130    5.555414    0.003258    4.962441
    0.549020    0.998370    0.000000   -0.000000    0.000000       -1.001633        1.000000   13.658317    5.707759    0.003258    4.962441
    0.558824    0.998370    0.000000   -0.000000    0.000000       -1.001633        1.000000   13.963504    5.860103    0.003258    4.962441
    0.568627    0.998370    0.000000   -0.000000    0.000000       -1.001633        1.000000   14.268692    6.012448    0.003258    4.962441
    0.578431    0.998370    0.000000   -0.000000    0.000000       -1.001633        1.000000   14.573879    6.164793    0.003258    4.962441
    0.588235    0.998370    0.000000   -0.000000    0.000000       -1.001633        1.000000   14.879066    6.317138    0.003258    4.962441
    0.598039    0.998370    0.000000   -0.000002    0.000000       -1.001635        1.000000   15.184254    6.469483    0.003258    4.962441
    0.607843    0.998370    0.000000   -0.000010    0.000000       -1.001642        1.000000   15.489441    6.621828    0.003258    4.962441
    0.617647    0.998370    0.000001   -0.000043    0.000000       -1.001676        1.000000   15.794628    6.774173    0.003258    4.962441
    0.627451    0.998370    0.000006   -0.000194    0.000000       -1.001827        1.000000   16.099815    6.926518    0.003258    4.962441
    0.637255    0.998369    0.000028   -0.000877    0.000000       -1.002511        1.000000   16.405002    7.078863    0.003258    4.962441
    0.647059    0.998366    0.000128   -0.003946    0.000000       -1.005583        1.000000   16.710188    7.231207    0.003258    4.962441
    0.656863    0.998351    0.000572   -0.017552    0.000000       -1.019203        1.000000   17.015370    7.383549    0.003258    4.962441
    0.666667    0.998287    0.002499   -0.074240    0.000000       -1.075952        1.000000   17.320532    7.535880    0.003258    4.962441
    0.676471    0.998022    0.009910   -0.260943    0.000000       -1.262875        1.000000   17.625613    7.688166    0.003258    4.962441
    0.686275    0.997106    0.030474   -0.592358    0.000000       -1.594795        1.000000   17.930414    7.840261    0.003258    4.962441
    0.696078    0.994810    0.065956   -0.837262    0.000000       -1.840293        1.000000   18.234514    7.991738    0.003258    4.962441
    0.705882    0.990566    0.109544   -0.937871    0.000000       -1.941344        1.000000   18.537315    8.141821    0.003258    4.962441
    0.715686    0.984128    0.156210   -0.974637    0.000000       -1.978392        1.000000   18.838149    8.289555    0.003258    4.962441
    0.725490    0.975416    0.204035   -0.989350    0.000000       -1.993288        1.000000   19.136320    8.433950    0.003258    4.962441
    0.735294    0.964412    0.252350   -0.996004    0.000000       -2.000064        1.000000   19.431127    8.574054    0.003258    4.962441
    0.745098    0.951127    0.300897   -0.999352    0.000000       -2.003499        1.000000   19.721873    8.708977    0.003258    4.962441
    0.754902    0.935584    0.349566   -1.001188    0.000000       -2.005397        1.000000   20.007867    8.837911    0.003258    4.962441
    0.764706    0.917814    0.398303   -1.002267    0.000000       -2.006523        1.000000   20.288430    8.960146    0.003258    4.962441
    0.774510    0.897859    0.447082   -1.002935    0.000000       -2.007228        1.000000   20.562892    9.075075    0.003258    4.962441
    0.784314    0.875763    0.495888   -1.003369    0.000000       -2.007690        1.000000   20.830600    9.182210    0.003258    4.962441
    0.794118    0.851579    0.544711   -1.003661    0.000000       -2.008004        1.000000   21.090916    9.281182    0.003258    4.962441
    0.803922    0.825363    0.593545   -1.003863    0.000000       -2.008224        1.000000   21.343218    9.371747    0.003258    4.962441
    0.813725    0.797179    0.642388   -1.004007    0.000000       -2.008383        1.000000   21.586904    9.453787    0.003258    4.962441
    0.823529    0.767091    0.691237   -1.004112    0.000000       -2.008500        1.000000   21.821393    9.527308    0.003258    4.962441
    0.833333    0.735174    0.740091   -1.004190    0.000000       -2.008588        1.000000   22.046125    9.592434    0.003258    4.962441
    0.843137    0.701501    0.788948   -1.004248    0.000000       -2.008655        1.000000   22.260563    9.649402    0.003258    4.962441
    0.852941    0.666154    0.837807   -1.004293    0.000000       -2.008707        1.000000   22.464197    9.698555    0.003258    4.962441
    0.862745    0.629216    0.886668   -1.004327    0.000000       -2.008748        1.000000   22.656539    9.740325    0.003258    4.962441
    0.872549    0.590777    0.935530   -1.004354    0.000000       -2.008780        1.000000   22.837131    9.775225    0.003258    4.962441
    0.882353    0.550927    0.984394   -1.004375    0.000000       -2.008805        1.000000   23.005542    9.803836    0.003258    4.962441
    0.892157    0.509762    1.033259   -1.004392    0.000000       -2.008826        1.000000   23.161369    9.826784    0.003258    4.962441
    0.901961    0.467380    1.082124   -1.004405    0.000000       -2.008842        1.000000   23.304240    9.844733    0.003258    4.962441
    0.911765    0.423882    1.130990   -1.004416    0.000000       -2.008855        1.000000   23.433815    9.858359    0.003258    4.962441
    0.921569    0.379372    1.179857   -1.004424    0.000000       -2.008866        1.000000   23.549784    9.868341    0.003258    4.962441
    0.931373    0.333957    1.228723   -1.004431    0.000000       -2.008875        1.000000   23.651869    9.875339    0.003258    4.962441
    0.941176    0.287744    1.277591   -1.004436    0.000000       -2.008881        1.000000   23.739829    9.879979    0.003258    4.962441
    0.950980    0.240844    1.326458   -1.004441    0.000000       -2.008887        1.000000   23.813451    9.882837    0.003258    4.962441
    0.960784    0.193369    1.375325   -1.004444    0.000000       -2.008891        1.000000   23.872561    9.884428    0.003258    4.962441
    0.970588    0.145432    1.424193   -1.004446    0.000000       -2.008894        1.000000   23.917017    9.885189    0.003258    4.962441
    0.980392    0.097148    1.473061   -1.004448    0.000000       -2.008896        1.000000   23.946714    9.885474    0.003258    4.962441
    0.990196    0.048632    1.521929   -1.004449    0.000000       -2.008898        1.000000   23.961580    9.885540    0.003258    4.962441
    1.000000    0.000000    1.570796   -1.004449    0.000000       -2.008898        1.000000   23.961580    9.885545    0.003258    4.962441
