           t           r         psi          cs          qs               p             sig           A           V          Q2           S
    0.000000    0.000000   -1.570796   -0.996992    0.000000       -1.993984        1.000000    0.000000   -0.000000    0.010896    4.980548
    0.009804    0.048810   -1.522114   -0.996994    0.000000       -1.993987        1.000000    0.000000    0.000004    0.010896    4.980548
    0.019608    0.097504   -1.473432   -0.997000    0.000000       -1.993995        1.000000    0.029914    0.000071    0.010896    4.980548
    0.029412    0.145967   -1.424749   -0.997010    0.000000       -1.994008        1.000000    0.074697    0.000358    0.010896    4.980548
    0.039216    0.194084   -1.376066   -0.997024    0.000000       -1.994027        1.000000    0.134242    0.001125    0.010896    4.980548
    0.049020    0.241741   -1.327382   -0.997044    0.000000       -1.994053        1.000000    0.208408    0.002728    0.010896    4.980548
    0.058824    0.288825   -1.278697   -0.997070    0.000000       -1.994087        1.000000    0.297020    0.005607    0.010896    4.980548
    0.068627    0.335225   -1.230010   -0.997104    0.000000       -1.994130        1.000000    0.399867    0.010282    0.010896    4.980548
    0.078431    0.380830   -1.181322   -0.997146    0.000000       -1.994184        1.000000    0.516707    0.017334    0.010896    4.980548
    0.088235    0.425533   -1.132631   -0.997199    0.000000       -1.994251        1.000000    0.647261    0.027395    0.010896    4.980548
    0.098039    0.469228   -1.083937   -0.997265    0.000000       -1.994333        1.000000    0.791220    0.041131    0.010896    4.980548
    0.107843    0.511810   -1.035240   -0.997348    0.000000       -1.994436        1.000000    0.948244    0.059227    0.010896    4.980548
    0.117647    0.553179   -0.986538   -0.997453    0.000000       -1.994564        1.000000    1.117960    0.082371    0.010896    4.980548
    0.127451    0.593236   -0.937831   -0.997586    0.000000       -1.994724        1.000000    1.299965    0.111231    0.010896    4.980548
    0.137255    0.631887   -0.889116   -0.997754    0.000000       -1.994925        1.000000    1.493829    0.146446    0.010896    4.980548
    0.147059    0.669039   -0.840391   -0.997971    0.000000       -1.995180        1.000000    1.699090    0.188604    0.010896    4.980548
    0.156863    0.704603   -0.791655   -0.998252    0.000000       -1.995506        1.000000    1.915263    0.238229    0.010896    4.980548
    0.166667    0.738496   -0.742903   -0.998621    0.000000       -1.995929        1.000000    2.141835    0.295765    0.010896    4.980548
    0.176471    0.770636   -0.694130   -0.999113    0.000000       -1.996486        1.000000    2.378267    0.361564    0.010896    4.980548
    0.186275    0.800944   -0.645329   -0.999780    0.000000       -1.997230        1.000000    2.623997    0.435873    0.010896    4.980548
    0.196078    0.829349   -0.596489   -1.000701    0.000000       -1.998245        1.000000    2.878442    0.518826    0.010896    4.980548
    0.205882    0.855780   -0.547596   -1.002003    0.000000       -1.999664        1.000000    3.140996    0.610440    0.010896    4.980548
    0.215686    0.880172   -0.498626   -1.003896    0.000000       -2.001701        1.000000    3.411034    0.710603    0.010896    4.980548
    0.225490    0.902462   -0.449543   -1.006741    0.000000       -2.004729        1.000000    3.687910    0.819079    0.010896    4.980548
    0.235294    0.922590   -0.400284   -1.011192    0.000000       -2.009414        1.000000    3.970962    0.935506    0.010896    4.980548
    0.245098    0.940498   -0.350746   -1.018506    0.000000       -2.017038        1.000000    4.259508    1.059394    0.010896    4.980548
    0.254902    0.956124   -0.300732   -1.031291    0.000000       -2.030240        1.000000    4.552847    1.190138    0.010896    4.980548
    0.264706    0.969400   -0.249852   -1.055398    0.000000       -2.054933        1.000000    4.850260    1.327018    0.010896    4.980548
    0.274510    0.980234   -0.197259   -1.105035    0.000000       -2.105416        1.000000    5.150997    1.469204    0.010896    4.980548
    0.284314    0.988473   -0.140991   -1.213538    0.000000       -2.215161        1.000000    5.454261    1.615761    0.010896    4.980548
    0.294118    0.993829   -0.077410   -1.388587    0.000000       -2.391783        1.000000    5.759169    1.765602    0.010896    4.980548
    0.303922    0.995978   -0.013218   -1.061845    0.000000       -2.065795        1.000000    6.064736    1.917350    0.010896    4.980548
    0.313725    0.995734    0.015870   -0.185308    0.000000       -1.189466        1.000000    6.370229    2.069511    0.010896    4.980548
    0.323529    0.994917    0.015042    0.136999    0.000000       -0.867996        1.000000    6.675470    2.221457    0.010896    4.980548
    0.333333    0.994370    0.007187    0.160079    0.000000       -0.845556        1.000000    6.980544    2.373199    0.010896    4.980548
    0.343137    0.994190    0.000670    0.101484    0.000000       -0.904359        1.000000    7.285563    2.524841    0.010896    4.980548
    0.352941    0.994251   -0.002604    0.034355    0.000000       -0.971424        1.000000    7.590600    2.676469    0.010896    4.980548
    0.362745    0.994398   -0.003035   -0.011926    0.000000       -1.017555        1.000000    7.895682    2.828132    0.010896    4.980548
    0.372549    0.994522   -0.001928   -0.028763    0.000000       -1.034269        1.000000    8.200803    2.979838    0.010896    4.980548
    0.382353    0.994583   -0.000587   -0.023638    0.000000       -1.029084        1.000000    8.505942    3.131574    0.010896    4.980548
    0.392157    0.994588    0.000257   -0.010713    0.000000       -1.016154        1.000000    8.811082    3.283319    0.010896    4.980548
    0.401961    0.994568    0.000504   -0.000322    0.000000       -1.005784        1.000000    9.116217    3.435060    0.010896    4.980548
    0.411765    0.994545    0.000385    0.004273    0.000000       -1.001212        1.000000    9.421344    3.586795    0.010896    4.980548
    0.421569    0.994532    0.000161    0.004346    0.000000       -1.001153        1.000000    9.726468    3.738524    0.010896    4.980548
    0.431373    0.994528   -0.000008    0.002445    0.000000       -1.003057        1.000000   10.031590    3.890251    0.010896    4.980548
    0.441176    0.994531   -0.000078    0.000531    0.000000       -1.004968        1.000000   10.336713    4.041978    0.010896    4.980548
    0.450980    0.994535   -0.000074   -0.000540    0.000000       -1.006036        1.000000   10.641837    4.193705    0.010896    4.980548
    0.460784    0.994537   -0.000039   -0.000767    0.000000       -1.006259        1.000000   10.946962    4.345434    0.010896    4.980548
    0.470588    0.994539   -0.000007   -0.000524    0.000000       -1.006015        1.000000   11.252088    4.497163    0.010896    4.980548
    0.480392    0.994538    0.000010   -0.000185    0.000000       -1.005676        1.000000   11.557213    4.648893    0.010896    4.980548
    0.490196    0.994538    0.000013    0.000045    0.000000       -1.005447        1.000000   11.862338    4.800622    0.010896    4.980548
    0.500000    0.994537    0.000009    0.000125    0.000000       -1.005368        1.000000   12.167463    4.952352    0.010896    4.980548
    0.509804    0.994537    0.000003    0.000104    0.000000       -1.005389        1.000000   12.472588    5.104081    0.010896    4.980548
    0.519608    0.994537   -0.000001    0.000048    0.000000       -1.005445        1.000000   12.777713    5.255810    0.010896    4.980548
    0.529412    0.994537   -0.000002    0.000001    0.000000       -1.005492        1.000000   13.082838    5.407539    0.010896    4.980548
    0.539216    0.994537   -0.000002   -0.000022    0.000000       -1.005515        1.000000   13.387963    5.559268    0.010896    4.980548
    0.549020    0.994537   -0.000000   -0.000028    0.000000       -1.005521        1.000000   13.693088    5.710997    0.010896    4.980548
    0.558824    0.994537    0.000001   -0.000032    0.000000       -1.005525        1.000000   13.998213    5.862726    0.010896    4.980548
    0.568627    0.994537    0.000003   -0.000050    0.000000       -1.005543        1.000000   14.303338    6.014455    0.010896    4.980548
    0.578431    0.994537    0.000007   -0.000107    0.000000       -1.005600        1.000000   14.608463    6.166184    0.010896    4.980548
    0.588235    0.994536    0.000015   -0.000248    0.000000       -1.005741        1.000000   14.913588    6.317913    0.010896    4.980548
    0.598039    0.994535    0.000034   -0.000574    0.000000       -1.006069        1.000000   15.218712    6.469641    0.010896    4.980548
    0.607843    0.994533    0.000078   -0.001324    0.000000       -1.006821        1.000000   15.523836    6.621370    0.010896    4.980548
    0.617647    0.994527    0.000179   -0.003039    0.000000       -1.008543        1.000000   15.828958    6.773096    0.010896    4.980548
    0.627451    0.994513    0.000410   -0.006957    0.000000       -1.012474        1.000000   16.134075    6.924821    0.010896    4.980548
    0.637255    0.994482    0.000937   -0.015834    0.000000       -1.021382        1.000000   16.439183    7.076538    0.010896    4.980548
    0.647059    0.994411    0.002130   -0.035603    0.000000       -1.041221        1.000000   16.744270    7.228241    0.010896    4.980548
    0.656863    0.994251    0.004777   -0.077942    0.000000       -1.083714        1.000000   17.049307    7.379909    0.010896    4.980548
    0.666667    0.993896    0.010413   -0.161530    0.000000       -1.167616        1.000000   17.354235    7.531500    0.010896    4.980548
    0.676471    0.993145    0.021510   -0.302999    0.000000       -1.309668        1.000000   17.658933    7.682914    0.010896    4.980548
    0.686275    0.991662    0.040777   -0.490434    0.000000       -1.498004        1.000000   17.963176    7.833944    0.010896    4.980548
    0.696078    0.989012    0.069333   -0.673808    0.000000       -1.682489        1.000000   18.266606    7.984203    0.010896    4.980548
    0.705882    0.984769    0.105784   -0.809843    0.000000       -1.819634        1.000000   18.568734    8.133080    0.010896    4.980548
    0.715686    0.978617    0.147568   -0.894138    0.000000       -1.904882        1.000000   18.868975    8.279778    0.010896    4.980548
    0.725490    0.970364    0.192519   -0.942456    0.000000       -1.953958        1.000000   19.166684    8.423399    0.010896    4.980548
    0.735294    0.959910    0.239269   -0.969860    0.000000       -1.981946        1.000000   19.461185    8.563022    0.010896    4.980548
    0.745098    0.947213    0.287049   -0.985756    0.000000       -1.998289        1.000000   19.751791    8.697752    0.010896    4.980548
    0.754902    0.932262    0.335434   -0.995305    0.000000       -2.008182        1.000000   20.037810    8.826761    0.010896    4.980548
    0.764706    0.915073    0.384190   -1.001258    0.000000       -2.014404        1.000000   20.318555    8.949304    0.010896    4.980548
    0.774510    0.895670    0.433181   -1.005102    0.000000       -2.018461        1.000000   20.593348    9.064739    0.010896    4.980548
    0.784314    0.874094    0.482325   -1.007666    0.000000       -2.021194        1.000000   20.861521    9.172538    0.010896    4.980548
    0.794118    0.850390    0.531574   -1.009425    0.000000       -2.023090        1.000000   21.122421    9.272291    0.010896    4.980548
    0.803922    0.824611    0.580895   -1.010663    0.000000       -2.024440        1.000000   21.375412    9.363717    0.010896    4.980548
    0.813725    0.796819    0.630268   -1.011552    0.000000       -2.025421        1.000000   21.619877    9.446661    0.010896    4.980548
    0.823529    0.767078    0.679677   -1.012204    0.000000       -2.026149        1.000000   21.855218    9.521097    0.010896    4.980548
    0.833333    0.735461    0.729115   -1.012690    0.000000       -2.026699        1.000000   22.080858    9.587121    0.010896    4.980548
    0.843137    0.702044    0.778573   -1.013057    0.000000       -2.027120        1.000000   22.296246    9.644946    0.010896    4.980548
    0.852941    0.666908    0.828046   -1.013338    0.000000       -2.027446        1.000000   22.500854    9.694895    0.010896    4.980548
    0.862745    0.630137    0.877532   -1.013556    0.000000       -2.027702        1.000000   22.694181    9.737387    0.010896    4.980548
    0.872549    0.591823    0.927027   -1.013726    0.000000       -2.027904        1.000000   22.875753    9.772927    0.010896    4.980548
    0.882353    0.552059    0.976530   -1.013860    0.000000       -2.028066        1.000000   23.045125    9.802087    0.010896    4.980548
    0.892157    0.510941    1.026038   -1.013966    0.000000       -2.028195        1.000000   23.201882    9.825496    0.010896    4.980548
    0.901961    0.468571    1.075551   -1.014050    0.000000       -2.028300        1.000000   23.345640    9.843818    0.010896    4.980548
    0.911765    0.425052    1.125067   -1.014117    0.000000       -2.028384        1.000000   23.476046    9.857739    0.010896    4.980548
    0.921569    0.380490    1.174587   -1.014171    0.000000       -2.028452        1.000000   23.592781    9.867942    0.010896    4.980548
    0.931373    0.334996    1.224109   -1.014214    0.000000       -2.028506        1.000000   23.695558    9.875099    0.010896    4.980548
    0.941176    0.288680    1.273633   -1.014248    0.000000       -2.028550        1.000000   23.784126    9.879846    0.010896    4.980548
    0.950980    0.241657    1.323158   -1.014274    0.000000       -2.028584        1.000000   23.858266    9.882772    0.010896    4.980548
    0.960784    0.194040    1.372684   -1.014294    0.000000       -2.028611        1.000000   23.917798    9.884401    0.010896    4.980548
    0.970588    0.145948    1.422212   -1.014309    0.000000       -2.028630        1.000000   23.962575    9.885181    0.010896    4.980548
    0.980392    0.097498    1.471740   -1.014319    0.000000       -2.028644        1.000000   23.992488    9.885473    0.010896    4.980548
    0.990196    0.048809    1.521268   -1.014325    0.000000       -2.028652        1.000000   24.007462    9.885540    0.010896    4.980548
    1.000000    0.000000    1.570796   -1.014327    0.000000       -2.028654        1.000000   24.007462    9.885545    0.010896    4.980548
