           t           r         psi          cs          qs               p             sig           A           V          Q2           S
    0.000000   -0.000000   -1.570796   -2.124756    0.000000       -4.249512        1.000000    0.000000    0.000000    0.898825   20.997899
    0.009804    0.198371   -1.080519   -2.855395    0.000000       -5.229081        1.000000    0.000000    0.003013    0.898825   20.997899
    0.019608    0.336114   -0.401693   -3.354771    0.000000       -6.093130        1.000000    0.434752    0.040908    0.898825   20.997899
    0.029412    0.359548    0.095021   -1.238312    0.000000       -4.007033        1.000000    0.899816    0.121713    0.898825   20.997899
    0.039216    0.328309    0.153044    0.405399    0.000000       -2.604913        1.000000    1.324473    0.197768    0.898825   20.997899
    0.049020    0.308651    0.033646    0.559751    0.000000       -2.678320        1.000000    1.723703    0.262177    0.898825   20.997899
    0.058824    0.310548   -0.035962    0.105291    0.000000       -3.112746        1.000000    2.125386    0.323674    0.898825   20.997899
    0.068627    0.317818   -0.026372   -0.137163    0.000000       -3.282521        1.000000    2.536474    0.387552    0.898825   20.997899
    0.078431    0.320343    0.000125   -0.091943    0.000000       -3.213594        1.000000    2.950828    0.453583    0.898825   20.997899
    0.088235    0.319120    0.008392    0.004170    0.000000       -3.129335        1.000000    3.363599    0.519754    0.898825   20.997899
    0.098039    0.317801    0.003526    0.030963    0.000000       -3.115638        1.000000    3.774665    0.585307    0.898825   20.997899
    0.107843    0.317630   -0.001175    0.011852    0.000000       -3.136463        1.000000    4.185509    0.650556    0.898825   20.997899
    0.117647    0.317978   -0.001624   -0.004824    0.000000       -3.149696        1.000000    4.596803    0.715873    0.898825   20.997899
    0.127451    0.318180   -0.000318   -0.005827    0.000000       -3.148700        1.000000    5.008358    0.781315    0.898825   20.997899
    0.137255    0.318156    0.000381   -0.000946    0.000000       -3.144059        1.000000    5.419883    0.846790    0.898825   20.997899
    0.147059    0.318081    0.000264    0.001452    0.000000       -3.142401        1.000000    5.831310    0.912238    0.898825   20.997899
    0.156863    0.318057   -0.000009    0.000919    0.000000       -3.143172        1.000000    6.242707    0.977665    0.898825   20.997899
    0.166667    0.318070   -0.000088   -0.000071    0.000000       -3.144028        1.000000    6.654120    1.043091    0.898825   20.997899
    0.176471    0.318084   -0.000034   -0.000323    0.000000       -3.144147        1.000000    7.065552    1.108523    0.898825   20.997899
    0.186275    0.318085    0.000013   -0.000115    0.000000       -3.143925        1.000000    7.476985    1.173958    0.898825   20.997899
    0.196078    0.318082    0.000017    0.000054    0.000000       -3.143793        1.000000    7.888413    1.239393    0.898825   20.997899
    0.205882    0.318080    0.000003    0.000059    0.000000       -3.143807        1.000000    8.299839    1.304827    0.898825   20.997899
    0.215686    0.318080   -0.000004    0.000008    0.000000       -3.143856        1.000000    8.711265    1.370260    0.898825   20.997899
    0.225490    0.318081   -0.000003   -0.000015    0.000000       -3.143871        1.000000    9.122692    1.435693    0.898825   20.997899
    0.235294    0.318081    0.000000   -0.000009    0.000000       -3.143863        1.000000    9.534119    1.501127    0.898825   20.997899
    0.245098    0.318081    0.000001    0.000001    0.000000       -3.143854        1.000000    9.945546    1.566560    0.898825   20.997899
    0.254902    0.318081    0.000000    0.000003    0.000000       -3.143853        1.000000   10.356973    1.631994    0.898825   20.997899
    0.264706    0.318081   -0.000000    0.000001    0.000000       -3.143856        1.000000   10.768400    1.697427    0.898825   20.997899
    0.274510    0.318081   -0.000000   -0.000001    0.000000       -3.143857        1.000000   11.179828    1.762861    0.898825   20.997899
    0.284314    0.318081   -0.000000   -0.000001    0.000000       -3.143857        1.000000   11.591255    1.828294    0.898825   20.997899
    0.294118    0.318081    0.000000   -0.000000    0.000000       -3.143856        1.000000   12.002682    1.893728    0.898825   20.997899
    0.303922    0.318081    0.000000    0.000000    0.000000       -3.143856        1.000000   12.414109    1.959161    0.898825   20.997899
    0.313725    0.318081   -0.000000    0.000000    0.000000       -3.143856        1.000000   12.825536    2.024595    0.898825   20.997899
    0.323529    0.318081   -0.000000   -0.000000    0.000000       -3.143856        1.000000   13.236963    2.090028    0.898825   20.997899
    0.333333    0.318081   -0.000000   -0.000000    0.000000       -3.143856        1.000000   13.648390    2.155462    0.898825   20.997899
    0.343137    0.318081    0.000000   -0.000000    0.000000       -3.143856        1.000000   14.059817    2.220895    0.898825   20.997899
    0.352941    0.318081    0.000000    0.000000    0.000000       -3.143856        1.000000   14.471244    2.286329    0.898825   20.997899
    0.362745    0.318081    0.000000    0.000000    0.000000       -3.143856        1.000000   14.882671    2.351762    0.898825   20.997899
    0.372549    0.318081   -0.000000    0.000000    0.000000       -3.143856        1.000000   15.294098    2.417196    0.898825   20.997899
    0.382353    0.318081   -0.000000   -0.000000    0.000000       -3.143856        1.000000   15.705525    2.482629    0.898825   20.997899
    0.392157    0.318081    0.000000   -0.000000    0.000000       -3.143856        1.000000   16.116952    2.548063    0.898825   20.997899
    0.401961    0.318081    0.000000    0.000000    0.000000       -3.143856        1.000000   16.528380    2.613496    0.898825   20.997899
    0.411765    0.318081    0.000000    0.000000    0.000000       -3.143856        1.000000   16.939807    2.678930    0.898825   20.997899
    0.421569    0.318081   -0.000000    0.000000    0.000000       -3.143856        1.000000   17.351234    2.744363    0.898825   20.997899
    0.431373    0.318081   -0.000000   -0.000000    0.000000       -3.143856        1.000000   17.762661    2.809797    0.898825   20.997899
    0.441176    0.318081   -0.000000   -0.000000    0.000000       -3.143856        1.000000   18.174088    2.875230    0.898825   20.997899
    0.450980    0.318081    0.000000   -0.000000    0.000000       -3.143856        1.000000   18.585515    2.940664    0.898825   20.997899
    0.460784    0.318081    0.000000    0.000000    0.000000       -3.143856        1.000000   18.996942    3.006097    0.898825   20.997899
    0.470588    0.318081   -0.000000    0.000000    0.000000       -3.143856        1.000000   19.408369    3.071531    0.898825   20.997899
    0.480392    0.318081   -0.000000   -0.000000    0.000000       -3.143856        1.000000   19.819796    3.136964    0.898825   20.997899
    0.490196    0.318081   -0.000000   -0.000000    0.000000       -3.143856        1.000000   20.231223    3.202398    0.898825   20.997899
    0.500000    0.318081    0.000000   -0.000000    0.000000       -3.143856        1.000000   20.642650    3.267831    0.898825   20.997899
    0.509804    0.318081    0.000000    0.000000    0.000000       -3.143856        1.000000   21.054077    3.333265    0.898825   20.997899
    0.519608    0.318081    0.000000    0.000000    0.000000       -3.143856        1.000000   21.465504    3.398698    0.898825   20.997899
    0.529412    0.318081   -0.000000    0.000000    0.000000       -3.143856        1.000000   21.876932    3.464132    0.898825   20.997899
    0.539216    0.318081   -0.000000   -0.000000    0.000000       -3.143856        1.000000   22.288359    3.529565    0.898825   20.997899
    0.549020    0.318081    0.000000   -0.000000    0.000000       -3.143856        1.000000   22.699786    3.594999    0.898825   20.997899
    0.558824    0.318081    0.000000   -0.000000    0.000000       -3.143856        1.000000   23.111213    3.660432    0.898825   20.997899
    0.568627    0.318081    0.000000    0.000000    0.000000       -3.143856        1.000000   23.522640    3.725866    0.898825   20.997899
    0.578431    0.318081    0.000000    0.000000    0.000000       -3.143856        1.000000   23.934067    3.791299    0.898825   20.997899
    0.588235    0.318081    0.000000    0.000000    0.000000       -3.143856        1.000000   24.345494    3.856733    0.898825   20.997899
    0.598039    0.318081    0.000000   -0.000000    0.000000       -3.143856        1.000000   24.756921    3.922166    0.898825   20.997899
    0.607843    0.318081    0.000000   -0.000000    0.000000       -3.143856        1.000000   25.168348    3.987600    0.898825   20.997899
    0.617647    0.318081    0.000000    0.000000    0.000000       -3.143856        1.000000   25.579775    4.053033    0.898825   20.997899
    0.627451    0.318081    0.000000    0.000000    0.000000       -3.143856        1.000000   25.991202    4.118467    0.898825   20.997899
    0.637255    0.318081    0.000000    0.000000    0.000000       -3.143856        1.000000   26.402629    4.183900    0.898825   20.997899
    0.647059    0.318081    0.000000    0.000000    0.000000       -3.143856        1.000000   26.814056    4.249334    0.898825   20.997899
    0.656863    0.318081    0.000000    0.000000    0.000000       -3.143856        1.000000   27.225483    4.314767    0.898825   20.997899
    0.666667    0.318081    0.000000    0.000000    0.000000       -3.143856        1.000000   27.636911    4.380201    0.898825   20.997899
    0.676471    0.318081    0.000000    0.000000    0.000000       -3.143856        1.000000   28.048338    4.445634    0.898825   20.997899
    0.686275    0.318081    0.000000    0.000000    0.000000       -3.143856        1.000000   28.459765    4.511068    0.898825   20.997899
    0.696078    0.318081    0.000000    0.000000    0.000000       -3.143856        1.000000   28.871192    4.576501    0.898825   20.997899
    0.705882    0.318081    0.000000   -0.000000    0.000000       -3.143856        1.000000   29.282619    4.641935    0.898825   20.997899
    0.715686    0.318081    0.000000   -0.000000    0.000000       -3.143856        1.000000   29.694046    4.707368    0.898825   20.997899
    0.725490    0.318081    0.000000   -0.000000    0.000000       -3.143856        1.000000   30.105473    4.772802    0.898825   20.997899
    0.735294    0.318081    0.000000   -0.000000    0.000000       -3.143856        1.000000   30.516900    4.838235    0.898825   20.997899
    0.745098    0.318081    0.000000   -0.000000    0.000000       -3.143856        1.000000   30.928327    4.903669    0.898825   20.997899
    0.754902    0.318081    0.000000   -0.000000    0.000000       -3.143856        1.000000   31.339754    4.969102    0.898825   20.997899
    0.764706    0.318081    0.000000   -0.000000    0.000000       -3.143856        1.000000   31.751181    5.034536    0.898825   20.997899
    0.774510    0.318081    0.000000   -0.000000    0.000000       -3.143856        1.000000   32.162608    5.099969    0.898825   20.997899
    0.784314    0.318081    0.000000   -0.000000    0.000000       -3.143856        1.000000   32.574035    5.165403    0.898825   20.997899
    0.794118    0.318081    0.000000   -0.000000    0.000000       -3.143856        1.000000   32.985463    5.230837    0.898825   20.997899
    0.803922    0.318081    0.000000   -0.000000    0.000000       -3.143856        1.000000   33.396890    5.296270    0.898825   20.997899
    0.813725    0.318081    0.000000   -0.000000    0.000000       -3.143856        1.000000   33.808317    5.361704    0.898825   20.997899
    0.823529    0.318081    0.000000   -0.000000    0.000000       -3.143856        1.000000   34.219744    5.427137    0.898825   20.997899
    0.833333    0.318081    0.000000   -0.000000    0.000000       -3.143856        1.000000   34.631171    5.492571    0.898825   20.997899
    0.843137    0.318081    0.000000   -0.000000    0.000000       -3.143856        1.000000   35.042598    5.558004    0.898825   20.997899
    0.852941    0.318081    0.000000   -0.000001    0.000000       -3.143857        1.000000   35.454025    5.623438    0.898825   20.997899
    0.862745    0.318081    0.000000   -0.000002    0.000000       -3.143858        1.000000   35.865452    5.688871    0.898825   20.997899
    0.872549    0.318081    0.000001   -0.000005    0.000000       -3.143863        1.000000   36.276879    5.754304    0.898825   20.997899
    0.882353    0.318080    0.000003   -0.000016    0.000000       -3.143878        1.000000   36.688305    5.819738    0.898825   20.997899
    0.892157    0.318079    0.000009   -0.000052    0.000000       -3.143925        1.000000   37.099730    5.885171    0.898825   20.997899
    0.901961    0.318075    0.000029   -0.000163    0.000000       -3.144071        1.000000   37.511150    5.950603    0.898825   20.997899
    0.911765    0.318064    0.000092   -0.000511    0.000000       -3.144530        1.000000   37.922556    6.016033    0.898825   20.997899
    0.921569    0.318029    0.000289   -0.001604    0.000000       -3.145973        1.000000   38.333916    6.081453    0.898825   20.997899
    0.931373    0.317918    0.000906   -0.005039    0.000000       -3.150506        1.000000   38.745132    6.146847    0.898825   20.997899
    0.941176    0.317569    0.002846   -0.015817    0.000000       -3.164729        1.000000   39.155897    6.212155    0.898825   20.997899
    0.950980    0.316473    0.008930   -0.049561    0.000000       -3.209260        1.000000   39.565245    6.277194    0.898825   20.997899
    0.960784    0.313041    0.027940   -0.154440    0.000000       -3.347660        1.000000   39.970154    6.341388    0.898825   20.997899
    0.970588    0.302356    0.086658   -0.472759    0.000000       -3.767711        1.000000   40.361241    6.402928    0.898825   20.997899
    0.980392    0.269834    0.261278   -1.364267    0.000000       -4.944464        1.000000   40.710263    6.456281    0.898825   20.997899
    0.990196    0.179618    0.719872   -3.240960    0.000000       -7.427012        1.000000   40.942593    6.487987    0.898825   20.997899
    1.000000    0.000000    1.570796   -4.650205    0.000000       -9.300410        1.000000   40.942593    6.492625    0.898825   20.997899
