           t           r         psi          cs          qs               p             sig           A           V          Q2           S
    0.000000    0.000000   -1.570796   -2.702388    0.000000       -5.404777        1.000000    0.000000    0.000000    0.939488   34.592265
    0.009804    0.268290   -0.324679   -4.088381    0.000000       -7.620951        1.000000    0.000000    0.023146    0.939488   34.592265
    0.019608    0.249826    0.139865    0.689543    0.000000       -3.274153        1.000000    0.532349    0.100800    0.939488   34.592265
    0.029412    0.241539   -0.040682    0.004400    0.000000       -4.132301        1.000000    1.047038    0.162182    0.939488   34.592265
    0.039216    0.247700    0.005791   -0.071007    0.000000       -4.108075        1.000000    1.574858    0.226714    0.939488   34.592265
    0.049020    0.245585    0.001005    0.033463    0.000000       -4.038451        1.000000    2.098169    0.291421    0.939488   34.592265
    0.058824    0.246025   -0.001030   -0.009372    0.000000       -4.073996        1.000000    2.622418    0.355771    0.939488   34.592265
    0.068627    0.246013    0.000399    0.001342    0.000000       -4.063476        1.000000    3.146643    0.420279    0.939488   34.592265
    0.078431    0.245978   -0.000094    0.000238    0.000000       -4.065172        1.000000    3.670792    0.484745    0.939488   34.592265
    0.088235    0.245996    0.000008   -0.000240    0.000000       -4.065348        1.000000    4.194979    0.549216    0.939488   34.592265
    0.098039    0.245991    0.000005    0.000093    0.000000       -4.065104        1.000000    4.719155    0.613688    0.939488   34.592265
    0.107843    0.245991   -0.000003   -0.000022    0.000000       -4.065205        1.000000    5.243333    0.678159    0.939488   34.592265
    0.117647    0.245991    0.000001    0.000002    0.000000       -4.065180        1.000000    5.767511    0.742631    0.939488   34.592265
    0.127451    0.245991   -0.000000    0.000001    0.000000       -4.065182        1.000000    6.291688    0.807103    0.939488   34.592265
    0.137255    0.245991   -0.000000   -0.000001    0.000000       -4.065183        1.000000    6.815866    0.871574    0.939488   34.592265
    0.147059    0.245991    0.000000    0.000000    0.000000       -4.065183        1.000000    7.340044    0.936046    0.939488   34.592265
    0.156863    0.245991   -0.000000   -0.000000    0.000000       -4.065183        1.000000    7.864222    1.000518    0.939488   34.592265
    0.166667    0.245991    0.000000   -0.000000    0.000000       -4.065183        1.000000    8.388400    1.064989    0.939488   34.592265
    0.176471    0.245991   -0.000000    0.000000    0.000000       -4.065183        1.000000    8.912577    1.129461    0.939488   34.592265
    0.186275    0.245991   -0.000000   -0.000000    0.000000       -4.065183        1.000000    9.436755    1.193932    0.939488   34.592265
    0.196078    0.245991    0.000000    0.000000    0.000000       -4.065183        1.000000    9.960933    1.258404    0.939488   34.592265
    0.205882    0.245991   -0.000000   -0.000000    0.000000       -4.065183        1.000000   10.485111    1.322876    0.939488   34.592265
    0.215686    0.245991    0.000000   -0.000000    0.000000       -4.065183        1.000000   11.009289    1.387347    0.939488   34.592265
    0.225490    0.245991   -0.000000    0.000000    0.000000       -4.065183        1.000000   11.533466    1.451819    0.939488   34.592265
    0.235294    0.245991   -0.000000   -0.000000    0.000000       -4.065183        1.000000   12.057644    1.516290    0.939488   34.592265
    0.245098    0.245991    0.000000    0.000000    0.000000       -4.065183        1.000000   12.581822    1.580762    0.939488   34.592265
    0.254902    0.245991   -0.000000   -0.000000    0.000000       -4.065183        1.000000   13.106000    1.645234    0.939488   34.592265
    0.264706    0.245991    0.000000   -0.000000    0.000000       -4.065183        1.000000   13.630177    1.709705    0.939488   34.592265
    0.274510    0.245991   -0.000000    0.000000    0.000000       -4.065183        1.000000   14.154355    1.774177    0.939488   34.592265
    0.284314    0.245991   -0.000000   -0.000000    0.000000       -4.065183        1.000000   14.678533    1.838649    0.939488   34.592265
    0.294118    0.245991   -0.000000   -0.000000    0.000000       -4.065183        1.000000   15.202711    1.903120    0.939488   34.592265
    0.303922    0.245991   -0.000000    0.000000    0.000000       -4.065183        1.000000   15.726889    1.967592    0.939488   34.592265
    0.313725    0.245991    0.000000   -0.000000    0.000000       -4.065183        1.000000   16.251066    2.032063    0.939488   34.592265
    0.323529    0.245991   -0.000000    0.000000    0.000000       -4.065183        1.000000   16.775244    2.096535    0.939488   34.592265
    0.333333    0.245991   -0.000000   -0.000000    0.000000       -4.065183        1.000000   17.299422    2.161007    0.939488   34.592265
    0.343137    0.245991   -0.000000   -0.000000    0.000000       -4.065183        1.000000   17.823600    2.225478    0.939488   34.592265
    0.352941    0.245991   -0.000000   -0.000000    0.000000       -4.065183        1.000000   18.347778    2.289950    0.939488   34.592265
    0.362745    0.245991   -0.000000   -0.000000    0.000000       -4.065183        1.000000   18.871955    2.354421    0.939488   34.592265
    0.372549    0.245991   -0.000000   -0.000000    0.000000       -4.065183        1.000000   19.396133    2.418893    0.939488   34.592265
    0.382353    0.245991   -0.000000    0.000000    0.000000       -4.065183        1.000000   19.920311    2.483365    0.939488   34.592265
    0.392157    0.245991    0.000000   -0.000000    0.000000       -4.065183        1.000000   20.444489    2.547836    0.939488   34.592265
    0.401961    0.245991   -0.000000    0.000000    0.000000       -4.065183        1.000000   20.968667    2.612308    0.939488   34.592265
    0.411765    0.245991   -0.000000   -0.000000    0.000000       -4.065183        1.000000   21.492844    2.676779    0.939488   34.592265
    0.421569    0.245991   -0.000000   -0.000000    0.000000       -4.065183        1.000000   22.017022    2.741251    0.939488   34.592265
    0.431373    0.245991   -0.000000   -0.000000    0.000000       -4.065183        1.000000   22.541200    2.805723    0.939488   34.592265
    0.441176    0.245991   -0.000000   -0.000000    0.000000       -4.065183        1.000000   23.065378    2.870194    0.939488   34.592265
    0.450980    0.245991   -0.000000   -0.000000    0.000000       -4.065183        1.000000   23.589556    2.934666    0.939488   34.592265
    0.460784    0.245991   -0.000000   -0.000000    0.000000       -4.065183        1.000000   24.113733    2.999138    0.939488   34.592265
    0.470588    0.245991   -0.000000   -0.000000    0.000000       -4.065183        1.000000   24.637911    3.063609    0.939488   34.592265
    0.480392    0.245991   -0.000000   -0.000000    0.000000       -4.065183        1.000000   25.162089    3.128081    0.939488   34.592265
    0.490196    0.245991   -0.000000    0.000000    0.000000       -4.065183        1.000000   25.686267    3.192552    0.939488   34.592265
    0.500000    0.245991    0.000000   -0.000000    0.000000       -4.065183        1.000000   26.210445    3.257024    0.939488   34.592265
    0.509804    0.245991    0.000000    0.000000    0.000000       -4.065183        1.000000   26.734622    3.321496    0.939488   34.592265
    0.519608    0.245991   -0.000000   -0.000000    0.000000       -4.065183        1.000000   27.258800    3.385967    0.939488   34.592265
    0.529412    0.245991    0.000000    0.000000    0.000000       -4.065183        1.000000   27.782978    3.450439    0.939488   34.592265
    0.539216    0.245991    0.000000   -0.000000    0.000000       -4.065183        1.000000   28.307156    3.514910    0.939488   34.592265
    0.549020    0.245991    0.000000    0.000000    0.000000       -4.065183        1.000000   28.831333    3.579382    0.939488   34.592265
    0.558824    0.245991    0.000000   -0.000000    0.000000       -4.065183        1.000000   29.355511    3.643854    0.939488   34.592265
    0.568627    0.245991    0.000000    0.000000    0.000000       -4.065183        1.000000   29.879689    3.708325    0.939488   34.592265
    0.578431    0.245991   -0.000000   -0.000000    0.000000       -4.065183        1.000000   30.403867    3.772797    0.939488   34.592265
    0.588235    0.245991    0.000000    0.000000    0.000000       -4.065183        1.000000   30.928045    3.837269    0.939488   34.592265
    0.598039    0.245991   -0.000000   -0.000000    0.000000       -4.065183        1.000000   31.452222    3.901740    0.939488   34.592265
    0.607843    0.245991    0.000000    0.000000    0.000000       -4.065183        1.000000   31.976400    3.966212    0.939488   34.592265
    0.617647    0.245991   -0.000000    0.000000    0.000000       -4.065183        1.000000   32.500578    4.030683    0.939488   34.592265
    0.627451    0.245991   -0.000000   -0.000000    0.000000       -4.065183        1.000000   33.024756    4.095155    0.939488   34.592265
    0.637255    0.245991   -0.000000    0.000000    0.000000       -4.065183        1.000000   33.548934    4.159627    0.939488   34.592265
    0.647059    0.245991    0.000000   -0.000000    0.000000       -4.065183        1.000000   34.073111    4.224098    0.939488   34.592265
    0.656863    0.245991    0.000000    0.000000    0.000000       -4.065183        1.000000   34.597289    4.288570    0.939488   34.592265
    0.666667    0.245991   -0.000000    0.000000    0.000000       -4.065183        1.000000   35.121467    4.353041    0.939488   34.592265
    0.676471    0.245991    0.000000   -0.000000    0.000000       -4.065183        1.000000   35.645645    4.417513    0.939488   34.592265
    0.686275    0.245991    0.000000   -0.000000    0.000000       -4.065183        1.000000   36.169823    4.481985    0.939488   34.592265
    0.696078    0.245991   -0.000000    0.000000    0.000000       -4.065183        1.000000   36.694000    4.546456    0.939488   34.592265
    0.705882    0.245991   -0.000000   -0.000000    0.000000       -4.065183        1.000000   37.218178    4.610928    0.939488   34.592265
    0.715686    0.245991   -0.000000    0.000000    0.000000       -4.065183        1.000000   37.742356    4.675400    0.939488   34.592265
    0.725490    0.245991   -0.000000   -0.000000    0.000000       -4.065183        1.000000   38.266534    4.739871    0.939488   34.592265
    0.735294    0.245991   -0.000000    0.000000    0.000000       -4.065183        1.000000   38.790712    4.804343    0.939488   34.592265
    0.745098    0.245991   -0.000000   -0.000000    0.000000       -4.065183        1.000000   39.314889    4.868814    0.939488   34.592265
    0.754902    0.245991    0.000000   -0.000000    0.000000       -4.065183        1.000000   39.839067    4.933286    0.939488   34.592265
    0.764706    0.245991   -0.000000    0.000000    0.000000       -4.065183        1.000000   40.363245    4.997758    0.939488   34.592265
    0.774510    0.245991   -0.000000    0.000000    0.000000       -4.065183        1.000000   40.887423    5.062229    0.939488   34.592265
    0.784314    0.245991   -0.000000   -0.000000    0.000000       -4.065183        1.000000   41.411601    5.126701    0.939488   34.592265
    0.794118    0.245991    0.000000    0.000000    0.000000       -4.065183        1.000000   41.935778    5.191172    0.939488   34.592265
    0.803922    0.245991   -0.000000   -0.000000    0.000000       -4.065183        1.000000   42.459956    5.255644    0.939488   34.592265
    0.813725    0.245991    0.000000    0.000000    0.000000       -4.065183        1.000000   42.984134    5.320116    0.939488   34.592265
    0.823529    0.245991   -0.000000    0.000000    0.000000       -4.065183        1.000000   43.508312    5.384587    0.939488   34.592265
    0.833333    0.245991   -0.000000   -0.000000    0.000000       -4.065183        1.000000   44.032490    5.449059    0.939488   34.592265
    0.843137    0.245991    0.000000   -0.000000    0.000000       -4.065183        1.000000   44.556667    5.513531    0.939488   34.592265
    0.852941    0.245991    0.000000   -0.000000    0.000000       -4.065183        1.000000   45.080845    5.578002    0.939488   34.592265
    0.862745    0.245991    0.000000   -0.000000    0.000000       -4.065183        1.000000   45.605023    5.642474    0.939488   34.592265
    0.872549    0.245991    0.000000   -0.000000    0.000000       -4.065183        1.000000   46.129201    5.706945    0.939488   34.592265
    0.882353    0.245991    0.000000   -0.000000    0.000000       -4.065183        1.000000   46.653378    5.771417    0.939488   34.592265
    0.892157    0.245991    0.000000   -0.000000    0.000000       -4.065183        1.000000   47.177556    5.835889    0.939488   34.592265
    0.901961    0.245991    0.000000   -0.000000    0.000000       -4.065183        1.000000   47.701734    5.900360    0.939488   34.592265
    0.911765    0.245991    0.000000   -0.000000    0.000000       -4.065183        1.000000   48.225912    5.964832    0.939488   34.592265
    0.921569    0.245991    0.000000   -0.000000    0.000000       -4.065183        1.000000   48.750090    6.029303    0.939488   34.592265
    0.931373    0.245991    0.000000   -0.000001    0.000000       -4.065184        1.000000   49.274267    6.093775    0.939488   34.592265
    0.941176    0.245991    0.000002   -0.000012    0.000000       -4.065199        1.000000   49.798445    6.158247    0.939488   34.592265
    0.950980    0.245989    0.000019   -0.000129    0.000000       -4.065356        1.000000   50.322617    6.222718    0.939488   34.592265
    0.960784    0.245963    0.000197   -0.001373    0.000000       -4.067023        1.000000   50.846734    6.287184    0.939488   34.592265
    0.970588    0.245691    0.002094   -0.014586    0.000000       -4.084731        1.000000   51.370272    6.351595    0.939488   34.592265
    0.980392    0.242803    0.022181   -0.154039    0.000000       -4.271587        1.000000   51.887656    6.415424    0.939488   34.592265
    0.990196    0.212789    0.227454   -1.519557    0.000000       -6.098016        1.000000   52.341083    6.473107    0.939488   34.592265
    1.000000    0.000000    1.570796   -6.108358    0.000000      -12.216717        1.000000   52.341083    6.492625    0.939488   34.592265
