           t           r         psi          cs          qs               p             sig           A           V          Q2           S
    0.000000    0.000000   -1.570796   -0.998589    0.000000       -1.997179        1.000000    0.000000   -0.000000    0.004367    3.880299
    0.009804    0.038033   -1.532808   -0.998590    0.000000       -1.997179        1.000000    0.000000    0.000002    0.004367    3.880299
    0.019608    0.076011   -1.494819   -0.998591    0.000000       -1.997180        1.000000    0.018169    0.000026    0.004367    3.880299
    0.029412    0.113880   -1.456831   -0.998592    0.000000       -1.997182        1.000000    0.045389    0.000132    0.004367    3.880299
    0.039216    0.151584   -1.418842   -0.998594    0.000000       -1.997185        1.000000    0.081621    0.000417    0.004367    3.880299
    0.049020    0.189069   -1.380853   -0.998597    0.000000       -1.997189        1.000000    0.126814    0.001014    0.004367    3.880299
    0.058824    0.226282   -1.342865   -0.998601    0.000000       -1.997194        1.000000    0.180901    0.002092    0.004367    3.880299
    0.068627    0.263168   -1.304876   -0.998605    0.000000       -1.997200        1.000000    0.243805    0.003852    0.004367    3.880299
    0.078431    0.299674   -1.266886   -0.998611    0.000000       -1.997207        1.000000    0.315434    0.006524    0.004367    3.880299
    0.088235    0.335748   -1.228897   -0.998617    0.000000       -1.997215        1.000000    0.395687    0.010365    0.004367    3.880299
    0.098039    0.371337   -1.190907   -0.998625    0.000000       -1.997226        1.000000    0.484446    0.015654    0.004367    3.880299
    0.107843    0.406391   -1.152917   -0.998635    0.000000       -1.997238        1.000000    0.581584    0.022689    0.004367    3.880299
    0.117647    0.440858   -1.114927   -0.998647    0.000000       -1.997252        1.000000    0.686960    0.031780    0.004367    3.880299
    0.127451    0.474689   -1.076936   -0.998660    0.000000       -1.997269        1.000000    0.800423    0.043249    0.004367    3.880299
    0.137255    0.507835   -1.038944   -0.998676    0.000000       -1.997289        1.000000    0.921809    0.057420    0.004367    3.880299
    0.147059    0.540248   -1.000952   -0.998696    0.000000       -1.997313        1.000000    1.050942    0.074618    0.004367    3.880299
    0.156863    0.571881   -0.962959   -0.998719    0.000000       -1.997342        1.000000    1.187636    0.095163    0.004367    3.880299
    0.166667    0.602689   -0.924965   -0.998748    0.000000       -1.997376        1.000000    1.331695    0.119363    0.004367    3.880299
    0.176471    0.632627   -0.886970   -0.998782    0.000000       -1.997416        1.000000    1.482909    0.147513    0.004367    3.880299
    0.186275    0.661653   -0.848974   -0.998823    0.000000       -1.997465        1.000000    1.641061    0.179886    0.004367    3.880299
    0.196078    0.689723   -0.810975   -0.998874    0.000000       -1.997524        1.000000    1.805922    0.216734    0.004367    3.880299
    0.205882    0.716797   -0.772975   -0.998936    0.000000       -1.997596        1.000000    1.977255    0.258277    0.004367    3.880299
    0.215686    0.742837   -0.734972   -0.999014    0.000000       -1.997684        1.000000    2.154813    0.304704    0.004367    3.880299
    0.225490    0.767804   -0.696965   -0.999111    0.000000       -1.997794        1.000000    2.338338    0.356169    0.004367    3.880299
    0.235294    0.791663   -0.658955   -0.999234    0.000000       -1.997932        1.000000    2.527566    0.412785    0.004367    3.880299
    0.245098    0.814379   -0.620939   -0.999392    0.000000       -1.998107        1.000000    2.722223    0.474626    0.004367    3.880299
    0.254902    0.835918   -0.582916   -0.999596    0.000000       -1.998331        1.000000    2.922030    0.541721    0.004367    3.880299
    0.264706    0.856250   -0.544885   -0.999866    0.000000       -1.998625        1.000000    3.126695    0.614053    0.004367    3.880299
    0.274510    0.875345   -0.506841   -1.000229    0.000000       -1.999015        1.000000    3.335925    0.691560    0.004367    3.880299
    0.284314    0.893174   -0.468781   -1.000725    0.000000       -1.999544        1.000000    3.549417    0.774132    0.004367    3.880299
    0.294118    0.909711   -0.430699   -1.001420    0.000000       -2.000280        1.000000    3.766861    0.861614    0.004367    3.880299
    0.303922    0.924931   -0.392585   -1.002422    0.000000       -2.001332        1.000000    3.987944    0.953803    0.004367    3.880299
    0.313725    0.938812   -0.354424   -1.003917    0.000000       -2.002889        1.000000    4.212344    1.050454    0.004367    3.880299
    0.323529    0.951329   -0.316192   -1.006239    0.000000       -2.005290        1.000000    4.439736    1.151276    0.004367    3.880299
    0.333333    0.962463   -0.277847   -1.010033    0.000000       -2.009187        1.000000    4.669790    1.255938    0.004367    3.880299
    0.343137    0.972191   -0.239310   -1.016643    0.000000       -2.015935        1.000000    4.902169    1.364073    0.004367    3.880299
    0.352941    0.980488   -0.200423   -1.029153    0.000000       -2.028637        1.000000    5.136531    1.475276    0.004367    3.880299
    0.362745    0.987325   -0.160837   -1.055527    0.000000       -2.055292        1.000000    5.372527    1.589112    0.004367    3.880299
    0.372549    0.992650   -0.119662   -1.118948    0.000000       -2.119148        1.000000    5.609796    1.705113    0.004367    3.880299
    0.382353    0.996356   -0.074458   -1.280480    0.000000       -2.281356        1.000000    5.847951    1.822778    0.004367    3.880299
    0.392157    0.998213   -0.022730   -1.319269    0.000000       -2.320800        1.000000    6.086550    1.941527    0.004367    3.880299
    0.401961    0.998343    0.008917   -0.289425    0.000000       -1.291045        1.000000    6.325179    2.060647    0.004367    3.880299
    0.411765    0.997948    0.009236    0.143792    0.000000       -0.858222        1.000000    6.563715    2.179710    0.004367    3.880299
    0.421569    0.997712    0.003165    0.145954    0.000000       -0.856335        1.000000    6.802194    2.298698    0.004367    3.880299
    0.431373    0.997679   -0.000903    0.065182    0.000000       -0.937145        1.000000    7.040665    2.417657    0.004367    3.880299
    0.441176    0.997742   -0.001981   -0.002562    0.000000       -1.004823        1.000000    7.279151    2.536623    0.004367    3.880299
    0.450980    0.997807   -0.001256   -0.028399    0.000000       -1.030597        1.000000    7.517652    2.655604    0.004367    3.880299
    0.460784    0.997834   -0.000245   -0.021311    0.000000       -1.023481        1.000000    7.756160    2.774598    0.004367    3.880299
    0.470588    0.997832    0.000265   -0.005828    0.000000       -1.008001        1.000000    7.994668    2.893594    0.004367    3.880299
    0.480392    0.997820    0.000287    0.003179    0.000000       -0.999006        1.000000    8.233173    3.012587    0.004367    3.880299
    0.490196    0.997812    0.000123    0.004459    0.000000       -0.997734        1.000000    8.471676    3.131579    0.004367    3.880299
    0.500000    0.997811   -0.000008    0.002214    0.000000       -0.999981        1.000000    8.710178    3.250569    0.004367    3.880299
    0.509804    0.997812   -0.000047   -0.000031    0.000000       -1.002224        1.000000    8.948681    3.369559    0.004367    3.880299
    0.519608    0.997813   -0.000021   -0.001134    0.000000       -1.003325        1.000000    9.187184    3.488550    0.004367    3.880299
    0.529412    0.997813    0.000033   -0.001709    0.000000       -1.003901        1.000000    9.425687    3.607541    0.004367    3.880299
    0.539216    0.997810    0.000121   -0.003258    0.000000       -1.005453        1.000000    9.664190    3.726531    0.004367    3.880299
    0.549020    0.997802    0.000325   -0.008372    0.000000       -1.010575        1.000000    9.902690    3.845521    0.004367    3.880299
    0.558824    0.997781    0.000874   -0.022884    0.000000       -1.025107        1.000000   10.141186    3.964507    0.004367    3.880299
    0.568627    0.997724    0.002358   -0.060944    0.000000       -1.063222        1.000000   10.379668    4.083484    0.004367    3.880299
    0.578431    0.997573    0.006168   -0.151197    0.000000       -1.153610        1.000000   10.618114    4.202438    0.004367    3.880299
    0.588235    0.997193    0.014940   -0.324549    0.000000       -1.327252        1.000000   10.856469    4.321326    0.004367    3.880299
    0.598039    0.996335    0.031631   -0.555477    0.000000       -1.558653        1.000000   11.094618    4.440048    0.004367    3.880299
    0.607843    0.994678    0.056751   -0.753066    0.000000       -1.756797        1.000000   11.332372    4.558393    0.004367    3.880299
    0.617647    0.991944    0.087908   -0.872705    0.000000       -1.876934        1.000000   11.569472    4.676026    0.004367    3.880299
    0.627451    0.987958    0.122415   -0.934351    0.000000       -1.938966        1.000000   11.805620    4.792524    0.004367    3.880299
    0.637255    0.982634    0.158615   -0.965344    0.000000       -1.970243        1.000000   12.040495    4.907427    0.004367    3.880299
    0.647059    0.975932    0.195678   -0.981518    0.000000       -1.986624        1.000000   12.273768    5.020269    0.004367    3.880299
    0.656863    0.967839    0.233202   -0.990439    0.000000       -1.995701        1.000000   12.505106    5.130593    0.004367    3.880299
    0.666667    0.958351    0.270988   -0.995641    0.000000       -2.001021        1.000000   12.734177    5.237966    0.004367    3.880299
    0.676471    0.947475    0.308930   -0.998831    0.000000       -2.004303        1.000000   12.960648    5.341981    0.004367    3.880299
    0.686275    0.935223    0.346969   -1.000875    0.000000       -2.006419        1.000000   13.184190    5.442265    0.004367    3.880299
    0.696078    0.921608    0.385072   -1.002234    0.000000       -2.007836        1.000000   13.404478    5.538478    0.004367    3.880299
    0.705882    0.906650    0.423218   -1.003167    0.000000       -2.008816        1.000000   13.621191    5.630325    0.004367    3.880299
    0.715686    0.890368    0.461394   -1.003825    0.000000       -2.009514        1.000000   13.834012    5.717548    0.004367    3.880299
    0.725490    0.872785    0.499591   -1.004301    0.000000       -2.010022        1.000000   14.042630    5.799936    0.004367    3.880299
    0.735294    0.853927    0.537804   -1.004652    0.000000       -2.010401        1.000000   14.246741    5.877325    0.004367    3.880299
    0.745098    0.833820    0.576028   -1.004916    0.000000       -2.010687        1.000000   14.446045    5.949596    0.004367    3.880299
    0.754902    0.812494    0.614261   -1.005117    0.000000       -2.010908        1.000000   14.640253    6.016677    0.004367    3.880299
    0.764706    0.789979    0.652501   -1.005273    0.000000       -2.011081        1.000000   14.829078    6.078543    0.004367    3.880299
    0.774510    0.766309    0.690746   -1.005395    0.000000       -2.011218        1.000000   15.012246    6.135216    0.004367    3.880299
    0.784314    0.741517    0.728996   -1.005492    0.000000       -2.011327        1.000000   15.189487    6.186760    0.004367    3.880299
    0.794118    0.715640    0.767248   -1.005569    0.000000       -2.011415        1.000000   15.360544    6.233283    0.004367    3.880299
    0.803922    0.688715    0.805503   -1.005631    0.000000       -2.011487        1.000000   15.525165    6.274932    0.004367    3.880299
    0.813725    0.660783    0.843761   -1.005682    0.000000       -2.011546        1.000000   15.683109    6.311892    0.004367    3.880299
    0.823529    0.631883    0.882020   -1.005723    0.000000       -2.011595        1.000000   15.834145    6.344378    0.004367    3.880299
    0.833333    0.602058    0.920280   -1.005758    0.000000       -2.011636        1.000000   15.978053    6.372637    0.004367    3.880299
    0.843137    0.571352    0.958542   -1.005786    0.000000       -2.011670        1.000000   16.114620    6.396941    0.004367    3.880299
    0.852941    0.539809    0.996805   -1.005809    0.000000       -2.011698        1.000000   16.243649    6.417582    0.004367    3.880299
    0.862745    0.507477    1.035068   -1.005829    0.000000       -2.011722        1.000000   16.364949    6.434866    0.004367    3.880299
    0.872549    0.474401    1.073333   -1.005845    0.000000       -2.011742        1.000000   16.478343    6.449112    0.004367    3.880299
    0.882353    0.440630    1.111597   -1.005859    0.000000       -2.011759        1.000000   16.583665    6.460645    0.004367    3.880299
    0.892157    0.406215    1.149863   -1.005871    0.000000       -2.011774        1.000000   16.680761    6.469789    0.004367    3.880299
    0.901961    0.371205    1.188128   -1.005880    0.000000       -2.011786        1.000000   16.769488    6.476867    0.004367    3.880299
    0.911765    0.335651    1.226394   -1.005888    0.000000       -2.011797        1.000000   16.849718    6.482190    0.004367    3.880299
    0.921569    0.299606    1.264661   -1.005895    0.000000       -2.011805        1.000000   16.921331    6.486056    0.004367    3.880299
    0.931373    0.263122    1.302927   -1.005901    0.000000       -2.011812        1.000000   16.984224    6.488746    0.004367    3.880299
    0.941176    0.226253    1.341194   -1.005905    0.000000       -2.011818        1.000000   17.038304    6.490518    0.004367    3.880299
    0.950980    0.189052    1.379461   -1.005909    0.000000       -2.011823        1.000000   17.083493    6.491603    0.004367    3.880299
    0.960784    0.151575    1.417728   -1.005912    0.000000       -2.011827        1.000000   17.119723    6.492205    0.004367    3.880299
    0.970588    0.113876    1.455995   -1.005914    0.000000       -2.011830        1.000000   17.146942    6.492491    0.004367    3.880299
    0.980392    0.076010    1.494262   -1.005916    0.000000       -2.011832        1.000000   17.165111    6.492598    0.004367    3.880299
    0.990196    0.038033    1.532529   -1.005916    0.000000       -2.011833        1.000000   17.174201    6.492623    0.004367    3.880299
    1.000000    0.000000    1.570796   -1.005917    0.000000       -2.011833        1.000000   17.174201    6.492625    0.004367    3.880299
