           t           r         psi          cs          qs               p             sig           A           V          Q2           S
    0.000000    0.000000   -1.570796   -0.998312    0.000000       -1.996624        1.000000    0.000000    0.000000    0.005382    3.881578
    0.009804    0.038046   -1.532806   -0.998312    0.000000       -1.996625        1.000000    0.000000    0.000002    0.005382    3.881578
    0.019608    0.076036   -1.494815   -0.998314    0.000000       -1.996626        1.000000    0.018181    0.000026    0.005382    3.881578
    0.029412    0.113917   -1.456825   -0.998316    0.000000       -1.996629        1.000000    0.045419    0.000133    0.005382    3.881578
    0.039216    0.151634   -1.418834   -0.998319    0.000000       -1.996633        1.000000    0.081675    0.000418    0.005382    3.881578
    0.049020    0.189131   -1.380843   -0.998323    0.000000       -1.996638        1.000000    0.126897    0.001015    0.005382    3.881578
    0.058824    0.226356   -1.342852   -0.998327    0.000000       -1.996644        1.000000    0.181020    0.002094    0.005382    3.881578
    0.068627    0.263254   -1.304861   -0.998334    0.000000       -1.996653        1.000000    0.243965    0.003856    0.005382    3.881578
    0.078431    0.299772   -1.266870   -0.998341    0.000000       -1.996662        1.000000    0.315642    0.006531    0.005382    3.881578
    0.088235    0.335858   -1.228878   -0.998350    0.000000       -1.996674        1.000000    0.395947    0.010376    0.005382    3.881578
    0.098039    0.371459   -1.190886   -0.998361    0.000000       -1.996688        1.000000    0.484765    0.015671    0.005382    3.881578
    0.107843    0.406523   -1.152894   -0.998375    0.000000       -1.996705        1.000000    0.581966    0.022713    0.005382    3.881578
    0.117647    0.441001   -1.114900   -0.998390    0.000000       -1.996725        1.000000    0.687412    0.031813    0.005382    3.881578
    0.127451    0.474843   -1.076907   -0.998409    0.000000       -1.996748        1.000000    0.800949    0.043294    0.005382    3.881578
    0.137255    0.507999   -1.038912   -0.998431    0.000000       -1.996776        1.000000    0.922414    0.057479    0.005382    3.881578
    0.147059    0.540422   -1.000917   -0.998458    0.000000       -1.996809        1.000000    1.051631    0.074695    0.005382    3.881578
    0.156863    0.572065   -0.962920   -0.998490    0.000000       -1.996848        1.000000    1.188415    0.095261    0.005382    3.881578
    0.166667    0.602883   -0.924922   -0.998529    0.000000       -1.996894        1.000000    1.332567    0.119486    0.005382    3.881578
    0.176471    0.632830   -0.886922   -0.998576    0.000000       -1.996950        1.000000    1.483879    0.147665    0.005382    3.881578
    0.186275    0.661863   -0.848921   -0.998633    0.000000       -1.997016        1.000000    1.642134    0.180072    0.005382    3.881578
    0.196078    0.689941   -0.810917   -0.998702    0.000000       -1.997098        1.000000    1.807102    0.216957    0.005382    3.881578
    0.205882    0.717023   -0.772910   -0.998788    0.000000       -1.997196        1.000000    1.978546    0.258543    0.005382    3.881578
    0.215686    0.743069   -0.734900   -0.998894    0.000000       -1.997318        1.000000    2.156217    0.305017    0.005382    3.881578
    0.225490    0.768043   -0.696885   -0.999028    0.000000       -1.997469        1.000000    2.339860    0.356534    0.005382    3.881578
    0.235294    0.791907   -0.658864   -0.999197    0.000000       -1.997658        1.000000    2.529208    0.413209    0.005382    3.881578
    0.245098    0.814627   -0.620836   -0.999413    0.000000       -1.997898        1.000000    2.723989    0.475113    0.005382    3.881578
    0.254902    0.836170   -0.582798   -0.999694    0.000000       -1.998206        1.000000    2.923922    0.542275    0.005382    3.881578
    0.264706    0.856505   -0.544748   -1.000065    0.000000       -1.998609        1.000000    3.128716    0.614680    0.005382    3.881578
    0.274510    0.875601   -0.506682   -1.000563    0.000000       -1.999145        1.000000    3.338076    0.692265    0.005382    3.881578
    0.284314    0.893430   -0.468594   -1.001243    0.000000       -1.999872        1.000000    3.551699    0.774920    0.005382    3.881578
    0.294118    0.909965   -0.430475   -1.002198    0.000000       -2.000882        1.000000    3.769276    0.862489    0.005382    3.881578
    0.303922    0.925182   -0.392312   -1.003574    0.000000       -2.002326        1.000000    3.990492    0.954769    0.005382    3.881578
    0.313725    0.939056   -0.354085   -1.005626    0.000000       -2.004463        1.000000    4.215024    1.051515    0.005382    3.881578
    0.323529    0.951564   -0.315760   -1.008810    0.000000       -2.007756        1.000000    4.442548    1.152434    0.005382    3.881578
    0.333333    0.962684   -0.277280   -1.014008    0.000000       -2.013094        1.000000    4.672730    1.257197    0.005382    3.881578
    0.343137    0.972390   -0.238537   -1.023043    0.000000       -2.022317        1.000000    4.905233    1.365433    0.005382    3.881578
    0.352941    0.980656   -0.199318   -1.040052    0.000000       -2.039588        1.000000    5.139712    1.476738    0.005382    3.881578
    0.362745    0.987444   -0.159153   -1.075440    0.000000       -2.075356        1.000000    5.375815    1.590673    0.005382    3.881578
    0.372549    0.992689   -0.116895   -1.157240    0.000000       -2.157730        1.000000    5.613171    1.706767    0.005382    3.881578
    0.382353    0.996258   -0.069792   -1.334969    0.000000       -2.336281        1.000000    5.851381    1.824505    0.005382    3.881578
    0.392157    0.997919   -0.017995   -1.230308    0.000000       -2.232231        1.000000    6.089988    1.943275    0.005382    3.881578
    0.401961    0.997942    0.010307   -0.258619    0.000000       -1.260629        1.000000    6.328601    2.062350    0.005382    3.881578
    0.411765    0.997497    0.010621    0.135680    0.000000       -0.866772        1.000000    6.567107    2.181350    0.005382    3.881578
    0.421569    0.997207    0.004538    0.155591    0.000000       -0.847200        1.000000    6.805544    2.300262    0.005382    3.881578
    0.431373    0.997132   -0.000171    0.087113    0.000000       -0.915763        1.000000    7.043963    2.419134    0.005382    3.881578
    0.441176    0.997184   -0.002095    0.017390    0.000000       -0.985432        1.000000    7.282394    2.538006    0.005382    3.881578
    0.450980    0.997264   -0.001891   -0.022012    0.000000       -1.024754        1.000000    7.520844    2.656896    0.005382    3.881578
    0.460784    0.997317   -0.000854   -0.027868    0.000000       -1.030557        1.000000    7.759308    2.775802    0.005382    3.881578
    0.470588    0.997332    0.000002   -0.015776    0.000000       -1.018451        1.000000    7.997774    2.894716    0.005382    3.881578
    0.480392    0.997324    0.000340   -0.002746    0.000000       -1.005429        1.000000    8.236239    3.013631    0.005382    3.881578
    0.490196    0.997311    0.000298    0.003753    0.000000       -0.998943        1.000000    8.474701    3.132542    0.005382    3.881578
    0.500000    0.997303    0.000131    0.004278    0.000000       -0.998426        1.000000    8.713160    3.251451    0.005382    3.881578
    0.509804    0.997300    0.000007    0.002048    0.000000       -1.000659        1.000000    8.951620    3.370359    0.005382    3.881578
    0.519608    0.997301   -0.000022   -0.000486    0.000000       -1.003193        1.000000    9.190079    3.489267    0.005382    3.881578
    0.529412    0.997301    0.000039   -0.002725    0.000000       -1.005432        1.000000    9.428538    3.608175    0.005382    3.881578
    0.539216    0.997297    0.000197   -0.005905    0.000000       -1.008616        1.000000    9.666996    3.727082    0.005382    3.881578
    0.549020    0.997284    0.000541   -0.013293    0.000000       -1.016016        1.000000    9.905452    3.845988    0.005382    3.881578
    0.558824    0.997250    0.001346   -0.031777    0.000000       -1.034534        1.000000   10.143899    3.964888    0.005382    3.881578
    0.568627    0.997167    0.003274   -0.075497    0.000000       -1.078333        1.000000   10.382326    4.083775    0.005382    3.881578
    0.578431    0.996969    0.007716   -0.168484    0.000000       -1.171494        1.000000   10.620706    4.202629    0.005382    3.881578
    0.588235    0.996519    0.017003   -0.331290    0.000000       -1.334639        1.000000   10.858978    4.321403    0.005382    3.881578
    0.598039    0.995582    0.033544   -0.540414    0.000000       -1.544286        1.000000   11.097027    4.439988    0.005382    3.881578
    0.607843    0.993867    0.057825   -0.726574    0.000000       -1.731063        1.000000   11.334665    4.558177    0.005382    3.881578
    0.617647    0.991109    0.088015   -0.849320    0.000000       -1.854385        1.000000   11.571644    4.675649    0.005382    3.881578
    0.627451    0.987133    0.121780   -0.918180    0.000000       -1.923711        1.000000   11.807672    4.791994    0.005382    3.881578
    0.637255    0.981841    0.157495   -0.955096    0.000000       -1.960985        1.000000   12.042435    4.906761    0.005382    3.881578
    0.647059    0.975186    0.194261   -0.975222    0.000000       -1.981380        1.000000   12.275606    5.019488    0.005382    3.881578
    0.656863    0.967145    0.231610   -0.986652    0.000000       -1.993014        1.000000   12.506855    5.129721    0.005382    3.881578
    0.666667    0.957715    0.269297   -0.993449    0.000000       -1.999968        1.000000   12.735849    5.237026    0.005382    3.881578
    0.676471    0.946899    0.307189   -0.997673    0.000000       -2.004315        1.000000   12.962257    5.340997    0.005382    3.881578
    0.686275    0.934705    0.345210   -1.000404    0.000000       -2.007144        1.000000   13.185749    5.441256    0.005382    3.881578
    0.696078    0.921149    0.383318   -1.002233    0.000000       -2.009051        1.000000   13.406000    5.537465    0.005382    3.881578
    0.705882    0.906246    0.421483   -1.003495    0.000000       -2.010377        1.000000   13.622688    5.629323    0.005382    3.881578
    0.715686    0.890018    0.459688   -1.004388    0.000000       -2.011324        1.000000   13.835496    5.716573    0.005382    3.881578
    0.725490    0.872487    0.497923   -1.005036    0.000000       -2.012016        1.000000   14.044111    5.799001    0.005382    3.881578
    0.735294    0.853677    0.536179   -1.005515    0.000000       -2.012532        1.000000   14.248229    5.876438    0.005382    3.881578
    0.745098    0.833616    0.574450   -1.005875    0.000000       -2.012924        1.000000   14.447551    5.948766    0.005382    3.881578
    0.754902    0.812331    0.612734   -1.006151    0.000000       -2.013226        1.000000   14.641783    6.015909    0.005382    3.881578
    0.764706    0.789855    0.651027   -1.006364    0.000000       -2.013462        1.000000   14.830641    6.077842    0.005382    3.881578
    0.774510    0.766220    0.689327   -1.006531    0.000000       -2.013649        1.000000   15.013848    6.134583    0.005382    3.881578
    0.784314    0.741460    0.727633   -1.006664    0.000000       -2.013799        1.000000   15.191134    6.186195    0.005382    3.881578
    0.794118    0.715612    0.765944   -1.006770    0.000000       -2.013920        1.000000   15.362240    6.232786    0.005382    3.881578
    0.803922    0.688712    0.804258   -1.006855    0.000000       -2.014019        1.000000   15.526915    6.274500    0.005382    3.881578
    0.813725    0.660802    0.842574   -1.006925    0.000000       -2.014100        1.000000   15.684915    6.311521    0.005382    3.881578
    0.823529    0.631921    0.880894   -1.006982    0.000000       -2.014167        1.000000   15.836011    6.344065    0.005382    3.881578
    0.833333    0.602113    0.919215   -1.007029    0.000000       -2.014223        1.000000   15.979979    6.372377    0.005382    3.881578
    0.843137    0.571420    0.957538   -1.007068    0.000000       -2.014270        1.000000   16.116608    6.396729    0.005382    3.881578
    0.852941    0.539887    0.995862   -1.007100    0.000000       -2.014309        1.000000   16.245697    6.417411    0.005382    3.881578
    0.862745    0.507562    1.034188   -1.007127    0.000000       -2.014342        1.000000   16.367058    6.434732    0.005382    3.881578
    0.872549    0.474491    1.072514   -1.007150    0.000000       -2.014370        1.000000   16.480511    6.449009    0.005382    3.881578
    0.882353    0.440724    1.110841   -1.007168    0.000000       -2.014393        1.000000   16.585890    6.460568    0.005382    3.881578
    0.892157    0.406309    1.149169   -1.007184    0.000000       -2.014413        1.000000   16.683040    6.469734    0.005382    3.881578
    0.901961    0.371297    1.187497   -1.007198    0.000000       -2.014430        1.000000   16.771819    6.476828    0.005382    3.881578
    0.911765    0.335739    1.225826   -1.007209    0.000000       -2.014444        1.000000   16.852096    6.482163    0.005382    3.881578
    0.921569    0.299689    1.264155   -1.007218    0.000000       -2.014456        1.000000   16.923753    6.486039    0.005382    3.881578
    0.931373    0.263198    1.302485   -1.007226    0.000000       -2.014466        1.000000   16.986685    6.488736    0.005382    3.881578
    0.941176    0.226321    1.340815   -1.007232    0.000000       -2.014474        1.000000   17.040799    6.490512    0.005382    3.881578
    0.950980    0.189111    1.379145   -1.007237    0.000000       -2.014481        1.000000   17.086016    6.491601    0.005382    3.881578
    0.960784    0.151623    1.417475   -1.007241    0.000000       -2.014486        1.000000   17.122270    6.492203    0.005382    3.881578
    0.970588    0.113913    1.455805   -1.007244    0.000000       -2.014490        1.000000   17.149507    6.492491    0.005382    3.881578
    0.980392    0.076035    1.494135   -1.007246    0.000000       -2.014493        1.000000   17.167687    6.492598    0.005382    3.881578
    0.990196    0.038045    1.532466   -1.007247    0.000000       -2.014494        1.000000   17.176784    6.492623    0.005382    3.881578
    1.000000    0.000000    1.570796   -1.007247    0.000000       -2.014495        1.000000   17.176784    6.492625    0.005382    3.881578
