           t           r         psi          cs          qs               p             sig           A           V          Q2           S
    0.000000    0.000000   -1.570796   -0.995317    0.000000       -1.990634        1.000000    0.000000    0.000000    0.019782    4.077242
    0.009804    0.039962   -1.531011   -0.995320    0.000000       -1.990638        1.000000    0.000000    0.000002    0.019782    4.077242
    0.019608    0.079862   -1.491224   -0.995330    0.000000       -1.990651        1.000000    0.020058    0.000032    0.019782    4.077242
    0.029412    0.119634   -1.451438   -0.995346    0.000000       -1.990673        1.000000    0.050105    0.000161    0.019782    4.077242
    0.039216    0.159218   -1.411651   -0.995370    0.000000       -1.990704        1.000000    0.090094    0.000507    0.019782    4.077242
    0.049020    0.198549   -1.371862   -0.995401    0.000000       -1.990746        1.000000    0.139961    0.001231    0.019782    4.077242
    0.058824    0.237566   -1.332072   -0.995442    0.000000       -1.990799        1.000000    0.199627    0.002538    0.019782    4.077242
    0.068627    0.276207   -1.292280   -0.995492    0.000000       -1.990865        1.000000    0.268999    0.004670    0.019782    4.077242
    0.078431    0.314411   -1.252486   -0.995555    0.000000       -1.990945        1.000000    0.347966    0.007904    0.019782    4.077242
    0.088235    0.352117   -1.212690   -0.995630    0.000000       -1.991042        1.000000    0.436402    0.012547    0.019782    4.077242
    0.098039    0.389266   -1.172890   -0.995721    0.000000       -1.991158        1.000000    0.534169    0.018933    0.019782    4.077242
    0.107843    0.425798   -1.133086   -0.995832    0.000000       -1.991297        1.000000    0.641112    0.027414    0.019782    4.077242
    0.117647    0.461655   -1.093277   -0.995964    0.000000       -1.991463        1.000000    0.757060    0.038358    0.019782    4.077242
    0.127451    0.496782   -1.053462   -0.996123    0.000000       -1.991661        1.000000    0.881830    0.052141    0.019782    4.077242
    0.137255    0.531121   -1.013640   -0.996315    0.000000       -1.991897        1.000000    1.015226    0.069139    0.019782    4.077242
    0.147059    0.564619   -0.973810   -0.996547    0.000000       -1.992179        1.000000    1.157034    0.089727    0.019782    4.077242
    0.156863    0.597222   -0.933970   -0.996828    0.000000       -1.992517        1.000000    1.307031    0.114268    0.019782    4.077242
    0.166667    0.628877   -0.894117   -0.997171    0.000000       -1.992926        1.000000    1.464978    0.143108    0.019782    4.077242
    0.176471    0.659535   -0.854249   -0.997591    0.000000       -1.993421        1.000000    1.630625    0.176572    0.019782    4.077242
    0.186275    0.689147   -0.814362   -0.998110    0.000000       -1.994026        1.000000    1.803709    0.214956    0.019782    4.077242
    0.196078    0.717663   -0.774453   -0.998753    0.000000       -1.994769        1.000000    1.983956    0.258520    0.019782    4.077242
    0.205882    0.745040   -0.734514   -0.999561    0.000000       -1.995691        1.000000    2.171078    0.307487    0.019782    4.077242
    0.215686    0.771231   -0.694539   -1.000582    0.000000       -1.996846        1.000000    2.364779    0.362038    0.019782    4.077242
    0.225490    0.796193   -0.654518   -1.001890    0.000000       -1.998308        1.000000    2.564749    0.422305    0.019782    4.077242
    0.235294    0.819886   -0.614437   -1.003585    0.000000       -2.000184        1.000000    2.770669    0.488369    0.019782    4.077242
    0.245098    0.842269   -0.574278   -1.005813    0.000000       -2.002626        1.000000    2.982211    0.560257    0.019782    4.077242
    0.254902    0.863302   -0.534016   -1.008792    0.000000       -2.005858        1.000000    3.199036    0.637943    0.019782    4.077242
    0.264706    0.882948   -0.493615   -1.012847    0.000000       -2.010216        1.000000    3.420795    0.721343    0.019782    4.077242
    0.274510    0.901169   -0.453022   -1.018487    0.000000       -2.016223        1.000000    3.647131    0.810315    0.019782    4.077242
    0.284314    0.917927   -0.412159   -1.026526    0.000000       -2.024708        1.000000    3.877675    0.904659    0.019782    4.077242
    0.294118    0.933181   -0.370906   -1.038308    0.000000       -2.037041        1.000000    4.112050    1.004121    0.019782    4.077242
    0.303922    0.946888   -0.329071   -1.056119    0.000000       -2.055543        1.000000    4.349868    1.108388    0.019782    4.077242
    0.313725    0.958998   -0.286342   -1.083947    0.000000       -2.084246        1.000000    4.590728    1.217094    0.019782    4.077242
    0.323529    0.969444   -0.242190   -1.128713    0.000000       -2.130127        1.000000    4.834211    1.329817    0.019782    4.077242
    0.333333    0.978135   -0.195737   -1.201158    0.000000       -2.203989        1.000000    5.079877    1.446078    0.019782    4.077242
    0.343137    0.984939   -0.145678   -1.308662    0.000000       -2.313199        1.000000    5.327251    1.565325    0.019782    4.077242
    0.352941    0.989675   -0.091212   -1.401894    0.000000       -2.408127        1.000000    5.575816    1.686904    0.019782    4.077242
    0.362745    0.992212   -0.036837   -1.250686    0.000000       -2.257851        1.000000    5.825017    1.810000    0.019782    4.077242
    0.372549    0.992811    0.003278   -0.716779    0.000000       -1.724015        1.000000    6.074369    1.933716    0.019782    4.077242
    0.382353    0.992258    0.020949   -0.205164    0.000000       -1.212745        1.000000    6.323582    2.057428    0.019782    4.077242
    0.392157    0.991343    0.023099    0.060038    0.000000       -0.948426        1.000000    6.572565    2.180925    0.019782    4.077242
    0.401961    0.990501    0.018402    0.155232    0.000000       -0.854187        1.000000    6.821337    2.304203    0.019782    4.077242
    0.411765    0.989896    0.011783    0.166822    0.000000       -0.843315        1.000000    7.069957    2.427312    0.019782    4.077242
    0.421569    0.989553    0.005556    0.140850    0.000000       -0.869692        1.000000    7.318491    2.550313    0.019782    4.077242
    0.431373    0.989433    0.000714    0.100234    0.000000       -0.910445        1.000000    7.566994    2.673262    0.019782    4.077242
    0.441176    0.989473   -0.002430    0.057439    0.000000       -0.953197        1.000000    7.815508    2.796203    0.019782    4.077242
    0.450980    0.989606   -0.003951    0.019966    0.000000       -0.990530        1.000000    8.064055    2.919167    0.019782    4.077242
    0.460784    0.989772   -0.004157   -0.007791    0.000000       -1.018116        1.000000    8.312643    3.042168    0.019782    4.077242
    0.470588    0.989926   -0.003481   -0.024153    0.000000       -1.034323        1.000000    8.561271    3.165210    0.019782    4.077242
    0.480392    0.990044   -0.002368   -0.029980    0.000000       -1.040033        1.000000    8.809928    3.288286    0.019782    4.077242
    0.490196    0.990115   -0.001188   -0.028046    0.000000       -1.038029        1.000000    9.058602    3.411386    0.019782    4.077242
    0.500000    0.990141   -0.000180   -0.021969    0.000000       -1.031926        1.000000    9.307284    3.534499    0.019782    4.077242
    0.509804    0.990133    0.000559   -0.015152    0.000000       -1.025118        1.000000    9.555963    3.657613    0.019782    4.077242
    0.519608    0.990100    0.001056   -0.010172    0.000000       -1.020171        1.000000    9.804634    3.780722    0.019782    4.077242
    0.529412    0.990050    0.001419   -0.008718    0.000000       -1.018766        1.000000   10.053293    3.903821    0.019782    4.077242
    0.539216    0.989986    0.001815   -0.011931    0.000000       -1.022045        1.000000   10.301935    4.026905    0.019782    4.077242
    0.549020    0.989902    0.002450   -0.020933    0.000000       -1.031131        1.000000   10.550556    4.149971    0.019782    4.077242
    0.558824    0.989783    0.003587   -0.037386    0.000000       -1.047701        1.000000   10.799148    4.273012    0.019782    4.077242
    0.568627    0.989604    0.005573   -0.063970    0.000000       -1.074460        1.000000   11.047694    4.396016    0.019782    4.077242
    0.578431    0.989320    0.008888   -0.104588    0.000000       -1.115343        1.000000   11.296169    4.518962    0.019782    4.077242
    0.588235    0.988867    0.014184   -0.163860    0.000000       -1.175017        1.000000   11.544531    4.641813    0.019782    4.077242
    0.598039    0.988149    0.022286   -0.245370    0.000000       -1.257112        1.000000   11.792712    4.764508    0.019782    4.077242
    0.607843    0.987036    0.034093   -0.348633    0.000000       -1.361178        1.000000   12.040613    4.886952    0.019782    4.077242
    0.617647    0.985365    0.050355   -0.466495    0.000000       -1.480062        1.000000   12.288095    5.008994    0.019782    4.077242
    0.627451    0.982948    0.071411   -0.586135    0.000000       -1.600889        1.000000   12.534970    5.130417    0.019782    4.077242
    0.637255    0.979600    0.097060   -0.694359    0.000000       -1.710380        1.000000   12.781004    5.250930    0.019782    4.077242
    0.647059    0.975150    0.126660   -0.783080    0.000000       -1.800349        1.000000   13.025920    5.370165    0.019782    4.077242
    0.656863    0.969461    0.159380   -0.850688    0.000000       -1.869115        1.000000   13.269407    5.487697    0.019782    4.077242
    0.666667    0.962434    0.194422   -0.899858    0.000000       -1.919315        1.000000   13.511130    5.603067    0.019782    4.077242
    0.676471    0.953997    0.231130   -0.934750    0.000000       -1.955097        1.000000   13.750733    5.715797    0.019782    4.077242
    0.686275    0.944109    0.269014   -0.959299    0.000000       -1.980403        1.000000   13.987853    5.825414    0.019782    4.077242
    0.696078    0.932744    0.307726   -0.976605    0.000000       -1.998348        1.000000   14.222119    5.931465    0.019782    4.077242
    0.705882    0.919892    0.347024   -0.988905    0.000000       -2.011187        1.000000   14.453157    6.033524    0.019782    4.077242
    0.715686    0.905556    0.386739   -0.997750    0.000000       -2.020485        1.000000   14.680594    6.131204    0.019782    4.077242
    0.725490    0.889744    0.426758   -1.004194    0.000000       -2.027312        1.000000   14.904060    6.224163    0.019782    4.077242
    0.735294    0.872471    0.466998   -1.008954    0.000000       -2.032396        1.000000   15.123187    6.312110    0.019782    4.077242
    0.745098    0.853759    0.507404   -1.012517    0.000000       -2.036236        1.000000   15.337615    6.394804    0.019782    4.077242
    0.754902    0.833634    0.547933   -1.015218    0.000000       -2.039173        1.000000   15.546988    6.472063    0.019782    4.077242
    0.764706    0.812124    0.588558   -1.017291    0.000000       -2.041449        1.000000   15.750959    6.543760    0.019782    4.077242
    0.774510    0.789262    0.629256   -1.018900    0.000000       -2.043232        1.000000   15.949188    6.609828    0.019782    4.077242
    0.784314    0.765084    0.670010   -1.020162    0.000000       -2.044644        1.000000   16.141345    6.670254    0.019782    4.077242
    0.794118    0.739629    0.710810   -1.021160    0.000000       -2.045773        1.000000   16.327109    6.725085    0.019782    4.077242
    0.803922    0.712938    0.751645   -1.021957    0.000000       -2.046683        1.000000   16.506168    6.774419    0.019782    4.077242
    0.813725    0.685054    0.792509   -1.022598    0.000000       -2.047424        1.000000   16.678225    6.818406    0.019782    4.077242
    0.823529    0.656023    0.833396   -1.023117    0.000000       -2.048030        1.000000   16.842990    6.857243    0.019782    4.077242
    0.833333    0.625893    0.874302   -1.023541    0.000000       -2.048529        1.000000   17.000187    6.891168    0.019782    4.077242
    0.843137    0.594714    0.915223   -1.023888    0.000000       -2.048943        1.000000   17.149554    6.920461    0.019782    4.077242
    0.852941    0.562537    0.956157   -1.024174    0.000000       -2.049287        1.000000   17.290840    6.945429    0.019782    4.077242
    0.862745    0.529417    0.997101   -1.024411    0.000000       -2.049575        1.000000   17.423807    6.966409    0.019782    4.077242
    0.872549    0.495409    1.038054   -1.024607    0.000000       -2.049816        1.000000   17.548233    6.983756    0.019782    4.077242
    0.882353    0.460570    1.079013   -1.024770    0.000000       -2.050018        1.000000   17.663908    6.997841    0.019782    4.077242
    0.892157    0.424957    1.119979   -1.024906    0.000000       -2.050188        1.000000   17.770639    7.009039    0.019782    4.077242
    0.901961    0.388631    1.160950   -1.025019    0.000000       -2.050330        1.000000   17.868247    7.017728    0.019782    4.077242
    0.911765    0.351653    1.201925   -1.025113    0.000000       -2.050450        1.000000   17.956567    7.024276    0.019782    4.077242
    0.921569    0.314084    1.242904   -1.025190    0.000000       -2.050550        1.000000   18.035452    7.029042    0.019782    4.077242
    0.931373    0.275987    1.283885   -1.025254    0.000000       -2.050632        1.000000   18.104768    7.032364    0.019782    4.077242
    0.941176    0.237427    1.324868   -1.025306    0.000000       -2.050700        1.000000   18.164400    7.034556    0.019782    4.077242
    0.950980    0.198469    1.365854   -1.025348    0.000000       -2.050755        1.000000   18.214247    7.035900    0.019782    4.077242
    0.960784    0.159176    1.406841   -1.025381    0.000000       -2.050798        1.000000   18.254225    7.036646    0.019782    4.077242
    0.970588    0.119617    1.447829   -1.025405    0.000000       -2.050830        1.000000   18.284268    7.037002    0.019782    4.077242
    0.980392    0.079856    1.488817   -1.025422    0.000000       -2.050853        1.000000   18.304324    7.037135    0.019782    4.077242
    0.990196    0.039962    1.529807   -1.025432    0.000000       -2.050866        1.000000   18.314361    7.037165    0.019782    4.077242
    1.000000    0.000000    1.570796   -1.025435    0.000000       -2.050870        1.000000   18.314361    7.037168    0.019782    4.077242
