           t           r         psi          cs          qs               p             sig           A           V          Q2           S
    0.000000    0.000000   -1.570796   -0.998923    0.000000       -1.997847        1.000000    0.000000   -0.000000    0.003207    5.698016
    0.009804    0.055834   -1.514994   -0.998924    0.000000       -1.997847        1.000000    0.000000    0.000008    0.003207    5.698016
    0.019608    0.111494   -1.459191   -0.998925    0.000000       -1.997849        1.000000    0.039134    0.000122    0.003207    5.698016
    0.029412    0.166807   -1.403388   -0.998927    0.000000       -1.997852        1.000000    0.097683    0.000613    0.003207    5.698016
    0.039216    0.221601   -1.347585   -0.998930    0.000000       -1.997856        1.000000    0.175464    0.001924    0.003207    5.698016
    0.049020    0.275705   -1.291782   -0.998935    0.000000       -1.997861        1.000000    0.272235    0.004653    0.003207    5.698016
    0.058824    0.328950   -1.235978   -0.998940    0.000000       -1.997869        1.000000    0.387696    0.009539    0.003207    5.698016
    0.068627    0.381171   -1.180174   -0.998948    0.000000       -1.997878        1.000000    0.521486    0.017434    0.003207    5.698016
    0.078431    0.432206   -1.124370   -0.998957    0.000000       -1.997891        1.000000    0.673189    0.029282    0.003207    5.698016
    0.088235    0.481895   -1.068565   -0.998970    0.000000       -1.997906        1.000000    0.842333    0.046083    0.003207    5.698016
    0.098039    0.530084   -1.012759   -0.998986    0.000000       -1.997926        1.000000    1.028391    0.068863    0.003207    5.698016
    0.107843    0.576623   -0.956952   -0.999008    0.000000       -1.997952        1.000000    1.230784    0.098643    0.003207    5.698016
    0.117647    0.621366   -0.901144   -0.999036    0.000000       -1.997986        1.000000    1.448881    0.136403    0.003207    5.698016
    0.127451    0.664174   -0.845334   -0.999073    0.000000       -1.998030        1.000000    1.682004    0.183048    0.003207    5.698016
    0.137255    0.704915   -0.789521   -0.999123    0.000000       -1.998088        1.000000    1.929427    0.239379    0.003207    5.698016
    0.147059    0.743460   -0.733706   -0.999191    0.000000       -1.998166        1.000000    2.190380    0.306064    0.003207    5.698016
    0.156863    0.779691   -0.677885   -0.999287    0.000000       -1.998274        1.000000    2.464049    0.383608    0.003207    5.698016
    0.166667    0.813492   -0.622059   -0.999424    0.000000       -1.998425        1.000000    2.749582    0.472340    0.003207    5.698016
    0.176471    0.844760   -0.566223   -0.999624    0.000000       -1.998645        1.000000    3.046090    0.572385    0.003207    5.698016
    0.186275    0.873396   -0.510373   -0.999928    0.000000       -1.998973        1.000000    3.352650    0.683664    0.003207    5.698016
    0.196078    0.899310   -0.454502   -1.000410    0.000000       -1.999487        1.000000    3.668305    0.805877    0.003207    5.698016
    0.205882    0.922419   -0.398596   -1.001215    0.000000       -2.000335        1.000000    3.992071    0.938510    0.003207    5.698016
    0.215686    0.942650   -0.342629   -1.002656    0.000000       -2.001834        1.000000    4.322938    1.080837    0.003207    5.698016
    0.225490    0.959934   -0.286548   -1.005485    0.000000       -2.004747        1.000000    4.659872    1.231932    0.003207    5.698016
    0.235294    0.974207   -0.230228   -1.011803    0.000000       -2.011194        1.000000    5.001816    1.390684    0.003207    5.698016
    0.245098    0.985405   -0.173314   -1.028922    0.000000       -2.028530        1.000000    5.347690    1.555816    0.003207    5.698016
    0.254902    0.993431   -0.114497   -1.091567    0.000000       -2.091589        1.000000    5.696382    1.725908    0.003207    5.698016
    0.264706    0.998017   -0.047306   -1.367457    0.000000       -2.368323        1.000000    6.046683    1.899398    0.003207    5.698016
    0.274510    0.998759    0.008417   -0.209719    0.000000       -1.210926        1.000000    6.397244    2.074386    0.003207    5.698016
    0.284314    0.998340    0.003668    0.156943    0.000000       -0.844713        1.000000    6.747658    2.249361    0.003207    5.698016
    0.294118    0.998316   -0.001530    0.025565    0.000000       -0.976121        1.000000    7.098064    2.424264    0.003207    5.698016
    0.303922    0.998397   -0.000861   -0.028779    0.000000       -1.030385        1.000000    7.448499    2.599187    0.003207    5.698016
    0.313725    0.998409    0.000215   -0.006614    0.000000       -1.008208        1.000000    7.798937    2.774127    0.003207    5.698016
    0.323529    0.998395    0.000157    0.004657    0.000000       -0.996950        1.000000    8.149371    2.949065    0.003207    5.698016
    0.333333    0.998393   -0.000030    0.001359    0.000000       -1.000251        1.000000    8.499804    3.124000    0.003207    5.698016
    0.343137    0.998395   -0.000029   -0.000747    0.000000       -1.002355        1.000000    8.850237    3.298935    0.003207    5.698016
    0.352941    0.998395    0.000004   -0.000275    0.000000       -1.001882        1.000000    9.200671    3.473871    0.003207    5.698016
    0.362745    0.998395    0.000005    0.000117    0.000000       -1.001490        1.000000    9.551105    3.648807    0.003207    5.698016
    0.372549    0.998395   -0.000000    0.000054    0.000000       -1.001554        1.000000    9.901538    3.823742    0.003207    5.698016
    0.382353    0.998395   -0.000001   -0.000018    0.000000       -1.001625        1.000000   10.251972    3.998678    0.003207    5.698016
    0.392157    0.998395    0.000000   -0.000010    0.000000       -1.001618        1.000000   10.602405    4.173614    0.003207    5.698016
    0.401961    0.998395    0.000000    0.000003    0.000000       -1.001605        1.000000   10.952839    4.348549    0.003207    5.698016
    0.411765    0.998395    0.000000    0.000002    0.000000       -1.001606        1.000000   11.303273    4.523485    0.003207    5.698016
    0.421569    0.998395   -0.000000   -0.000000    0.000000       -1.001608        1.000000   11.653706    4.698420    0.003207    5.698016
    0.431373    0.998395   -0.000000   -0.000000    0.000000       -1.001608        1.000000   12.004140    4.873356    0.003207    5.698016
    0.441176    0.998395    0.000000    0.000000    0.000000       -1.001607        1.000000   12.354574    5.048292    0.003207    5.698016
    0.450980    0.998395    0.000000    0.000000    0.000000       -1.001607        1.000000   12.705007    5.223227    0.003207    5.698016
    0.460784    0.998395   -0.000000   -0.000000    0.000000       -1.001608        1.000000   13.055441    5.398163    0.003207    5.698016
    0.470588    0.998395   -0.000000   -0.000000    0.000000       -1.001608        1.000000   13.405875    5.573098    0.003207    5.698016
    0.480392    0.998395    0.000000    0.000000    0.000000       -1.001608        1.000000   13.756308    5.748034    0.003207    5.698016
    0.490196    0.998395    0.000000    0.000000    0.000000       -1.001608        1.000000   14.106742    5.922970    0.003207    5.698016
    0.500000    0.998395   -0.000000    0.000000    0.000000       -1.001608        1.000000   14.457176    6.097905    0.003207    5.698016
    0.509804    0.998395   -0.000000   -0.000000    0.000000       -1.001608        1.000000   14.807609    6.272841    0.003207    5.698016
    0.519608    0.998395    0.000000   -0.000000    0.000000       -1.001608        1.000000   15.158043    6.447776    0.003207    5.698016
    0.529412    0.998395    0.000000    0.000000    0.000000       -1.001608        1.000000   15.508477    6.622712    0.003207    5.698016
    0.539216    0.998395   -0.000000    0.000000    0.000000       -1.001608        1.000000   15.858910    6.797648    0.003207    5.698016
    0.549020    0.998395   -0.000000   -0.000000    0.000000       -1.001608        1.000000   16.209344    6.972583    0.003207    5.698016
    0.558824    0.998395    0.000000   -0.000000    0.000000       -1.001608        1.000000   16.559777    7.147519    0.003207    5.698016
    0.568627    0.998395    0.000000   -0.000000    0.000000       -1.001608        1.000000   16.910211    7.322455    0.003207    5.698016
    0.578431    0.998395    0.000000   -0.000000    0.000000       -1.001608        1.000000   17.260645    7.497390    0.003207    5.698016
    0.588235    0.998395    0.000000   -0.000000    0.000000       -1.001608        1.000000   17.611078    7.672326    0.003207    5.698016
    0.598039    0.998395    0.000000   -0.000000    0.000000       -1.001608        1.000000   17.961512    7.847261    0.003207    5.698016
    0.607843    0.998395    0.000000   -0.000000    0.000000       -1.001608        1.000000   18.311946    8.022197    0.003207    5.698016
    0.617647    0.998395    0.000000   -0.000000    0.000000       -1.001608        1.000000   18.662379    8.197133    0.003207    5.698016
    0.627451    0.998395    0.000000   -0.000000    0.000000       -1.001608        1.000000   19.012813    8.372068    0.003207    5.698016
    0.637255    0.998395    0.000000   -0.000000    0.000000       -1.001608        1.000000   19.363247    8.547004    0.003207    5.698016
    0.647059    0.998395    0.000000   -0.000001    0.000000       -1.001609        1.000000   19.713680    8.721939    0.003207    5.698016
    0.656863    0.998395    0.000000   -0.000007    0.000000       -1.001614        1.000000   20.064114    8.896875    0.003207    5.698016
    0.666667    0.998395    0.000001   -0.000038    0.000000       -1.001645        1.000000   20.414548    9.071811    0.003207    5.698016
    0.676471    0.998395    0.000007   -0.000215    0.000000       -1.001822        1.000000   20.764981    9.246746    0.003207    5.698016
    0.686275    0.998394    0.000039   -0.001227    0.000000       -1.002836        1.000000   21.115414    9.421682    0.003207    5.698016
    0.696078    0.998388    0.000224   -0.006978    0.000000       -1.008593        1.000000   21.465845    9.596616    0.003207    5.698016
    0.705882    0.998354    0.001261   -0.038540    0.000000       -1.040187        1.000000   21.816265    9.771545    0.003207    5.698016
    0.715686    0.998172    0.006577   -0.183958    0.000000       -1.185768        1.000000   22.166620    9.946442    0.003207    5.698016
    0.725490    0.997353    0.026176   -0.542744    0.000000       -1.545055        1.000000   22.516688   10.121166    0.003207    5.698016
    0.735294    0.994862    0.065805   -0.838615    0.000000       -1.841604        1.000000   22.865881   10.295181    0.003207    5.698016
    0.745098    0.989812    0.116249   -0.946643    0.000000       -1.950117        1.000000   23.213302   10.467356    0.003207    5.698016
    0.754902    0.981846    0.170253   -0.980742    0.000000       -1.984506        1.000000   23.557927   10.636240    0.003207    5.698016
    0.764706    0.970870    0.225437   -0.993076    0.000000       -1.997017        1.000000   23.898700   10.800345    0.003207    5.698016
    0.774510    0.956877    0.281078   -0.998301    0.000000       -2.002357        1.000000   24.234561   10.958263    0.003207    5.698016
    0.784314    0.939891    0.336924   -1.000818    0.000000       -2.004951        1.000000   24.564460   11.108707    0.003207    5.698016
    0.794118    0.919959    0.392874   -1.002155    0.000000       -2.006344        1.000000   24.887363   11.250551    0.003207    5.698016
    0.803922    0.897139    0.448880   -1.002921    0.000000       -2.007151        1.000000   25.202256   11.382849    0.003207    5.698016
    0.813725    0.871500    0.504920   -1.003388    0.000000       -2.007649        1.000000   25.508149   11.504853    0.003207    5.698016
    0.823529    0.843121    0.560982   -1.003686    0.000000       -2.007970        1.000000   25.804082   11.616026    0.003207    5.698016
    0.833333    0.812090    0.617056   -1.003883    0.000000       -2.008187        1.000000   26.089123   11.716049    0.003207    5.698016
    0.843137    0.778506    0.673140   -1.004018    0.000000       -2.008337        1.000000   26.362377   11.804819    0.003207    5.698016
    0.852941    0.742472    0.729230   -1.004114    0.000000       -2.008444        1.000000   26.622982   11.882446    0.003207    5.698016
    0.862745    0.704102    0.785325   -1.004182    0.000000       -2.008523        1.000000   26.870120   11.949239    0.003207    5.698016
    0.872549    0.663517    0.841423   -1.004232    0.000000       -2.008581        1.000000   27.103012   12.005692    0.003207    5.698016
    0.882353    0.620844    0.897523   -1.004269    0.000000       -2.008625        1.000000   27.320927   12.052460    0.003207    5.698016
    0.892157    0.576217    0.953626   -1.004298    0.000000       -2.008658        1.000000   27.523177   12.090336    0.003207    5.698016
    0.901961    0.529777    1.009729   -1.004319    0.000000       -2.008684        1.000000   27.709128   12.120220    0.003207    5.698016
    0.911765    0.481670    1.065834   -1.004335    0.000000       -2.008704        1.000000   27.878192   12.143088    0.003207    5.698016
    0.921569    0.432047    1.121939   -1.004348    0.000000       -2.008720        1.000000   28.029840   12.159959    0.003207    5.698016
    0.931373    0.381064    1.178045   -1.004358    0.000000       -2.008732        1.000000   28.163592   12.171860    0.003207    5.698016
    0.941176    0.328882    1.234152   -1.004365    0.000000       -2.008742        1.000000   28.279029   12.179793    0.003207    5.698016
    0.950980    0.275665    1.290259   -1.004371    0.000000       -2.008749        1.000000   28.375786   12.184703    0.003207    5.698016
    0.960784    0.221580    1.346366   -1.004375    0.000000       -2.008755        1.000000   28.453560   12.187446    0.003207    5.698016
    0.970588    0.166798    1.402473   -1.004378    0.000000       -2.008759        1.000000   28.512106   12.188763    0.003207    5.698016
    0.980392    0.111491    1.458581   -1.004380    0.000000       -2.008762        1.000000   28.551239   12.189257    0.003207    5.698016
    0.990196    0.055834    1.514689   -1.004382    0.000000       -2.008763        1.000000   28.570837   12.189372    0.003207    5.698016
    1.000000    0.000000    1.570796   -1.004382    0.000000       -2.008764        1.000000   28.570837   12.189379    0.003207    5.698016
