           t           r         psi          cs          qs               p             sig           A           V          Q2           S
    0.000000    0.000000   -1.570796   -0.998865    0.000000       -1.997729        1.000000    0.000000    0.000000    0.003406    5.698627
    0.009804    0.055840   -1.514991   -0.998865    0.000000       -1.997730        1.000000    0.000000    0.000008    0.003406    5.698627
    0.019608    0.111506   -1.459185   -0.998866    0.000000       -1.997732        1.000000    0.039142    0.000122    0.003406    5.698627
    0.029412    0.166825   -1.403380   -0.998869    0.000000       -1.997735        1.000000    0.097704    0.000613    0.003406    5.698627
    0.039216    0.221624   -1.347574   -0.998872    0.000000       -1.997739        1.000000    0.175502    0.001924    0.003406    5.698627
    0.049020    0.275734   -1.291768   -0.998877    0.000000       -1.997745        1.000000    0.272294    0.004655    0.003406    5.698627
    0.058824    0.328985   -1.235962   -0.998883    0.000000       -1.997753        1.000000    0.387779    0.009542    0.003406    5.698627
    0.068627    0.381211   -1.180155   -0.998891    0.000000       -1.997764        1.000000    0.521597    0.017441    0.003406    5.698627
    0.078431    0.432251   -1.124348   -0.998902    0.000000       -1.997777        1.000000    0.673332    0.029293    0.003406    5.698627
    0.088235    0.481945   -1.068540   -0.998916    0.000000       -1.997794        1.000000    0.842512    0.046100    0.003406    5.698627
    0.098039    0.530138   -1.012731   -0.998933    0.000000       -1.997816        1.000000    1.028608    0.068888    0.003406    5.698627
    0.107843    0.576681   -0.956921   -0.998957    0.000000       -1.997845        1.000000    1.231043    0.098679    0.003406    5.698627
    0.117647    0.621428   -0.901110   -0.998988    0.000000       -1.997881        1.000000    1.449186    0.136451    0.003406    5.698627
    0.127451    0.664240   -0.845296   -0.999028    0.000000       -1.997929        1.000000    1.682357    0.183113    0.003406    5.698627
    0.137255    0.704983   -0.789480   -0.999083    0.000000       -1.997993        1.000000    1.929830    0.239463    0.003406    5.698627
    0.147059    0.743531   -0.733660   -0.999158    0.000000       -1.998079        1.000000    2.190836    0.306170    0.003406    5.698627
    0.156863    0.779763   -0.677836   -0.999263    0.000000       -1.998197        1.000000    2.464559    0.383741    0.003406    5.698627
    0.166667    0.813566   -0.622004   -0.999412    0.000000       -1.998363        1.000000    2.750149    0.472502    0.003406    5.698627
    0.176471    0.844835   -0.566162   -0.999632    0.000000       -1.998603        1.000000    3.046715    0.572580    0.003406    5.698627
    0.186275    0.873470   -0.510305   -0.999965    0.000000       -1.998963        1.000000    3.353334    0.683894    0.003406    5.698627
    0.196078    0.899383   -0.454425   -1.000493    0.000000       -1.999526        1.000000    3.669048    0.806145    0.003406    5.698627
    0.205882    0.922491   -0.398506   -1.001376    0.000000       -2.000455        1.000000    3.992875    0.938818    0.003406    5.698627
    0.215686    0.942719   -0.342521   -1.002955    0.000000       -2.002098        1.000000    4.323802    1.081187    0.003406    5.698627
    0.225490    0.959998   -0.286411   -1.006055    0.000000       -2.005290        1.000000    4.660794    1.232326    0.003406    5.698627
    0.235294    0.974265   -0.230038   -1.012978    0.000000       -2.012355        1.000000    5.002795    1.391121    0.003406    5.698627
    0.245098    0.985451   -0.173015   -1.031714    0.000000       -2.031328        1.000000    5.348722    1.556297    0.003406    5.698627
    0.254902    0.993454   -0.113916   -1.099810    0.000000       -2.099875        1.000000    5.697459    1.726430    0.003406    5.698627
    0.264706    0.997990   -0.045978   -1.378685    0.000000       -2.379640        1.000000    6.047788    1.899951    0.003406    5.698627
    0.274510    0.998679    0.008740   -0.202298    0.000000       -1.203583        1.000000    6.398359    2.074940    0.003406    5.698627
    0.284314    0.998242    0.003996    0.158898    0.000000       -0.842855        1.000000    6.748776    2.249902    0.003406    5.698627
    0.294118    0.998207   -0.001489    0.031917    0.000000       -0.969878        1.000000    7.099181    2.424787    0.003406    5.698627
    0.303922    0.998293   -0.001024   -0.028728    0.000000       -1.030437        1.000000    7.449617    2.599691    0.003406    5.698627
    0.313725    0.998311    0.000170   -0.009381    0.000000       -1.011073        1.000000    7.800058    2.774615    0.003406    5.698627
    0.323529    0.998297    0.000199    0.004438    0.000000       -0.997268        1.000000    8.150495    2.949537    0.003406    5.698627
    0.333333    0.998293   -0.000014    0.002077    0.000000       -0.999634        1.000000    8.500931    3.124456    0.003406    5.698627
    0.343137    0.998295   -0.000038   -0.000632    0.000000       -1.002340        1.000000    8.851367    3.299375    0.003406    5.698627
    0.352941    0.998296   -0.000001   -0.000439    0.000000       -1.002147        1.000000    9.201803    3.474295    0.003406    5.698627
    0.362745    0.998296    0.000007    0.000077    0.000000       -1.001630        1.000000    9.552239    3.649214    0.003406    5.698627
    0.372549    0.998295    0.000001    0.000088    0.000000       -1.001620        1.000000    9.902676    3.824134    0.003406    5.698627
    0.382353    0.998295   -0.000001   -0.000006    0.000000       -1.001714        1.000000   10.253112    3.999053    0.003406    5.698627
    0.392157    0.998295   -0.000000   -0.000017    0.000000       -1.001724        1.000000   10.603548    4.173973    0.003406    5.698627
    0.401961    0.998295    0.000000   -0.000000    0.000000       -1.001708        1.000000   10.953984    4.348892    0.003406    5.698627
    0.411765    0.998295    0.000000    0.000003    0.000000       -1.001704        1.000000   11.304421    4.523812    0.003406    5.698627
    0.421569    0.998295   -0.000000    0.000000    0.000000       -1.001707        1.000000   11.654857    4.698731    0.003406    5.698627
    0.431373    0.998295   -0.000000   -0.000001    0.000000       -1.001708        1.000000   12.005293    4.873650    0.003406    5.698627
    0.441176    0.998295    0.000000   -0.000000    0.000000       -1.001708        1.000000   12.355729    5.048570    0.003406    5.698627
    0.450980    0.998295    0.000000    0.000000    0.000000       -1.001707        1.000000   12.706166    5.223489    0.003406    5.698627
    0.460784    0.998295   -0.000000    0.000000    0.000000       -1.001707        1.000000   13.056602    5.398409    0.003406    5.698627
    0.470588    0.998295   -0.000000   -0.000000    0.000000       -1.001707        1.000000   13.407038    5.573328    0.003406    5.698627
    0.480392    0.998295    0.000000   -0.000000    0.000000       -1.001707        1.000000   13.757474    5.748248    0.003406    5.698627
    0.490196    0.998295    0.000000    0.000000    0.000000       -1.001707        1.000000   14.107911    5.923167    0.003406    5.698627
    0.500000    0.998295    0.000000    0.000000    0.000000       -1.001707        1.000000   14.458347    6.098087    0.003406    5.698627
    0.509804    0.998295   -0.000000   -0.000000    0.000000       -1.001707        1.000000   14.808783    6.273006    0.003406    5.698627
    0.519608    0.998295   -0.000000   -0.000000    0.000000       -1.001707        1.000000   15.159219    6.447926    0.003406    5.698627
    0.529412    0.998295    0.000000    0.000000    0.000000       -1.001707        1.000000   15.509656    6.622845    0.003406    5.698627
    0.539216    0.998295    0.000000    0.000000    0.000000       -1.001707        1.000000   15.860092    6.797765    0.003406    5.698627
    0.549020    0.998295   -0.000000    0.000000    0.000000       -1.001707        1.000000   16.210528    6.972684    0.003406    5.698627
    0.558824    0.998295   -0.000000   -0.000000    0.000000       -1.001707        1.000000   16.560964    7.147603    0.003406    5.698627
    0.568627    0.998295    0.000000   -0.000000    0.000000       -1.001707        1.000000   16.911401    7.322523    0.003406    5.698627
    0.578431    0.998295    0.000000   -0.000000    0.000000       -1.001707        1.000000   17.261837    7.497442    0.003406    5.698627
    0.588235    0.998295    0.000000   -0.000000    0.000000       -1.001707        1.000000   17.612273    7.672362    0.003406    5.698627
    0.598039    0.998295    0.000000   -0.000000    0.000000       -1.001707        1.000000   17.962709    7.847281    0.003406    5.698627
    0.607843    0.998295    0.000000   -0.000000    0.000000       -1.001707        1.000000   18.313146    8.022201    0.003406    5.698627
    0.617647    0.998295    0.000000   -0.000000    0.000000       -1.001707        1.000000   18.663582    8.197120    0.003406    5.698627
    0.627451    0.998295    0.000000   -0.000000    0.000000       -1.001708        1.000000   19.014018    8.372040    0.003406    5.698627
    0.637255    0.998295    0.000000   -0.000000    0.000000       -1.001708        1.000000   19.364454    8.546959    0.003406    5.698627
    0.647059    0.998295    0.000000   -0.000002    0.000000       -1.001709        1.000000   19.714891    8.721879    0.003406    5.698627
    0.656863    0.998295    0.000000   -0.000009    0.000000       -1.001717        1.000000   20.065327    8.896798    0.003406    5.698627
    0.666667    0.998295    0.000002   -0.000050    0.000000       -1.001758        1.000000   20.415763    9.071717    0.003406    5.698627
    0.676471    0.998295    0.000009   -0.000272    0.000000       -1.001980        1.000000   20.766199    9.246637    0.003406    5.698627
    0.686275    0.998294    0.000049   -0.001479    0.000000       -1.003188        1.000000   21.116635    9.421556    0.003406    5.698627
    0.696078    0.998287    0.000265   -0.007985    0.000000       -1.009701        1.000000   21.467068    9.596474    0.003406    5.698627
    0.705882    0.998248    0.001412   -0.041791    0.000000       -1.043545        1.000000   21.817488    9.771385    0.003406    5.698627
    0.715686    0.998051    0.006982   -0.188941    0.000000       -1.190869        1.000000   22.167838    9.946261    0.003406    5.698627
    0.725490    0.997204    0.026656   -0.538822    0.000000       -1.541269        1.000000   22.517892   10.120956    0.003406    5.698627
    0.735294    0.994696    0.065915   -0.831472    0.000000       -1.834621        1.000000   22.867064   10.294932    0.003406    5.698627
    0.745098    0.989648    0.116059   -0.942871    0.000000       -1.946533        1.000000   23.214465   10.467069    0.003406    5.698627
    0.754902    0.981697    0.169925   -0.979063    0.000000       -1.983036        1.000000   23.559075   10.635924    0.003406    5.698627
    0.764706    0.970740    0.225051   -0.992344    0.000000       -1.996509        1.000000   23.899838   10.800012    0.003406    5.698627
    0.774510    0.956766    0.280671   -0.998011    0.000000       -2.002301        1.000000   24.235696   10.957923    0.003406    5.698627
    0.784314    0.939800    0.336514   -1.000751    0.000000       -2.005125        1.000000   24.565598   11.108371    0.003406    5.698627
    0.794118    0.919888    0.392469   -1.002210    0.000000       -2.006645        1.000000   24.888511   11.250228    0.003406    5.698627
    0.803922    0.897085    0.448487   -1.003048    0.000000       -2.007528        1.000000   25.203419   11.382546    0.003406    5.698627
    0.813725    0.871463    0.504542   -1.003558    0.000000       -2.008072        1.000000   25.509332   11.504574    0.003406    5.698627
    0.823529    0.843098    0.560619   -1.003884    0.000000       -2.008424        1.000000   25.805289   11.615776    0.003406    5.698627
    0.833333    0.812081    0.616711   -1.004100    0.000000       -2.008661        1.000000   26.090358   11.715829    0.003406    5.698627
    0.843137    0.778508    0.672814   -1.004248    0.000000       -2.008825        1.000000   26.363641   11.804630    0.003406    5.698627
    0.852941    0.742484    0.728923   -1.004353    0.000000       -2.008943        1.000000   26.624279   11.882288    0.003406    5.698627
    0.862745    0.704122    0.785037   -1.004427    0.000000       -2.009029        1.000000   26.871450   11.949110    0.003406    5.698627
    0.872549    0.663543    0.841155   -1.004482    0.000000       -2.009092        1.000000   27.104377   12.005589    0.003406    5.698627
    0.882353    0.620875    0.897276   -1.004523    0.000000       -2.009140        1.000000   27.322325   12.052381    0.003406    5.698627
    0.892157    0.576251    0.953398   -1.004554    0.000000       -2.009177        1.000000   27.524609   12.090277    0.003406    5.698627
    0.901961    0.529813    1.009522   -1.004577    0.000000       -2.009206        1.000000   27.710592   12.120178    0.003406    5.698627
    0.911765    0.481706    1.065647   -1.004595    0.000000       -2.009228        1.000000   27.879688   12.143059    0.003406    5.698627
    0.921569    0.432083    1.121773   -1.004609    0.000000       -2.009245        1.000000   28.031364   12.159940    0.003406    5.698627
    0.931373    0.381098    1.177900   -1.004620    0.000000       -2.009258        1.000000   28.165142   12.171848    0.003406    5.698627
    0.941176    0.328913    1.234027   -1.004628    0.000000       -2.009269        1.000000   28.280602   12.179786    0.003406    5.698627
    0.950980    0.275692    1.290155   -1.004634    0.000000       -2.009277        1.000000   28.377379   12.184699    0.003406    5.698627
    0.960784    0.221603    1.346283   -1.004639    0.000000       -2.009283        1.000000   28.455170   12.187444    0.003406    5.698627
    0.970588    0.166816    1.402411   -1.004642    0.000000       -2.009288        1.000000   28.513728   12.188763    0.003406    5.698627
    0.980392    0.111503    1.458539   -1.004645    0.000000       -2.009291        1.000000   28.552869   12.189257    0.003406    5.698627
    0.990196    0.055840    1.514668   -1.004646    0.000000       -2.009292        1.000000   28.572471   12.189372    0.003406    5.698627
    1.000000    0.000000    1.570796   -1.004647    0.000000       -2.009293        1.000000   28.572471   12.189379    0.003406    5.698627
