           t           r         psi          cs          qs               p             sig           A           V          Q2           S
    0.000000    0.000000   -1.570796   -1.002591    0.000000       -2.005181        1.000000    0.000000    0.000000    0.210200    6.538336
    0.009804    0.064057   -1.506520   -1.003003    0.000000       -2.005731        1.000000    0.000000    0.000013    0.210200    6.538336
    0.019608    0.127850   -1.442190   -1.004270    0.000000       -2.007414        1.000000    0.051493    0.000212    0.210200    6.538336
    0.029412    0.191113   -1.377750   -1.006480    0.000000       -2.010334        1.000000    0.128466    0.001064    0.210200    6.538336
    0.039216    0.253583   -1.313134   -1.009785    0.000000       -2.014668        1.000000    0.230599    0.003334    0.210200    6.538336
    0.049020    0.314996   -1.248265   -1.014409    0.000000       -2.020674        1.000000    0.357467    0.008046    0.210200    6.538336
    0.058824    0.375087   -1.183049   -1.020668    0.000000       -2.028712        1.000000    0.508537    0.016450    0.210200    6.538336
    0.068627    0.433592   -1.117368   -1.028992    0.000000       -2.039272        1.000000    0.683171    0.029970    0.210200    6.538336
    0.078431    0.490245   -1.051073   -1.039970    0.000000       -2.053014        1.000000    0.880622    0.050147    0.210200    6.538336
    0.088235    0.544776   -0.983968   -1.054396    0.000000       -2.070819        1.000000    1.100037    0.078580    0.210200    6.538336
    0.098039    0.596906   -0.915800   -1.073333    0.000000       -2.093856        1.000000    1.340447    0.116854    0.210200    6.538336
    0.107843    0.646349   -0.846237   -1.098192    0.000000       -2.123653        1.000000    1.600770    0.166476    0.210200    6.538336
    0.117647    0.692798   -0.774844   -1.130772    0.000000       -2.162141        1.000000    1.879802    0.228795    0.210200    6.538336
    0.127451    0.735925   -0.701059   -1.173214    0.000000       -2.211581        1.000000    2.176204    0.304930    0.210200    6.538336
    0.137255    0.775364   -0.624179   -1.227612    0.000000       -2.274145        1.000000    2.488490    0.395687    0.210200    6.538336
    0.147059    0.810705   -0.543400   -1.294784    0.000000       -2.350600        1.000000    2.815010    0.501462    0.210200    6.538336
    0.156863    0.841490   -0.457980   -1.371181    0.000000       -2.437086        1.000000    3.153929    0.622124    0.210200    6.538336
    0.166667    0.867222   -0.367701   -1.442716    0.000000       -2.518745        1.000000    3.503211    0.756875    0.210200    6.538336
    0.176471    0.887436   -0.273805   -1.476800    0.000000       -2.561666        1.000000    3.860635    0.904093    0.210200    6.538336
    0.186275    0.901841   -0.180247   -1.423342    0.000000       -2.514221        1.000000    4.223861    1.061274    0.210200    6.538336
    0.196078    0.910541   -0.094071   -1.243615    0.000000       -2.337007        1.000000    4.590591    1.225231    0.210200    6.538336
    0.205882    0.914198   -0.023182   -0.955137    0.000000       -2.048699        1.000000    4.958794    1.392695    0.210200    6.538336
    0.215686    0.913944    0.027612   -0.630559    0.000000       -1.724301        1.000000    5.326895    1.561034    0.210200    6.538336
    0.225490    0.911087    0.058455   -0.341810    0.000000       -1.437525        1.000000    5.693845    1.728608    0.210200    6.538336
    0.235294    0.906804    0.072934   -0.122224    0.000000       -1.222065        1.000000    6.059070    1.894640    0.210200    6.538336
    0.245098    0.901996    0.075626    0.027520    0.000000       -1.077963        1.000000    6.422358    2.058898    0.210200    6.538336
    0.254902    0.897282    0.070622    0.120410    0.000000       -0.991289        1.000000    6.783748    2.221434    0.210200    6.538336
    0.264706    0.893046    0.061086    0.171207    0.000000       -0.946467        1.000000    7.143432    2.382433    0.210200    6.538336
    0.274510    0.889502    0.049307    0.192207    0.000000       -0.930651        1.000000    7.501688    2.542135    0.210200    6.538336
    0.284314    0.886741    0.036882    0.192660    0.000000       -0.934299        1.000000    7.858833    2.700804    0.210200    6.538336
    0.294118    0.884766    0.024901    0.179335    0.000000       -0.950557        1.000000    8.215181    2.858699    0.210200    6.538336
    0.303922    0.883524    0.014078    0.157215    0.000000       -0.974504        1.000000    8.571030    3.016070    0.210200    6.538336
    0.313725    0.882927    0.004852    0.130045    0.000000       -1.002539        1.000000    8.926638    3.173139    0.210200    6.538336
    0.323529    0.882863   -0.002548    0.100708    0.000000       -1.031967        1.000000    9.282220    3.330101    0.210200    6.538336
    0.333333    0.883213   -0.008061    0.071460    0.000000       -1.060733        1.000000    9.637943    3.487116    0.210200    6.538336
    0.343137    0.883857   -0.011749    0.044053    0.000000       -1.087273        1.000000    9.993926    3.644305    0.210200    6.538336
    0.352941    0.884684   -0.013776    0.019803    0.000000       -1.110437        1.000000   10.350242    3.801754    0.210200    6.538336
    0.362745    0.885593   -0.014375   -0.000387    0.000000       -1.129458        1.000000   10.706924    3.959512    0.210200    6.538336
    0.372549    0.886502   -0.013824   -0.016017    0.000000       -1.143939        1.000000   11.063972    4.117597    0.210200    6.538336
    0.382353    0.887347   -0.012422   -0.026968    0.000000       -1.153836        1.000000   11.421360    4.275999    0.210200    6.538336
    0.392157    0.888082   -0.010463   -0.033463    0.000000       -1.159423        1.000000   11.779045    4.434687    0.210200    6.538336
    0.401961    0.888682   -0.008217   -0.036008    0.000000       -1.161232        1.000000   12.136971    4.593618    0.210200    6.538336
    0.411765    0.889135   -0.005916   -0.035303    0.000000       -1.159972        1.000000   12.495079    4.752741    0.210200    6.538336
    0.421569    0.889443   -0.003743   -0.032154    0.000000       -1.156445        1.000000   12.853312    4.912002    0.210200    6.538336
    0.431373    0.889620   -0.001828   -0.027381    0.000000       -1.151454        1.000000   13.211616    5.071350    0.210200    6.538336
    0.441176    0.889685   -0.000251   -0.021740    0.000000       -1.145734        1.000000   13.569946    5.230742    0.210200    6.538336
    0.450980    0.889660    0.000954   -0.015878    0.000000       -1.139902        1.000000   13.928266    5.390140    0.210200    6.538336
    0.460784    0.889570    0.001791   -0.010298    0.000000       -1.134434        1.000000   14.286549    5.549517    0.210200    6.538336
    0.470588    0.889438    0.002288   -0.005355    0.000000       -1.129658        1.000000   14.644780    5.708854    0.210200    6.538336
    0.480392    0.889283    0.002496   -0.001265    0.000000       -1.125763        1.000000   15.002948    5.868138    0.210200    6.538336
    0.490196    0.889123    0.002471    0.001876    0.000000       -1.122824        1.000000   15.361052    6.027365    0.210200    6.538336
    0.500000    0.888970    0.002275    0.004067    0.000000       -1.120827        1.000000   15.719094    6.186536    0.210200    6.538336
    0.509804    0.888834    0.001968    0.005377    0.000000       -1.119691        1.000000   16.077081    6.345655    0.210200    6.538336
    0.519608    0.888719    0.001603    0.005917    0.000000       -1.119297        1.000000   16.435022    6.504729    0.210200    6.538336
    0.529412    0.888628    0.001223    0.005826    0.000000       -1.119503        1.000000   16.792926    6.663766    0.210200    6.538336
    0.539216    0.888562    0.000866    0.005248    0.000000       -1.120166        1.000000   17.150804    6.822775    0.210200    6.538336
    0.549020    0.888516    0.000558    0.004318    0.000000       -1.121153        1.000000   17.508663    6.981765    0.210200    6.538336
    0.558824    0.888489    0.000317    0.003157    0.000000       -1.122349        1.000000   17.866512    7.140741    0.210200    6.538336
    0.568627    0.888474    0.000156    0.001860    0.000000       -1.123666        1.000000   18.224354    7.299710    0.210200    6.538336
    0.578431    0.888467    0.000080    0.000492    0.000000       -1.125042        1.000000   18.582193    7.458676    0.210200    6.538336
    0.588235    0.888462    0.000094   -0.000911    0.000000       -1.126451        1.000000   18.940031    7.617639    0.210200    6.538336
    0.598039    0.888453    0.000198   -0.002346    0.000000       -1.127898        1.000000   19.297865    7.776600    0.210200    6.538336
    0.607843    0.888434    0.000396   -0.003845    0.000000       -1.129421        1.000000   19.655691    7.935556    0.210200    6.538336
    0.617647    0.888400    0.000693   -0.005474    0.000000       -1.131093        1.000000   20.013503    8.094503    0.210200    6.538336
    0.627451    0.888343    0.001102   -0.007333    0.000000       -1.133023        1.000000   20.371293    8.253434    0.210200    6.538336
    0.637255    0.888256    0.001641   -0.009563    0.000000       -1.135363        1.000000   20.729047    8.412340    0.210200    6.538336
    0.647059    0.888129    0.002340   -0.012350    0.000000       -1.138309        1.000000   21.086751    8.571207    0.210200    6.538336
    0.656863    0.887952    0.003242   -0.015928    0.000000       -1.142110        1.000000   21.444383    8.730020    0.210200    6.538336
    0.666667    0.887708    0.004406   -0.020600    0.000000       -1.147086        1.000000   21.801917    8.888757    0.210200    6.538336
    0.676471    0.887379    0.005914   -0.026742    0.000000       -1.153636        1.000000   22.159318    9.047392    0.210200    6.538336
    0.686275    0.886940    0.007875   -0.034826    0.000000       -1.162262        1.000000   22.516543    9.205889    0.210200    6.538336
    0.696078    0.886357    0.010433   -0.045437    0.000000       -1.173589        1.000000   22.873532    9.364201    0.210200    6.538336
    0.705882    0.885586    0.013770   -0.059293    0.000000       -1.188381        1.000000   23.230211    9.522269    0.210200    6.538336
    0.715686    0.884570    0.018122   -0.077255    0.000000       -1.207562        1.000000   23.586481    9.680011    0.210200    6.538336
    0.725490    0.883235    0.023783   -0.100327    0.000000       -1.232208        1.000000   23.942214    9.837323    0.210200    6.538336
    0.735294    0.881486    0.031117   -0.129628    0.000000       -1.263527        1.000000   24.297241    9.994064    0.210200    6.538336
    0.745098    0.879202    0.040560   -0.166326    0.000000       -1.302786        1.000000   24.651349   10.150053    0.210200    6.538336
    0.754902    0.876232    0.052622   -0.211510    0.000000       -1.351181        1.000000   25.004261   10.305049    0.210200    6.538336
    0.764706    0.872391    0.067875   -0.266003    0.000000       -1.409639        1.000000   25.355625   10.458739    0.210200    6.538336
    0.774510    0.867456    0.086930   -0.330119    0.000000       -1.478563        1.000000   25.705002   10.610719    0.210200    6.538336
    0.784314    0.861167    0.110394   -0.403409    0.000000       -1.557556        1.000000   26.051846   10.760472    0.210200    6.538336
    0.794118    0.853228    0.138815   -0.484476    0.000000       -1.645221        1.000000   26.395493   10.907352    0.210200    6.538336
    0.803922    0.843316    0.172622   -0.570955    0.000000       -1.739127        1.000000   26.735147   11.050572    0.210200    6.538336
    0.813725    0.831093    0.212063   -0.659730    0.000000       -1.836010        1.000000   27.069879   11.189197    0.210200    6.538336
    0.823529    0.816222    0.257176   -0.747352    0.000000       -1.932216        1.000000   27.398621   11.322160    0.210200    6.538336
    0.833333    0.798384    0.307781   -0.830578    0.000000       -2.024250        1.000000   27.720179   11.448301    0.210200    6.538336
    0.843137    0.777298    0.363508   -0.906828    0.000000       -2.109270        1.000000   28.033243   11.566424    0.210200    6.538336
    0.852941    0.752734    0.423854   -0.974452    0.000000       -2.185385        1.000000   28.336415   11.675375    0.210200    6.538336
    0.862745    0.724527    0.488236   -1.032759    0.000000       -2.251709        1.000000   28.628226   11.774127    0.210200    6.538336
    0.872549    0.692577    0.556059   -1.081860    0.000000       -2.308210        1.000000   28.907169   11.861872    0.210200    6.538336
    0.882353    0.656858    0.626751   -1.122422    0.000000       -2.355470        1.000000   29.171725   11.938094    0.210200    6.538336
    0.892157    0.617409    0.699795   -1.155421    0.000000       -2.394430        1.000000   29.420393   12.002625    0.210200    6.538336
    0.901961    0.574332    0.774741   -1.181942    0.000000       -2.426174        1.000000   29.651711   12.055673    0.210200    6.538336
    0.911765    0.527789    0.851207   -1.203046    0.000000       -2.451793        1.000000   29.864284   12.097816    0.210200    6.538336
    0.921569    0.477992    0.928879   -1.219693    0.000000       -2.472291        1.000000   30.056801   12.129975    0.210200    6.538336
    0.931373    0.425198    1.007498   -1.232711    0.000000       -2.488545        1.000000   30.228054   12.153352    0.210200    6.538336
    0.941176    0.369702    1.086853   -1.242787    0.000000       -2.501297        1.000000   30.376955   12.169349    0.210200    6.538336
    0.950980    0.311832    1.166776   -1.250477    0.000000       -2.511153        1.000000   30.502548   12.179475    0.210200    6.538336
    0.960784    0.251943    1.247126   -1.256219    0.000000       -2.518599        1.000000   30.604021   12.185238    0.210200    6.538336
    0.970588    0.190415    1.327792   -1.260353    0.000000       -2.524013        1.000000   30.680713   12.188048    0.210200    6.538336
    0.980392    0.127642    1.408678   -1.263130    0.000000       -2.527681        1.000000   30.732122   12.189113    0.210200    6.538336
    0.990196    0.064031    1.489703   -1.264727    0.000000       -2.529801        1.000000   30.757911   12.189363    0.210200    6.538336
    1.000000    0.000000    1.570796   -1.265247    0.000000       -2.530494        1.000000   30.757911   12.189379    0.210200    6.538336
