           t           r         psi          cs          qs               p             sig           A           V          Q2           S
    0.000000   -0.000000   -1.570796   -1.135380    0.000000       -2.270760        1.000000    0.000000    0.000000    0.527454    6.173499
    0.009804    0.060477   -1.502014   -1.138577    0.000000       -2.275020        1.000000    0.000000    0.000012    0.527454    6.173499
    0.019608    0.120667   -1.432841   -1.148318    0.000000       -2.287973        1.000000    0.045888    0.000191    0.527454    6.173499
    0.029412    0.180277   -1.362870   -1.165039    0.000000       -2.310117        1.000000    0.114445    0.000961    0.527454    6.173499
    0.039216    0.239005   -1.291660   -1.189423    0.000000       -2.342228        1.000000    0.205335    0.003016    0.527454    6.173499
    0.049020    0.296530   -1.218719   -1.222351    0.000000       -2.385294        1.000000    0.318102    0.007299    0.527454    6.173499
    0.058824    0.352509   -1.143503   -1.264811    0.000000       -2.440410        1.000000    0.452156    0.014966    0.527454    6.173499
    0.068627    0.406564   -1.065404   -1.317734    0.000000       -2.508569        1.000000    0.606767    0.027349    0.527454    6.173499
    0.078431    0.458278   -0.983770   -1.381661    0.000000       -2.590289        1.000000    0.781044    0.045893    0.527454    6.173499
    0.088235    0.507184   -0.897941   -1.456168    0.000000       -2.684956        1.000000    0.973919    0.072075    0.527454    6.173499
    0.098039    0.552761   -0.807334   -1.538904    0.000000       -2.789764        1.000000    1.184127    0.107301    0.527454    6.173499
    0.107843    0.594437   -0.711603   -1.624205    0.000000       -2.898209        1.000000    1.410184    0.152759    0.527454    6.173499
    0.117647    0.631608   -0.610883   -1.701487    0.000000       -2.998401        1.000000    1.650376    0.209249    0.527454    6.173499
    0.127451    0.663681   -0.506130   -1.754283    0.000000       -3.072127        1.000000    1.902765    0.276986    0.527454    6.173499
    0.137255    0.690148   -0.399447   -1.761589    0.000000       -3.096485        1.000000    2.165219    0.355442    0.527454    6.173499
    0.147059    0.710696   -0.294222   -1.703254    0.000000       -3.049862        1.000000    2.435487    0.443287    0.527454    6.173499
    0.156863    0.725302   -0.194818   -1.568789    0.000000       -2.921443        1.000000    2.711310    0.538511    0.527454    6.173499
    0.166667    0.734299   -0.105740   -1.364598    0.000000       -2.718835        1.000000    2.990554    0.638750    0.527454    6.173499
    0.176471    0.738344   -0.030587   -1.113468    0.000000       -2.467218        1.000000    3.271336    0.741691    0.527454    6.173499
    0.186275    0.738318    0.028713   -0.845806    0.000000       -2.199677        1.000000    3.552109    0.845413    0.527454    6.173499
    0.196078    0.735193    0.072023   -0.589024    0.000000       -1.945685        1.000000    3.831693    0.948541    0.527454    6.173499
    0.205882    0.729906    0.100609   -0.361428    0.000000       -1.724539        1.000000    4.109266    1.050224    0.527454    6.173499
    0.215686    0.723290    0.116542   -0.171696    0.000000       -1.544888        1.000000    4.384324    1.150029    0.527454    6.173499
    0.225490    0.716037    0.122191   -0.021413    0.000000       -1.407576        1.000000    4.656623    1.247806    0.527454    6.173499
    0.235294    0.708695    0.119881    0.091924    0.000000       -1.308993        1.000000    4.926131    1.343583    0.527454    6.173499
    0.245098    0.701677    0.111722    0.172663    0.000000       -1.243608        1.000000    5.192969    1.437490    0.527454    6.173499
    0.254902    0.695280    0.099540    0.225660    0.000000       -1.205490        1.000000    5.457375    1.529720    0.527454    6.173499
    0.264706    0.689698    0.084870    0.255625    0.000000       -1.189065        1.000000    5.719658    1.620493    0.527454    6.173499
    0.274510    0.685044    0.068974    0.266872    0.000000       -1.189418        1.000000    5.980171    1.710044    0.527454    6.173499
    0.284314    0.681360    0.052865    0.263252    0.000000       -1.202351        1.000000    6.239283    1.798610    0.527454    6.173499
    0.294118    0.678636    0.037338    0.248183    0.000000       -1.224334        1.000000    6.497359    1.886422    0.527454    6.173499
    0.303922    0.676818    0.022993    0.224690    0.000000       -1.252423        1.000000    6.754744    1.973698    0.527454    6.173499
    0.313725    0.675820    0.010256    0.195443    0.000000       -1.284162        1.000000    7.011749    2.060642    0.527454    6.173499
    0.323529    0.675538   -0.000597    0.162785    0.000000       -1.317516        1.000000    7.268647    2.147435    0.527454    6.173499
    0.333333    0.675852   -0.009421    0.128744    0.000000       -1.350805        1.000000    7.525665    2.234235    0.527454    6.173499
    0.343137    0.676637   -0.016188    0.095043    0.000000       -1.382661        1.000000    7.782981    2.321172    0.527454    6.173499
    0.352941    0.677771   -0.020962    0.063096    0.000000       -1.412005        1.000000    8.040728    2.408352    0.527454    6.173499
    0.362745    0.679137   -0.023884    0.034016    0.000000       -1.438022        1.000000    8.298995    2.495848    0.527454    6.173499
    0.372549    0.680628   -0.025154    0.008615    0.000000       -1.460151        1.000000    8.557829    2.583712    0.527454    6.173499
    0.382353    0.682153   -0.025012   -0.012583    0.000000       -1.478072        1.000000    8.817242    2.671966    0.527454    6.173499
    0.392157    0.683633   -0.023721   -0.029329    0.000000       -1.491691        1.000000    9.077219    2.760613    0.527454    6.173499
    0.401961    0.685006   -0.021552   -0.041616    0.000000       -1.501118        1.000000    9.337717    2.849636    0.527454    6.173499
    0.411765    0.686229   -0.018769   -0.049654    0.000000       -1.506637        1.000000    9.598681    2.939003    0.527454    6.173499
    0.421569    0.687271   -0.015619   -0.053822    0.000000       -1.508675        1.000000    9.860041    3.028670    0.527454    6.173499
    0.431373    0.688116   -0.012322   -0.054627    0.000000       -1.507759        1.000000   10.121722    3.118588    0.527454    6.173499
    0.441176    0.688763   -0.009063   -0.052654    0.000000       -1.504473        1.000000   10.383650    3.208706    0.527454    6.173499
    0.450980    0.689217   -0.005992   -0.048526    0.000000       -1.499421        1.000000   10.645750    3.298970    0.527454    6.173499
    0.460784    0.689494   -0.003220   -0.042858    0.000000       -1.493188        1.000000   10.907955    3.389331    0.527454    6.173499
    0.470588    0.689615   -0.000823   -0.036230    0.000000       -1.486315        1.000000   11.170206    3.479744    0.527454    6.173499
    0.480392    0.689602    0.001157   -0.029162    0.000000       -1.479272        1.000000   11.432453    3.570171    0.527454    6.173499
    0.490196    0.689483    0.002707   -0.022094    0.000000       -1.472451        1.000000   11.694654    3.660580    0.527454    6.173499
    0.500000    0.689283    0.003839   -0.015384    0.000000       -1.466156        1.000000   11.956779    3.750947    0.527454    6.173499
    0.509804    0.689026    0.004582   -0.009302    0.000000       -1.460609        1.000000   12.218807    3.841252    0.527454    6.173499
    0.519608    0.688735    0.004981   -0.004035    0.000000       -1.455954        1.000000   12.480724    3.931486    0.527454    6.173499
    0.529412    0.688429    0.005089    0.000301    0.000000       -1.452262        1.000000   12.742524    4.021640    0.527454    6.173499
    0.539216    0.688124    0.004965    0.003657    0.000000       -1.449552        1.000000   13.004209    4.111715    0.527454    6.173499
    0.549020    0.687832    0.004666    0.006033    0.000000       -1.447794        1.000000   13.265782    4.201711    0.527454    6.173499
    0.558824    0.687561    0.004253    0.007474    0.000000       -1.446929        1.000000   13.527253    4.291633    0.527454    6.173499
    0.568627    0.687318    0.003779    0.008048    0.000000       -1.446872        1.000000   13.788631    4.381488    0.527454    6.173499
    0.578431    0.687104    0.003295    0.007843    0.000000       -1.447532        1.000000   14.049927    4.471284    0.527454    6.173499
    0.588235    0.686919    0.002844    0.006955    0.000000       -1.448816        1.000000   14.311153    4.561028    0.527454    6.173499
    0.598039    0.686759    0.002465    0.005475    0.000000       -1.450636        1.000000   14.572318    4.650727    0.527454    6.173499
    0.607843    0.686618    0.002191    0.003489    0.000000       -1.452920        1.000000   14.833430    4.740387    0.527454    6.173499
    0.617647    0.686491    0.002051    0.001063    0.000000       -1.455618        1.000000   15.094493    4.830012    0.527454    6.173499
    0.627451    0.686367    0.002070   -0.001757    0.000000       -1.458700        1.000000   15.355509    4.919604    0.527454    6.173499
    0.637255    0.686236    0.002271   -0.004952    0.000000       -1.462172        1.000000   15.616476    5.009163    0.527454    6.173499
    0.647059    0.686088    0.002677   -0.008535    0.000000       -1.466069        1.000000   15.877386    5.098687    0.527454    6.173499
    0.656863    0.685908    0.003313   -0.012552    0.000000       -1.470467        1.000000   16.138227    5.188167    0.527454    6.173499
    0.666667    0.685681    0.004207   -0.017090    0.000000       -1.475480        1.000000   16.398983    5.277595    0.527454    6.173499
    0.676471    0.685392    0.005395   -0.022276    0.000000       -1.481273        1.000000   16.659629    5.366955    0.527454    6.173499
    0.686275    0.685022    0.006921   -0.028286    0.000000       -1.488059        1.000000   16.920133    5.456230    0.527454    6.173499
    0.696078    0.684547    0.008840   -0.035346    0.000000       -1.496110        1.000000   17.180457    5.545393    0.527454    6.173499
    0.705882    0.683942    0.011226   -0.043741    0.000000       -1.505761        1.000000   17.440551    5.634415    0.527454    6.173499
    0.715686    0.683177    0.014169   -0.053818    0.000000       -1.517421        1.000000   17.700354    5.723257    0.527454    6.173499
    0.725490    0.682213    0.017783   -0.065997    0.000000       -1.531582        1.000000   17.959791    5.811871    0.527454    6.173499
    0.735294    0.681008    0.022210   -0.080776    0.000000       -1.548826        1.000000   18.218769    5.900198    0.527454    6.173499
    0.745098    0.679505    0.027625   -0.098736    0.000000       -1.569834        1.000000   18.477176    5.988167    0.527454    6.173499
    0.754902    0.677640    0.034240   -0.120551    0.000000       -1.595395        1.000000   18.734873    6.075687    0.527454    6.173499
    0.764706    0.675332    0.042310   -0.146980    0.000000       -1.626408        1.000000   18.991693    6.162650    0.527454    6.173499
    0.774510    0.672485    0.052142   -0.178871    0.000000       -1.663873        1.000000   19.247430    6.248921    0.527454    6.173499
    0.784314    0.668981    0.064091   -0.217132    0.000000       -1.708874        1.000000   19.501835    6.334335    0.527454    6.173499
    0.794118    0.664681    0.078573   -0.262707    0.000000       -1.762546        1.000000   19.754604    6.418689    0.527454    6.173499
    0.803922    0.659419    0.096058   -0.316516    0.000000       -1.826010        1.000000   20.005372    6.501737    0.527454    6.173499
    0.813725    0.653001    0.117070   -0.379379    0.000000       -1.900288        1.000000   20.253700    6.583179    0.527454    6.173499
    0.823529    0.645200    0.142177   -0.451913    0.000000       -1.986181        1.000000   20.499061    6.662654    0.527454    6.173499
    0.833333    0.635757    0.171974   -0.534402    0.000000       -2.084127        1.000000   20.740831    6.739733    0.527454    6.173499
    0.843137    0.624384    0.207063   -0.626668    0.000000       -2.194036        1.000000   20.978276    6.813914    0.527454    6.173499
    0.852941    0.610761    0.248014   -0.727945    0.000000       -2.315147        1.000000   21.210540    6.884619    0.527454    6.173499
    0.862745    0.594554    0.295333   -0.836804    0.000000       -2.445919        1.000000   21.436641    6.951208    0.527454    6.173499
    0.872549    0.575414    0.349419   -0.951144    0.000000       -2.584007        1.000000   21.655463    7.012995    0.527454    6.173499
    0.882353    0.553002    0.410525   -1.068291    0.000000       -2.726352        1.000000   21.865762    7.069284    0.527454    6.173499
    0.892157    0.527006    0.478730   -1.185194    0.000000       -2.869387        1.000000   22.066176    7.119425    0.527454    6.173499
    0.901961    0.497163    0.553923   -1.298697    0.000000       -3.009336        1.000000   22.255240    7.162876    0.527454    6.173499
    0.911765    0.463282    0.635807   -1.405835    0.000000       -3.142557        1.000000   22.431420    7.199287    0.527454    6.173499
    0.921569    0.425267    0.723919   -1.504101    0.000000       -3.265856        1.000000   22.593144    7.228568    0.527454    6.173499
    0.931373    0.383134    0.817660   -1.591619    0.000000       -3.376714        1.000000   22.738845    7.250947    0.527454    6.173499
    0.941176    0.337024    0.916342   -1.667210    0.000000       -3.473391        1.000000   22.867010    7.266992    0.527454    6.173499
    0.950980    0.287207    1.019222   -1.730342    0.000000       -3.554906        1.000000   22.976232    7.277581    0.527454    6.173499
    0.960784    0.234079    1.125546   -1.781007    0.000000       -3.620919        1.000000   23.065248    7.283830    0.527454    6.173499
    0.970588    0.178148    1.234567   -1.819555    0.000000       -3.671553        1.000000   23.132996    7.286969    0.527454    6.173499
    0.980392    0.120025    1.345567   -1.846513    0.000000       -3.707203        1.000000   23.178640    7.288186    0.527454    6.173499
    0.990196    0.060396    1.457863   -1.862416    0.000000       -3.728337        1.000000   23.201607    7.288475    0.527454    6.173499
    1.000000    0.000000    1.570796   -1.867667    0.000000       -3.735334        1.000000   23.201607    7.288495    0.527454    6.173499
