           t           r         psi          cs          qs               p             sig           A           V          Q2           S
    0.000000    0.000000   -1.570796   -0.997293    0.000000       -1.994587        1.000000    0.000000   -0.000000    0.009534    5.138823
    0.009804    0.050359   -1.520552   -0.997295    0.000000       -1.994589        1.000000    0.000000    0.000005    0.009534    5.138823
    0.019608    0.100592   -1.470308   -0.997300    0.000000       -1.994596        1.000000    0.031842    0.000080    0.009534    5.138823
    0.029412    0.150570   -1.420063   -0.997309    0.000000       -1.994607        1.000000    0.079505    0.000406    0.009534    5.138823
    0.039216    0.200169   -1.369817   -0.997322    0.000000       -1.994624        1.000000    0.142869    0.001275    0.009534    5.138823
    0.049020    0.249262   -1.319571   -0.997339    0.000000       -1.994647        1.000000    0.221773    0.003088    0.009534    5.138823
    0.058824    0.297726   -1.269324   -0.997362    0.000000       -1.994677        1.000000    0.316018    0.006345    0.009534    5.138823
    0.068627    0.345438   -1.219076   -0.997391    0.000000       -1.994715        1.000000    0.425367    0.011627    0.009534    5.138823
    0.078431    0.392279   -1.168826   -0.997429    0.000000       -1.994762        1.000000    0.549543    0.019585    0.009534    5.138823
    0.088235    0.438129   -1.118573   -0.997476    0.000000       -1.994822        1.000000    0.688233    0.030926    0.009534    5.138823
    0.098039    0.482873   -1.068319   -0.997536    0.000000       -1.994897        1.000000    0.841087    0.046388    0.009534    5.138823
    0.107843    0.526398   -1.018060   -0.997612    0.000000       -1.994990        1.000000    1.007719    0.066724    0.009534    5.138823
    0.117647    0.568594   -0.967798   -0.997708    0.000000       -1.995107        1.000000    1.187707    0.092686    0.009534    5.138823
    0.127451    0.609354   -0.917529   -0.997831    0.000000       -1.995254        1.000000    1.380599    0.124999    0.009534    5.138823
    0.137255    0.648575   -0.867254   -0.997989    0.000000       -1.995442        1.000000    1.585906    0.164342    0.009534    5.138823
    0.147059    0.686157   -0.816970   -0.998195    0.000000       -1.995682        1.000000    1.803109    0.211334    0.009534    5.138823
    0.156863    0.722006   -0.766674   -0.998465    0.000000       -1.995994        1.000000    2.031661    0.266511    0.009534    5.138823
    0.166667    0.756030   -0.716362   -0.998827    0.000000       -1.996405        1.000000    2.270983    0.330311    0.009534    5.138823
    0.176471    0.788142   -0.666029   -0.999317    0.000000       -1.996956        1.000000    2.520470    0.403061    0.009534    5.138823
    0.186275    0.818261   -0.615666   -0.999995    0.000000       -1.997708        1.000000    2.779491    0.484965    0.009534    5.138823
    0.196078    0.846307   -0.565263   -1.000956    0.000000       -1.998759        1.000000    3.047390    0.576092    0.009534    5.138823
    0.205882    0.872209   -0.514802   -1.002356    0.000000       -2.000271        1.000000    3.323488    0.676375    0.009534    5.138823
    0.215686    0.895896   -0.464253   -1.004462    0.000000       -2.002521        1.000000    3.607085    0.785601    0.009534    5.138823
    0.225490    0.917304   -0.413571   -1.007765    0.000000       -2.006007        1.000000    3.897458    0.903414    0.009534    5.138823
    0.235294    0.936369   -0.362674   -1.013209    0.000000       -2.011695        1.000000    4.193867    1.029316    0.009534    5.138823
    0.245098    0.953030   -0.311411   -1.022773    0.000000       -2.021589        1.000000    4.495549    1.162674    0.009534    5.138823
    0.254902    0.967218   -0.259476   -1.040978    0.000000       -2.040261        1.000000    4.801723    1.302725    0.009534    5.138823
    0.264706    0.978850   -0.206193   -1.079284    0.000000       -2.079251        1.000000    5.111578    1.448583    0.009534    5.138823
    0.274510    0.987789   -0.149896   -1.168381    0.000000       -2.169390        1.000000    5.424264    1.599248    0.009534    5.138823
    0.284314    0.993774   -0.086715   -1.353516    0.000000       -2.356000        1.000000    5.738844    1.753576    0.009534    5.138823
    0.294118    0.996395   -0.018746   -1.164257    0.000000       -2.167698        1.000000    6.054253    1.910147    0.009534    5.138823
    0.303922    0.996286    0.014649   -0.199330    0.000000       -1.202951        1.000000    6.369628    2.067302    0.009534    5.138823
    0.313725    0.995504    0.013563    0.145194    0.000000       -0.859230        1.000000    6.684756    2.224260    0.009534    5.138823
    0.323529    0.995025    0.005432    0.152229    0.000000       -0.852756        1.000000    6.999732    2.381021    0.009534    5.138823
    0.333333    0.994917   -0.000554    0.081556    0.000000       -0.923552        1.000000    7.314674    2.537700    0.009534    5.138823
    0.343137    0.995018   -0.002847    0.013230    0.000000       -0.991773        1.000000    7.629647    2.694383    0.009534    5.138823
    0.352941    0.995158   -0.002432   -0.023580    0.000000       -1.028442        1.000000    7.944665    2.851108    0.009534    5.138823
    0.362745    0.995247   -0.001035   -0.027472    0.000000       -1.032248        1.000000    8.259711    3.007870    0.009534    5.138823
    0.372549    0.995268    0.000058   -0.014785    0.000000       -1.019539        1.000000    8.574764    3.164649    0.009534    5.138823
    0.382353    0.995253    0.000460   -0.002037    0.000000       -1.006807        1.000000    8.889812    3.321428    0.009534    5.138823
    0.392157    0.995230    0.000380    0.004028    0.000000       -1.000764        1.000000    9.204853    3.478200    0.009534    5.138823
    0.401961    0.995217    0.000152    0.004346    0.000000       -1.000460        1.000000    9.519890    3.634967    0.009534    5.138823
    0.411765    0.995214   -0.000017    0.002239    0.000000       -1.002571        1.000000    9.834925    3.791731    0.009534    5.138823
    0.421569    0.995217   -0.000076    0.000245    0.000000       -1.004562        1.000000   10.149962    3.948495    0.009534    5.138823
    0.431373    0.995220   -0.000061   -0.000680    0.000000       -1.005483        1.000000   10.465000    4.105261    0.009534    5.138823
    0.441176    0.995222   -0.000023   -0.000701    0.000000       -1.005501        1.000000   10.780038    4.262027    0.009534    5.138823
    0.450980    0.995223    0.000004   -0.000348    0.000000       -1.005148        1.000000   11.095077    4.418794    0.009534    5.138823
    0.460784    0.995222    0.000013   -0.000028    0.000000       -1.004828        1.000000   11.410115    4.575560    0.009534    5.138823
    0.470588    0.995222    0.000010    0.000114    0.000000       -1.004687        1.000000   11.725153    4.732327    0.009534    5.138823
    0.480392    0.995221    0.000003    0.000112    0.000000       -1.004689        1.000000   12.040191    4.889093    0.009534    5.138823
    0.490196    0.995221   -0.000001    0.000054    0.000000       -1.004748        1.000000   12.355229    5.045859    0.009534    5.138823
    0.500000    0.995221   -0.000002    0.000003    0.000000       -1.004799        1.000000   12.670267    5.202626    0.009534    5.138823
    0.509804    0.995221   -0.000002   -0.000019    0.000000       -1.004821        1.000000   12.985305    5.359392    0.009534    5.138823
    0.519608    0.995221   -0.000001   -0.000018    0.000000       -1.004820        1.000000   13.300343    5.516158    0.009534    5.138823
    0.529412    0.995221    0.000000   -0.000008    0.000000       -1.004810        1.000000   13.615381    5.672925    0.009534    5.138823
    0.539216    0.995221    0.000000   -0.000001    0.000000       -1.004802        1.000000   13.930419    5.829691    0.009534    5.138823
    0.549020    0.995221    0.000000    0.000002    0.000000       -1.004799        1.000000   14.245458    5.986457    0.009534    5.138823
    0.558824    0.995221    0.000000   -0.000000    0.000000       -1.004802        1.000000   14.560496    6.143224    0.009534    5.138823
    0.568627    0.995221    0.000000   -0.000006    0.000000       -1.004807        1.000000   14.875534    6.299990    0.009534    5.138823
    0.578431    0.995221    0.000001   -0.000018    0.000000       -1.004820        1.000000   15.190572    6.456756    0.009534    5.138823
    0.588235    0.995221    0.000002   -0.000046    0.000000       -1.004847        1.000000   15.505610    6.613523    0.009534    5.138823
    0.598039    0.995221    0.000006   -0.000113    0.000000       -1.004915        1.000000   15.820648    6.770289    0.009534    5.138823
    0.607843    0.995221    0.000016   -0.000282    0.000000       -1.005085        1.000000   16.135686    6.927055    0.009534    5.138823
    0.617647    0.995219    0.000039   -0.000705    0.000000       -1.005509        1.000000   16.450723    7.083821    0.009534    5.138823
    0.627451    0.995216    0.000097   -0.001762    0.000000       -1.006569        1.000000   16.765759    7.240586    0.009534    5.138823
    0.637255    0.995208    0.000242   -0.004397    0.000000       -1.009211        1.000000   17.080793    7.397350    0.009534    5.138823
    0.647059    0.995188    0.000604   -0.010921    0.000000       -1.015756        1.000000   17.395821    7.554109    0.009534    5.138823
    0.656863    0.995139    0.001497   -0.026846    0.000000       -1.031730        1.000000   17.710833    7.710858    0.009534    5.138823
    0.666667    0.995016    0.003665   -0.064356    0.000000       -1.069358        1.000000   18.025806    7.867582    0.009534    5.138823
    0.676471    0.994722    0.008715   -0.145780    0.000000       -1.151048        1.000000   18.340686    8.024241    0.009534    5.138823
    0.686275    0.994042    0.019514   -0.295118    0.000000       -1.300920        1.000000   18.655351    8.180742    0.009534    5.138823
    0.696078    0.992601    0.039438   -0.500848    0.000000       -1.507518        1.000000   18.969559    8.336870    0.009534    5.138823
    0.705882    0.989892    0.069824   -0.697912    0.000000       -1.705662        1.000000   19.282910    8.492196    0.009534    5.138823
    0.715686    0.985430    0.108711   -0.834665    0.000000       -1.843460        1.000000   19.594849    8.646024    0.009534    5.138823
    0.725490    0.978875    0.152937   -0.913075    0.000000       -1.922732        1.000000   19.904712    8.797448    0.009534    5.138823
    0.735294    0.970037    0.200108   -0.955177    0.000000       -1.965495        1.000000   20.211778    8.945458    0.009534    5.138823
    0.745098    0.958828    0.248861   -0.977941    0.000000       -1.988752        1.000000   20.515296    9.089034    0.009534    5.138823
    0.754902    0.945215    0.298482   -0.990711    0.000000       -2.001892        1.000000   20.814505    9.227201    0.009534    5.138823
    0.764706    0.929201    0.348599   -0.998205    0.000000       -2.009667        1.000000   21.108644    9.359064    0.009534    5.138823
    0.774510    0.910807    0.399014   -1.002800    0.000000       -2.014479        1.000000   21.396961    9.483831    0.009534    5.138823
    0.784314    0.890068    0.449615   -1.005733    0.000000       -2.017582        1.000000   21.678712    9.600833    0.009534    5.138823
    0.794118    0.867031    0.500336   -1.007672    0.000000       -2.019655        1.000000   21.953172    9.709529    0.009534    5.138823
    0.803922    0.841751    0.551139   -1.008992    0.000000       -2.021084        1.000000   22.219629    9.809519    0.009534    5.138823
    0.813725    0.814289    0.601997   -1.009916    0.000000       -2.022096        1.000000   22.477392    9.900547    0.009534    5.138823
    0.823529    0.784715    0.652895   -1.010578    0.000000       -2.022829        1.000000   22.725794    9.982502    0.009534    5.138823
    0.833333    0.753104    0.703821   -1.011060    0.000000       -2.023371        1.000000   22.964190   10.055415    0.009534    5.138823
    0.843137    0.719536    0.754768   -1.011419    0.000000       -2.023779        1.000000   23.191960   10.119454    0.009534    5.138823
    0.852941    0.684100    0.805731   -1.011689    0.000000       -2.024091        1.000000   23.408512   10.174916    0.009534    5.138823
    0.862745    0.646885    0.856706   -1.011895    0.000000       -2.024331        1.000000   23.613284   10.222212    0.009534    5.138823
    0.872549    0.607988    0.907690   -1.012054    0.000000       -2.024520        1.000000   23.805743   10.261857    0.009534    5.138823
    0.882353    0.567511    0.958681   -1.012178    0.000000       -2.024668        1.000000   23.985389   10.294454    0.009534    5.138823
    0.892157    0.525558    1.009678   -1.012275    0.000000       -2.024786        1.000000   24.151755   10.320671    0.009534    5.138823
    0.901961    0.482237    1.060679   -1.012351    0.000000       -2.024881        1.000000   24.304408   10.341227    0.009534    5.138823
    0.911765    0.437663    1.111684   -1.012412    0.000000       -2.024956        1.000000   24.442950   10.356867    0.009534    5.138823
    0.921569    0.391949    1.162691   -1.012460    0.000000       -2.025017        1.000000   24.567022   10.368348    0.009534    5.138823
    0.931373    0.345217    1.213700   -1.012498    0.000000       -2.025065        1.000000   24.676300   10.376410    0.009534    5.138823
    0.941176    0.297586    1.264711   -1.012528    0.000000       -2.025104        1.000000   24.770501   10.381764    0.009534    5.138823
    0.950980    0.249180    1.315724   -1.012551    0.000000       -2.025134        1.000000   24.849380   10.385066    0.009534    5.138823
    0.960784    0.200127    1.366737   -1.012569    0.000000       -2.025157        1.000000   24.912730   10.386906    0.009534    5.138823
    0.970588    0.150553    1.417751   -1.012582    0.000000       -2.025174        1.000000   24.960387   10.387788    0.009534    5.138823
    0.980392    0.100587    1.468766   -1.012591    0.000000       -2.025186        1.000000   24.992228   10.388118    0.009534    5.138823
    0.990196    0.050359    1.519781   -1.012596    0.000000       -2.025193        1.000000   25.008169   10.388195    0.009534    5.138823
    1.000000    0.000000    1.570796   -1.012597    0.000000       -2.025195        1.000000   25.008169   10.388200    0.009534    5.138823
