           t           r         psi          cs          qs               p             sig           A           V          Q2           S
    0.000000    0.000000   -1.570796   -0.991005    0.000000       -1.982011        1.000000    0.000000    0.000000    0.088887    5.364413
    0.009804    0.052568   -1.518676   -0.991066    0.000000       -1.982091        1.000000    0.000000    0.000006    0.088887    5.364413
    0.019608    0.104994   -1.466549   -0.991249    0.000000       -1.982335        1.000000    0.034695    0.000095    0.088887    5.364413
    0.029412    0.157135   -1.414410   -0.991566    0.000000       -1.982754        1.000000    0.086620    0.000478    0.088887    5.364413
    0.039216    0.208848   -1.362249   -0.992030    0.000000       -1.983367        1.000000    0.155633    0.001503    0.088887    5.364413
    0.049020    0.259993   -1.310060   -0.992666    0.000000       -1.984199        1.000000    0.241547    0.003640    0.088887    5.364413
    0.058824    0.310431   -1.257833   -0.993505    0.000000       -1.985287        1.000000    0.344128    0.007473    0.088887    5.364413
    0.068627    0.360023   -1.205555   -0.994589    0.000000       -1.986679        1.000000    0.463096    0.013685    0.088887    5.364413
    0.078431    0.408632   -1.153212   -0.995973    0.000000       -1.988440        1.000000    0.598128    0.023036    0.088887    5.364413
    0.088235    0.456124   -1.100787   -0.997733    0.000000       -1.990652        1.000000    0.748853    0.036343    0.088887    5.364413
    0.098039    0.502367   -1.048258   -0.999965    0.000000       -1.993425        1.000000    0.914858    0.054460    0.088887    5.364413
    0.107843    0.547229   -0.995596   -1.002803    0.000000       -1.996907        1.000000    1.095689    0.078252    0.088887    5.364413
    0.117647    0.590583   -0.942765   -1.006424    0.000000       -2.001293        1.000000    1.290845    0.108572    0.088887    5.364413
    0.127451    0.632301   -0.889717   -1.011070    0.000000       -2.006848        1.000000    1.499787    0.146235    0.088887    5.364413
    0.137255    0.672259   -0.836392   -1.017076    0.000000       -2.013932        1.000000    1.721933    0.191994    0.088887    5.364413
    0.147059    0.710331   -0.782705   -1.024909    0.000000       -2.023048        1.000000    1.956660    0.246521    0.088887    5.364413
    0.156863    0.746393   -0.728544   -1.035226    0.000000       -2.034893        1.000000    2.203303    0.310378    0.088887    5.364413
    0.166667    0.780318   -0.673755   -1.048962    0.000000       -2.050456        1.000000    2.461157    0.384004    0.088887    5.364413
    0.176471    0.811976   -0.618126   -1.067451    0.000000       -2.071133        1.000000    2.729472    0.467691    0.088887    5.364413
    0.186275    0.841226   -0.561360   -1.092585    0.000000       -2.098893        1.000000    3.007453    0.561572    0.088887    5.364413
    0.196078    0.867916   -0.503041   -1.126971    0.000000       -2.136425        1.000000    3.294253    0.665602    0.088887    5.364413
    0.205882    0.891872   -0.442600   -1.173891    0.000000       -2.187087        1.000000    3.588969    0.779540    0.088887    5.364413
    0.215686    0.912891   -0.379291   -1.236424    0.000000       -2.253991        1.000000    3.890632    0.902932    0.088887    5.364413
    0.225490    0.930730   -0.312279   -1.313847    0.000000       -2.336309        1.000000    4.198189    1.035071    0.088887    5.364413
    0.235294    0.945110   -0.241074   -1.391310    0.000000       -2.418790        1.000000    4.510498    1.174946    0.088887    5.364413
    0.245098    0.955765   -0.166747   -1.420863    0.000000       -2.452634        1.000000    4.826327    1.321171    0.088887    5.364413
    0.254902    0.962576   -0.093952   -1.318393    0.000000       -2.352690        1.000000    5.144408    1.471966    0.088887    5.364413
    0.264706    0.965802   -0.031301   -1.037032    0.000000       -2.071934        1.000000    5.463554    1.625341    0.088887    5.364413
    0.274510    0.966185    0.013386   -0.658329    0.000000       -1.693234        1.000000    5.782827    1.779564    0.088887    5.364413
    0.284314    0.964738    0.038656   -0.317046    0.000000       -1.352823        1.000000    6.101622    1.933544    0.088887    5.364413
    0.294118    0.962390    0.048552   -0.076990    0.000000       -1.114845        1.000000    6.419641    2.086807    0.088887    5.364413
    0.303922    0.959808    0.048442    0.067330    0.000000       -0.973323        1.000000    6.736807    2.239242    0.088887    5.364413
    0.313725    0.957395    0.042675    0.142700    0.000000       -0.900849        1.000000    7.053175    2.390901    0.088887    5.364413
    0.323529    0.955367    0.034214    0.173217    0.000000       -0.872889        1.000000    7.368873    2.541900    0.088887    5.364413
    0.333333    0.953811    0.024943    0.175735    0.000000       -0.872365        1.000000    7.684057    2.692379    0.088887    5.364413
    0.343137    0.952737    0.016025    0.161287    0.000000       -0.888186        1.000000    7.998887    2.842479    0.088887    5.364413
    0.352941    0.952107    0.008147    0.137120    0.000000       -0.913147        1.000000    8.313508    2.992332    0.088887    5.364413
    0.362745    0.951855    0.001685    0.108164    0.000000       -0.942414        1.000000    8.628045    3.142058    0.088887    5.364413
    0.372549    0.951902   -0.003208    0.077929    0.000000       -0.972594        1.000000    8.942599    3.291756    0.088887    5.364413
    0.382353    0.952165   -0.006535    0.048993    0.000000       -1.001222        1.000000    9.257239    3.441503    0.088887    5.364413
    0.392157    0.952564   -0.008418    0.023248    0.000000       -1.026512        1.000000    9.572011    3.591353    0.088887    5.364413
    0.401961    0.953029   -0.009060    0.001990    0.000000       -1.047253        1.000000    9.886936    3.741340    0.088887    5.364413
    0.411765    0.953500   -0.008719   -0.014055    0.000000       -1.062783        1.000000   10.202018    3.891475    0.088887    5.364413
    0.421569    0.953934   -0.007676   -0.024713    0.000000       -1.072973        1.000000   10.517242    4.041755    0.088887    5.364413
    0.431373    0.954300   -0.006208   -0.030315    0.000000       -1.078183        1.000000   10.832588    4.192163    0.088887    5.364413
    0.441176    0.954583   -0.004563   -0.031593    0.000000       -1.079159        1.000000   11.148027    4.342675    0.088887    5.364413
    0.450980    0.954780   -0.002944   -0.029541    0.000000       -1.076898        1.000000   11.463531    4.493263    0.088887    5.364413
    0.460784    0.954896   -0.001495   -0.025250    0.000000       -1.072483        1.000000   11.779074    4.643902    0.088887    5.364413
    0.470588    0.954942   -0.000308   -0.019763    0.000000       -1.066947        1.000000   12.094632    4.794566    0.088887    5.364413
    0.480392    0.954934    0.000578   -0.013970    0.000000       -1.061162        1.000000   12.410187    4.945236    0.088887    5.364413
    0.490196    0.954887    0.001168   -0.008545    0.000000       -1.055789        1.000000   12.725727    5.095896    0.088887    5.364413
    0.500000    0.954816    0.001492   -0.003942    0.000000       -1.051263        1.000000   13.041243    5.246537    0.088887    5.364413
    0.509804    0.954734    0.001601   -0.000406    0.000000       -1.047817        1.000000   13.356731    5.397154    0.088887    5.364413
    0.519608    0.954650    0.001555    0.001980    0.000000       -1.045523        1.000000   13.672193    5.547745    0.088887    5.364413
    0.529412    0.954572    0.001412    0.003251    0.000000       -1.044339        1.000000   13.987628    5.698310    0.088887    5.364413
    0.539216    0.954502    0.001230    0.003511    0.000000       -1.044155        1.000000   14.303041    5.848851    0.088887    5.364413
    0.549020    0.954442    0.001058    0.002894    0.000000       -1.044838        1.000000   14.618433    5.999372    0.088887    5.364413
    0.558824    0.954390    0.000939    0.001526    0.000000       -1.046263        1.000000   14.933809    6.149876    0.088887    5.364413
    0.568627    0.954342    0.000909   -0.000502    0.000000       -1.048345        1.000000   15.249168    6.300364    0.088887    5.364413
    0.578431    0.954292    0.001003   -0.003163    0.000000       -1.051060        1.000000   15.564511    6.450836    0.088887    5.364413
    0.588235    0.954234    0.001254   -0.006510    0.000000       -1.054470        1.000000   15.879835    6.601292    0.088887    5.364413
    0.598039    0.954157    0.001702   -0.010699    0.000000       -1.058744        1.000000   16.195133    6.751726    0.088887    5.364413
    0.607843    0.954050    0.002399   -0.016014    0.000000       -1.064174        1.000000   16.510396    6.902132    0.088887    5.364413
    0.617647    0.953899    0.003414   -0.022888    0.000000       -1.071212        1.000000   16.825609    7.052497    0.088887    5.364413
    0.627451    0.953684    0.004845   -0.031933    0.000000       -1.080486        1.000000   17.140751    7.202805    0.088887    5.364413
    0.637255    0.953380    0.006825   -0.043968    0.000000       -1.092844        1.000000   17.455793    7.353030    0.088887    5.364413
    0.647059    0.952953    0.009540   -0.060046    0.000000       -1.109368        1.000000   17.770693    7.503139    0.088887    5.364413
    0.656863    0.952359    0.013235   -0.081458    0.000000       -1.131391        1.000000   18.085397    7.653083    0.088887    5.364413
    0.666667    0.951538    0.018228   -0.109697    0.000000       -1.160453        1.000000   18.399830    7.802799    0.088887    5.364413
    0.676471    0.950412    0.024921   -0.146345    0.000000       -1.198194        1.000000   18.713891    7.952194    0.088887    5.364413
    0.686275    0.948879    0.033794   -0.192849    0.000000       -1.246123        1.000000   19.027446    8.101145    0.088887    5.364413
    0.696078    0.946810    0.045395   -0.250164    0.000000       -1.305253        1.000000   19.340316    8.249484    0.088887    5.364413
    0.705882    0.944048    0.060298   -0.318305    0.000000       -1.375648        1.000000   19.652274    8.396982    0.088887    5.364413
    0.715686    0.940405    0.079044   -0.395949    0.000000       -1.456001        1.000000   19.963028    8.543337    0.088887    5.364413
    0.725490    0.935668    0.102064   -0.480286    0.000000       -1.543479        1.000000   20.272217    8.688157    0.088887    5.364413
    0.735294    0.929610    0.129610   -0.567313    0.000000       -1.634011        1.000000   20.579404    8.830948    0.088887    5.364413
    0.745098    0.921996    0.161705   -0.652570    0.000000       -1.723023        1.000000   20.884075    8.971108    0.088887    5.364413
    0.754902    0.912603    0.198148   -0.732042    0.000000       -1.806367        1.000000   21.185642    9.107940    0.088887    5.364413
    0.764706    0.901227    0.238552   -0.802877    0.000000       -1.881053        1.000000   21.483450    9.240664    0.088887    5.364413
    0.774510    0.887697    0.282421   -0.863656    0.000000       -1.945538        1.000000   21.776787    9.368452    0.088887    5.364413
    0.784314    0.871875    0.329216   -0.914237    0.000000       -1.999594        1.000000   22.064896    9.490465    0.088887    5.364413
    0.794118    0.853664    0.378419   -0.955371    0.000000       -2.043914        1.000000   22.346986    9.605897    0.088887    5.364413
    0.803922    0.832999    0.429562   -0.988277    0.000000       -2.079692        1.000000   22.622248    9.714008    0.088887    5.364413
    0.813725    0.809852    0.482250   -1.014321    0.000000       -2.108291        1.000000   22.889862    9.814168    0.088887    5.364413
    0.823529    0.784222    0.536156   -1.034805    0.000000       -2.131024        1.000000   23.149006    9.905877    0.088887    5.364413
    0.833333    0.756133    0.591018   -1.050870    0.000000       -2.149055        1.000000   23.398867    9.988789    0.088887    5.364413
    0.843137    0.725631    0.646630   -1.063463    0.000000       -2.163358        1.000000   23.638650   10.062727    0.088887    5.364413
    0.852941    0.692784    0.702831   -1.073347    0.000000       -2.174724        1.000000   23.867578   10.127683    0.088887    5.364413
    0.862745    0.657672    0.759493   -1.081123    0.000000       -2.183778        1.000000   24.084904   10.183822    0.088887    5.364413
    0.872549    0.620393    0.816520   -1.087257    0.000000       -2.191012        1.000000   24.289911   10.231468    0.088887    5.364413
    0.882353    0.581055    0.873833   -1.092109    0.000000       -2.196810        1.000000   24.481919   10.271094    0.088887    5.364413
    0.892157    0.539779    0.931375   -1.095958    0.000000       -2.201467        1.000000   24.660288   10.303301    0.088887    5.364413
    0.901961    0.496696    0.989097   -1.099015    0.000000       -2.205214        1.000000   24.824419   10.328797    0.088887    5.364413
    0.911765    0.451942    1.046964   -1.101446    0.000000       -2.208231        1.000000   24.973762   10.348366    0.088887    5.364413
    0.921569    0.405665    1.104944   -1.103378    0.000000       -2.210656        1.000000   25.107813   10.362841    0.088887    5.364413
    0.931373    0.358018    1.163015   -1.104906    0.000000       -2.212598        1.000000   25.226119   10.373077    0.088887    5.364413
    0.941176    0.309159    1.221157   -1.106108    0.000000       -2.214141        1.000000   25.328280   10.379914    0.088887    5.364413
    0.950980    0.259253    1.279356   -1.107042    0.000000       -2.215351        1.000000   25.413949   10.384153    0.088887    5.364413
    0.960784    0.208467    1.337597   -1.107751    0.000000       -2.216278        1.000000   25.482837   10.386525    0.088887    5.364413
    0.970588    0.156973    1.395871   -1.108270    0.000000       -2.216962        1.000000   25.534708   10.387666    0.088887    5.364413
    0.980392    0.104946    1.454167   -1.108624    0.000000       -2.217430        1.000000   25.569387   10.388094    0.088887    5.364413
    0.990196    0.052562    1.512478   -1.108829    0.000000       -2.217704        1.000000   25.586756   10.388193    0.088887    5.364413
    1.000000    0.000000    1.570796   -1.108897    0.000000       -2.217793        1.000000   25.586756   10.388200    0.088887    5.364413
