           t           r         psi          cs          qs               p             sig           A           V          Q2           S
    0.000000   -0.000000   -1.570796   -1.015774    0.000000       -2.031548        1.000000    0.000000   -0.000000    0.271707    6.105018
    0.009804    0.059816   -1.509987   -1.016373    0.000000       -2.032346        1.000000    0.000000    0.000010    0.271707    6.105018
    0.019608    0.119411   -1.449106   -1.018207    0.000000       -2.034784        1.000000    0.044907    0.000163    0.271707    6.105018
    0.029412    0.178563   -1.388075   -1.021385    0.000000       -2.038988        1.000000    0.112059    0.000821    0.271707    6.105018
    0.039216    0.237050   -1.326809   -1.026087    0.000000       -2.045168        1.000000    0.201206    0.002575    0.271707    6.105018
    0.049020    0.294650   -1.265210   -1.032579    0.000000       -2.053631        1.000000    0.312014    0.006225    0.271707    6.105018
    0.058824    0.351135   -1.203160   -1.041222    0.000000       -2.064789        1.000000    0.444065    0.012752    0.271707    6.105018
    0.068627    0.406280   -1.140517   -1.052495    0.000000       -2.079187        1.000000    0.596854    0.023288    0.271707    6.105018
    0.078431    0.459852   -1.077105   -1.067020    0.000000       -2.097524        1.000000    0.769790    0.039073    0.271707    6.105018
    0.088235    0.511611   -1.012707   -1.085595    0.000000       -2.120689        1.000000    0.962191    0.061416    0.271707    6.105018
    0.098039    0.561310   -0.947052   -1.109221    0.000000       -2.149784        1.000000    1.173282    0.091641    0.271707    6.105018
    0.107843    0.608687   -0.879802   -1.139114    0.000000       -2.186129        1.000000    1.402189    0.131041    0.271707    6.105018
    0.117647    0.653460   -0.810540   -1.176655    0.000000       -2.231206        1.000000    1.647935    0.180818    0.271707    6.105018
    0.127451    0.695327   -0.738769   -1.223204    0.000000       -2.286442        1.000000    1.909425    0.242018    0.271707    6.105018
    0.137255    0.733950   -0.663918   -1.279603    0.000000       -2.352678        1.000000    2.185441    0.315467    0.271707    6.105018
    0.147059    0.768961   -0.585409   -1.345079    0.000000       -2.428991        1.000000    2.474622    0.401680    0.271707    6.105018
    0.156863    0.799953   -0.502808   -1.415122    0.000000       -2.510477        1.000000    2.775459    0.500767    0.271707    6.105018
    0.166667    0.826505   -0.416142   -1.478186    0.000000       -2.584840        1.000000    3.086282    0.612314    0.271707    6.105018
    0.176471    0.848223   -0.326427   -1.512434    0.000000       -2.629114        1.000000    3.405272    0.735274    0.271707    6.105018
    0.186275    0.864829   -0.236286   -1.486974    0.000000       -2.611143        1.000000    3.730507    0.867907    0.271707    6.105018
    0.196078    0.876287   -0.150190   -1.374008    0.000000       -2.502340        1.000000    4.060050    1.007876    0.271707    6.105018
    0.205882    0.882909   -0.073657   -1.169681    0.000000       -2.299229        1.000000    4.392084    1.152554    0.271707    6.105018
    0.215686    0.885374   -0.011404   -0.904235    0.000000       -2.033628        1.000000    4.725045    1.299497    0.271707    6.105018
    0.225490    0.884605    0.034342   -0.626259    0.000000       -1.756041        1.000000    5.057717    1.446817    0.271707    6.105018
    0.235294    0.881584    0.064140   -0.376488    0.000000       -1.508477        1.000000    5.389253    1.593314    0.271707    6.105018
    0.245098    0.877203    0.080389   -0.175195    0.000000       -1.311500        1.000000    5.719141    1.738362    0.271707    6.105018
    0.254902    0.872180    0.086146   -0.025422    0.000000       -1.167722        1.000000    6.047140    1.881726    0.271707    6.105018
    0.264706    0.867053    0.084343    0.078760    0.000000       -1.070471        1.000000    6.373212    2.023399    0.271707    6.105018
    0.274510    0.862197    0.077453    0.146051    0.000000       -1.010300        1.000000    6.697456    2.163494    0.271707    6.105018
    0.284314    0.857853    0.067428    0.184853    0.000000       -0.978199        1.000000    7.020068    2.302189    0.271707    6.105018
    0.294118    0.854164    0.055752    0.202229    0.000000       -0.966687        1.000000    7.341292    2.439690    0.271707    6.105018
    0.303922    0.851194    0.043534    0.203803    0.000000       -0.969905        1.000000    7.661399    2.576213    0.271707    6.105018
    0.313725    0.848949    0.031582    0.193977    0.000000       -0.983363        1.000000    7.980661    2.711975    0.271707    6.105018
    0.323529    0.847397    0.020472    0.176210    0.000000       -1.003628        1.000000    8.299340    2.847183    0.271707    6.105018
    0.333333    0.846474    0.010592    0.153254    0.000000       -1.028051        1.000000    8.617672    2.982027    0.271707    6.105018
    0.343137    0.846099    0.002185    0.127332    0.000000       -1.054559        1.000000    8.935863    3.116681    0.271707    6.105018
    0.352941    0.846181   -0.004628    0.100256    0.000000       -1.081513        1.000000    9.254085    3.251293    0.271707    6.105018
    0.362745    0.846621   -0.009823    0.073506    0.000000       -1.107603        1.000000    9.572472    3.385988    0.271707    6.105018
    0.372549    0.847325   -0.013457    0.048275    0.000000       -1.131803        1.000000    9.891124    3.520861    0.271707    6.105018
    0.382353    0.848203   -0.015651    0.025490    0.000000       -1.153329        1.000000   10.210107    3.655984    0.271707    6.105018
    0.392157    0.849173   -0.016571    0.005823    0.000000       -1.171631        1.000000   10.529454    3.791401    0.271707    6.105018
    0.401961    0.850165   -0.016419   -0.010300    0.000000       -1.186383        1.000000   10.849174    3.927131    0.271707    6.105018
    0.411765    0.851122   -0.015412   -0.022694    0.000000       -1.197475        1.000000   11.169254    4.063176    0.271707    6.105018
    0.421569    0.851998   -0.013776   -0.031395    0.000000       -1.204996        1.000000   11.489663    4.199518    0.271707    6.105018
    0.431373    0.852762   -0.011724   -0.036629    0.000000       -1.209209        1.000000   11.810360    4.336126    0.271707    6.105018
    0.441176    0.853397   -0.009453   -0.038782    0.000000       -1.210517        1.000000   12.131295    4.472963    0.271707    6.105018
    0.450980    0.853893   -0.007133   -0.038345    0.000000       -1.209422        1.000000   12.452417    4.609984    0.271707    6.105018
    0.460784    0.854252   -0.004903   -0.035873    0.000000       -1.206473        1.000000   12.773674    4.747145    0.271707    6.105018
    0.470588    0.854484   -0.002868   -0.031937    0.000000       -1.202229        1.000000   13.095018    4.884401    0.271707    6.105018
    0.480392    0.854601   -0.001098   -0.027081    0.000000       -1.197217        1.000000   13.416406    5.021714    0.271707    6.105018
    0.490196    0.854621    0.000365   -0.021796    0.000000       -1.191905        1.000000   13.737802    5.159049    0.271707    6.105018
    0.500000    0.854563    0.001511   -0.016496    0.000000       -1.186683        1.000000   14.059176    5.296378    0.271707    6.105018
    0.509804    0.854447    0.002346   -0.011512    0.000000       -1.181857        1.000000   14.380507    5.433677    0.271707    6.105018
    0.519608    0.854288    0.002900   -0.007088    0.000000       -1.177648        1.000000   14.701777    5.570932    0.271707    6.105018
    0.529412    0.854104    0.003209   -0.003388    0.000000       -1.174200        1.000000   15.022979    5.708131    0.271707    6.105018
    0.539216    0.853908    0.003322   -0.000508    0.000000       -1.171588        1.000000   15.344106    5.845269    0.271707    6.105018
    0.549020    0.853710    0.003287    0.001516    0.000000       -1.169836        1.000000   15.665159    5.982343    0.271707    6.105018
    0.558824    0.853516    0.003157    0.002687    0.000000       -1.168931        1.000000   15.986140    6.119354    0.271707    6.105018
    0.568627    0.853333    0.002982    0.003037    0.000000       -1.168834        1.000000   16.307051    6.256305    0.271707    6.105018
    0.578431    0.853159    0.002809    0.002615    0.000000       -1.169494        1.000000   16.627897    6.393198    0.271707    6.105018
    0.588235    0.852995    0.002683    0.001471    0.000000       -1.170865        1.000000   16.948682    6.530037    0.271707    6.105018
    0.598039    0.852836    0.002647   -0.000356    0.000000       -1.172910        1.000000   17.269406    6.666825    0.271707    6.105018
    0.607843    0.852676    0.002739   -0.002843    0.000000       -1.175618        1.000000   17.590071    6.803562    0.271707    6.105018
    0.617647    0.852505    0.003000   -0.005998    0.000000       -1.179007        1.000000   17.910671    6.940246    0.271707    6.105018
    0.627451    0.852313    0.003472   -0.009866    0.000000       -1.183138        1.000000   18.231198    7.076871    0.271707    6.105018
    0.637255    0.852084    0.004198   -0.014539    0.000000       -1.188121        1.000000   18.551640    7.213430    0.271707    6.105018
    0.647059    0.851804    0.005231   -0.020162    0.000000       -1.194125        1.000000   18.871977    7.349907    0.271707    6.105018
    0.656863    0.851451    0.006634   -0.026946    0.000000       -1.201386        1.000000   19.192180    7.486282    0.271707    6.105018
    0.666667    0.851001    0.008485   -0.035174    0.000000       -1.210219        1.000000   19.512215    7.622528    0.271707    6.105018
    0.676471    0.850424    0.010881   -0.045210    0.000000       -1.221024        1.000000   19.832032    7.758608    0.271707    6.105018
    0.686275    0.849685    0.013942   -0.057508    0.000000       -1.234301        1.000000   20.151572    7.894475    0.271707    6.105018
    0.696078    0.848739    0.017821   -0.072618    0.000000       -1.250649        1.000000   20.470756    8.030067    0.271707    6.105018
    0.705882    0.847532    0.022704   -0.091183    0.000000       -1.270775        1.000000   20.789485    8.165306    0.271707    6.105018
    0.715686    0.845997    0.028820   -0.113937    0.000000       -1.295484        1.000000   21.107638    8.300094    0.271707    6.105018
    0.725490    0.844053    0.036442   -0.141681    0.000000       -1.325655        1.000000   21.425059    8.434304    0.271707    6.105018
    0.735294    0.841599    0.045896   -0.175243    0.000000       -1.362206        1.000000   21.741558    8.567777    0.271707    6.105018
    0.745098    0.838517    0.057552   -0.215412    0.000000       -1.406020        1.000000   22.056898    8.700314    0.271707    6.105018
    0.754902    0.834662    0.071827   -0.262849    0.000000       -1.457850        1.000000   22.370787    8.831664    0.271707    6.105018
    0.764706    0.829865    0.089170   -0.317962    0.000000       -1.518190        1.000000   22.682873    8.961515    0.271707    6.105018
    0.774510    0.823932    0.110043   -0.380776    0.000000       -1.587127        1.000000   22.992728    9.089483    0.271707    6.105018
    0.784314    0.816641    0.134896   -0.450806    0.000000       -1.664209        1.000000   23.299841    9.215099    0.271707    6.105018
    0.794118    0.807749    0.164130   -0.526983    0.000000       -1.748355        1.000000   23.603609    9.337802    0.271707    6.105018
    0.803922    0.796993    0.198069   -0.607654    0.000000       -1.837839        1.000000   23.903333    9.456934    0.271707    6.105018
    0.813725    0.784102    0.236918   -0.690690    0.000000       -1.930408        1.000000   24.198209    9.571744    0.271707    6.105018
    0.823529    0.768808    0.280748   -0.773696    0.000000       -2.023486        1.000000   24.487333    9.681401    0.271707    6.105018
    0.833333    0.750853    0.329486   -0.854283    0.000000       -2.114463        1.000000   24.769705    9.785024    0.271707    6.105018
    0.843137    0.730004    0.382920   -0.930338    0.000000       -2.200984        1.000000   25.044236    9.881722    0.271707    6.105018
    0.852941    0.706069    0.440729   -1.000226    0.000000       -2.281179        1.000000   25.309766    9.970650    0.271707    6.105018
    0.862745    0.678897    0.502509   -1.062901    0.000000       -2.353784        1.000000   25.565078   10.051066    0.271707    6.105018
    0.872549    0.648392    0.567812   -1.117893    0.000000       -2.418155        1.000000   25.808918   10.122395    0.271707    6.105018
    0.882353    0.614517    0.636175   -1.165230    0.000000       -2.474185        1.000000   26.040018   10.184284    0.271707    6.105018
    0.892157    0.577288    0.707152   -1.205308    0.000000       -2.522182        1.000000   26.257118   10.236645    0.271707    6.105018
    0.901961    0.536781    0.780326   -1.238754    0.000000       -2.562729        1.000000   26.458984   10.279676    0.271707    6.105018
    0.911765    0.493125    0.855321   -1.266311    0.000000       -2.596555        1.000000   26.644432   10.313862    0.271707    6.105018
    0.921569    0.446496    0.931809   -1.288746    0.000000       -2.624442        1.000000   26.812345   10.339955    0.271707    6.105018
    0.931373    0.397117    1.009504   -1.306791    0.000000       -2.647151        1.000000   26.961688   10.358930    0.271707    6.105018
    0.941176    0.345249    1.088165   -1.321108    0.000000       -2.665385        1.000000   27.091526   10.371921    0.271707    6.105018
    0.950980    0.291188    1.167586   -1.332270    0.000000       -2.679762        1.000000   27.201032   10.380147    0.271707    6.105018
    0.960784    0.235255    1.247593   -1.340758    0.000000       -2.690806        1.000000   27.289504   10.384832    0.271707    6.105018
    0.970588    0.177798    1.328038   -1.346959    0.000000       -2.698946        1.000000   27.356368   10.387117    0.271707    6.105018
    0.980392    0.119183    1.408793   -1.351173    0.000000       -2.704517        1.000000   27.401189   10.387983    0.271707    6.105018
    0.990196    0.059788    1.489746   -1.353614    0.000000       -2.707761        1.000000   27.423673   10.388186    0.271707    6.105018
    1.000000    0.000000    1.570796   -1.354412    0.000000       -2.708825        1.000000   27.423673   10.388200    0.271707    6.105018
