           t           r         psi          cs          qs               p             sig           A           V          Q2           S
    0.000000   -0.000000   -1.570796   -1.093661    0.000000       -2.187322        1.000000    0.000000    0.000000    0.464955    7.176817
    0.009804    0.070291   -1.493776   -1.096633    0.000000       -2.191282        1.000000    0.000000    0.000021    0.464955    7.176817
    0.019608    0.140165   -1.416332   -1.105758    0.000000       -2.203402        1.000000    0.061966    0.000335    0.464955    7.176817
    0.029412    0.209194   -1.338013   -1.121639    0.000000       -2.224376        1.000000    0.154448    0.001684    0.464955    7.176817
    0.039216    0.276941   -1.258312   -1.145248    0.000000       -2.255316        1.000000    0.276882    0.005271    0.464955    7.176817
    0.049020    0.342942   -1.176640   -1.177894    0.000000       -2.297702        1.000000    0.428493    0.012706    0.464955    7.176817
    0.058824    0.406700   -1.092308   -1.221144    0.000000       -2.353276        1.000000    0.608292    0.025933    0.464955    7.176817
    0.068627    0.467669   -1.004512   -1.276597    0.000000       -2.423778        1.000000    0.815044    0.047127    0.464955    7.176817
    0.078431    0.525240   -0.912349   -1.345366    0.000000       -2.510336        1.000000    1.047248    0.078568    0.464955    7.176817
    0.088235    0.578729   -0.814886   -1.426962    0.000000       -2.612234        1.000000    1.303099    0.122456    0.464955    7.176817
    0.098039    0.627366   -0.711335   -1.517237    0.000000       -2.724651        1.000000    1.580451    0.180689    0.464955    7.176817
    0.107843    0.670311   -0.601424   -1.605179    0.000000       -2.835251        1.000000    1.876790    0.254555    0.464955    7.176817
    0.117647    0.706713   -0.485995   -1.669554    0.000000       -2.920714        1.000000    2.189221    0.344387    0.464955    7.176817
    0.127451    0.735831   -0.367769   -1.678937    0.000000       -2.947070        1.000000    2.514525    0.449235    0.464955    7.176817
    0.137255    0.757238   -0.251796   -1.600922    0.000000       -2.879867        1.000000    2.849294    0.566746    0.464955    7.176817
    0.147059    0.771023   -0.144900   -1.421098    0.000000       -2.704484        1.000000    3.190156    0.693465    0.464955    7.176817
    0.156863    0.777891   -0.053794   -1.157910    0.000000       -2.441577        1.000000    3.534055    0.825549    0.464955    7.176817
    0.166667    0.779056    0.017133   -0.855955    0.000000       -2.139372        1.000000    3.878468    0.959604    0.464955    7.176817
    0.176471    0.775981    0.066870   -0.562485    0.000000       -1.848297        1.000000    4.221522    1.093193    0.464955    7.176817
    0.186275    0.770110    0.097241   -0.309045    0.000000       -1.601427        1.000000    4.561981    1.224885    0.464955    7.176817
    0.196078    0.762693    0.111607   -0.108366    0.000000       -1.411352        1.000000    4.899160    1.354026    0.464955    7.176817
    0.205882    0.754722    0.113729    0.039709    0.000000       -1.276723        1.000000    5.232816    1.480453    0.464955    7.176817
    0.215686    0.746927    0.107107    0.141474    0.000000       -1.189673        1.000000    5.563026    1.604286    0.464955    7.176817
    0.225490    0.739813    0.094717    0.205025    0.000000       -1.140610        1.000000    5.890090    1.725785    0.464955    7.176817
    0.235294    0.733697    0.078967    0.238208    0.000000       -1.120506        1.000000    6.214451    1.845286    0.464955    7.176817
    0.245098    0.728746    0.061745    0.247917    0.000000       -1.121688        1.000000    6.536623    1.963149    0.464955    7.176817
    0.254902    0.725014    0.044492    0.240006    0.000000       -1.137912        1.000000    6.857145    2.079741    0.464955    7.176817
    0.264706    0.722463    0.028268    0.219412    0.000000       -1.164188        1.000000    7.176539    2.195417    0.464955    7.176817
    0.274510    0.720995    0.013815    0.190302    0.000000       -1.196537        1.000000    7.495285    2.310504    0.464955    7.176817
    0.284314    0.720467    0.001605    0.156200    0.000000       -1.231787        1.000000    7.813797    2.425300    0.464955    7.176817
    0.294118    0.720711   -0.008118    0.120065    0.000000       -1.267408        1.000000    8.132416    2.540059    0.464955    7.176817
    0.303922    0.721549   -0.015301    0.084338    0.000000       -1.301406        1.000000    8.451407    2.654987    0.464955    7.176817
    0.313725    0.722807   -0.020042    0.050966    0.000000       -1.332252        1.000000    8.770953    2.770244    0.464955    7.176817
    0.323529    0.724318   -0.022563    0.021410    0.000000       -1.358848        1.000000    9.091167    2.885939    0.464955    7.176817
    0.333333    0.725936   -0.023168   -0.003337    0.000000       -1.380498        1.000000    9.412097    3.002135    0.464955    7.176817
    0.343137    0.727541   -0.022219   -0.022735    0.000000       -1.396889        1.000000    9.733736    3.118851    0.464955    7.176817
    0.352941    0.729035   -0.020098   -0.036659    0.000000       -1.408058        1.000000   10.056036    3.236072    0.464955    7.176817
    0.362745    0.730350   -0.017183   -0.045344    0.000000       -1.414348        1.000000   10.378917    3.353753    0.464955    7.176817
    0.372549    0.731443   -0.013828   -0.049314    0.000000       -1.416343        1.000000   10.702282    3.471830    0.464955    7.176817
    0.382353    0.732293   -0.010337   -0.049297    0.000000       -1.414798        1.000000   11.026022    3.590227    0.464955    7.176817
    0.392157    0.732900   -0.006964   -0.046143    0.000000       -1.410552        1.000000   11.350031    3.708863    0.464955    7.176817
    0.401961    0.733280   -0.003897   -0.040733    0.000000       -1.404457        1.000000   11.674207    3.827662    0.464955    7.176817
    0.411765    0.733459   -0.001265   -0.033912    0.000000       -1.397314        1.000000   11.998463    3.946552    0.464955    7.176817
    0.421569    0.733470    0.000860   -0.026439    0.000000       -1.389821        1.000000   12.322723    4.065472    0.464955    7.176817
    0.431373    0.733351    0.002455   -0.018946    0.000000       -1.382546        1.000000   12.646931    4.184373    0.464955    7.176817
    0.441176    0.733137    0.003537   -0.011922    0.000000       -1.375915        1.000000   12.971044    4.303219    0.464955    7.176817
    0.450980    0.732864    0.004152   -0.005717    0.000000       -1.370216        1.000000   13.295036    4.421984    0.464955    7.176817
    0.460784    0.732562    0.004366   -0.000546    0.000000       -1.365605        1.000000   13.618895    4.540656    0.464955    7.176817
    0.470588    0.732257    0.004256    0.003493    0.000000       -1.362135        1.000000   13.942620    4.659228    0.464955    7.176817
    0.480392    0.731969    0.003901    0.006397    0.000000       -1.359771        1.000000   14.266216    4.777705    0.464955    7.176817
    0.490196    0.731712    0.003381    0.008234    0.000000       -1.358417        1.000000   14.589699    4.896093    0.464955    7.176817
    0.500000    0.731495    0.002765    0.009125    0.000000       -1.357933        1.000000   14.913087    5.014404    0.464955    7.176817
    0.509804    0.731324    0.002115    0.009222    0.000000       -1.358159        1.000000   15.236398    5.132653    0.464955    7.176817
    0.519608    0.731197    0.001482    0.008692    0.000000       -1.358926        1.000000   15.559654    5.250854    0.464955    7.176817
    0.529412    0.731114    0.000903    0.007702    0.000000       -1.360074        1.000000   15.882873    5.369021    0.464955    7.176817
    0.539216    0.731068    0.000405    0.006408    0.000000       -1.361453        1.000000   16.206071    5.487168    0.464955    7.176817
    0.549020    0.731055    0.000005    0.004949    0.000000       -1.362938        1.000000   16.529264    5.605305    0.464955    7.176817
    0.558824    0.731065   -0.000290    0.003441    0.000000       -1.364426        1.000000   16.852461    5.723442    0.464955    7.176817
    0.568627    0.731093   -0.000480    0.001973    0.000000       -1.365842        1.000000   17.175671    5.841585    0.464955    7.176817
    0.578431    0.731130   -0.000570    0.000606    0.000000       -1.367139        1.000000   17.498897    5.959739    0.464955    7.176817
    0.588235    0.731171   -0.000569   -0.000622    0.000000       -1.368291        1.000000   17.822141    6.077906    0.464955    7.176817
    0.598039    0.731209   -0.000486   -0.001702    0.000000       -1.369300        1.000000   18.145402    6.196085    0.464955    7.176817
    0.607843    0.731238   -0.000333   -0.002643    0.000000       -1.370187        1.000000   18.468675    6.314276    0.464955    7.176817
    0.617647    0.731254   -0.000117   -0.003476    0.000000       -1.370990        1.000000   18.791956    6.432474    0.464955    7.176817
    0.627451    0.731253    0.000155   -0.004248    0.000000       -1.371764        1.000000   19.115236    6.550674    0.464955    7.176817
    0.637255    0.731231    0.000481   -0.005022    0.000000       -1.372579        1.000000   19.438507    6.668871    0.464955    7.176817
    0.647059    0.731184    0.000864   -0.005874    0.000000       -1.373518        1.000000   19.761756    6.787057    0.464955    7.176817
    0.656863    0.731108    0.001311   -0.006893    0.000000       -1.374679        1.000000   20.084972    6.905223    0.464955    7.176817
    0.666667    0.730997    0.001840   -0.008184    0.000000       -1.376176        1.000000   20.408140    7.023359    0.464955    7.176817
    0.676471    0.730846    0.002472   -0.009870    0.000000       -1.378143        1.000000   20.731240    7.141452    0.464955    7.176817
    0.686275    0.730646    0.003242   -0.012095    0.000000       -1.380739        1.000000   21.054252    7.259489    0.464955    7.176817
    0.696078    0.730386    0.004191   -0.015029    0.000000       -1.384156        1.000000   21.377149    7.377452    0.464955    7.176817
    0.705882    0.730051    0.005378   -0.018882    0.000000       -1.388630        1.000000   21.699898    7.495319    0.464955    7.176817
    0.715686    0.729622    0.006876   -0.023909    0.000000       -1.394449        1.000000   22.022457    7.613062    0.464955    7.176817
    0.725490    0.729074    0.008777   -0.030424    0.000000       -1.401974        1.000000   22.344774    7.730647    0.464955    7.176817
    0.735294    0.728375    0.011201   -0.038816    0.000000       -1.411649        1.000000   22.666782    7.848029    0.464955    7.176817
    0.745098    0.727482    0.014295   -0.049565    0.000000       -1.424028        1.000000   22.988395    7.965153    0.464955    7.176817
    0.754902    0.726343    0.018245   -0.063261    0.000000       -1.439792        1.000000   23.309505    8.081946    0.464955    7.176817
    0.764706    0.724889    0.023283   -0.080622    0.000000       -1.459769        1.000000   23.629972    8.198315    0.464955    7.176817
    0.774510    0.723035    0.029696   -0.102507    0.000000       -1.484957        1.000000   23.949619    8.314141    0.464955    7.176817
    0.784314    0.720671    0.037837   -0.129923    0.000000       -1.516526        1.000000   24.268221    8.429272    0.464955    7.176817
    0.794118    0.717661    0.048136   -0.164015    0.000000       -1.555816        1.000000   24.585493    8.543510    0.464955    7.176817
    0.803922    0.713837    0.061104   -0.206034    0.000000       -1.604300        1.000000   24.901073    8.656607    0.464955    7.176817
    0.813725    0.708992    0.077345   -0.257267    0.000000       -1.663504        1.000000   25.214512    8.768244    0.464955    7.176817
    0.823529    0.702872    0.097551   -0.318915    0.000000       -1.734885        1.000000   25.525245    8.878018    0.464955    7.176817
    0.833333    0.695176    0.122490   -0.391926    0.000000       -1.819632        1.000000   25.832577    8.985424    0.464955    7.176817
    0.843137    0.685551    0.152982   -0.476768    0.000000       -1.918413        1.000000   26.135652    9.089837    0.464955    7.176817
    0.852941    0.673589    0.189854   -0.573185    0.000000       -2.031095        1.000000   26.433440    9.190494    0.464955    7.176817
    0.862745    0.658837    0.233886   -0.679983    0.000000       -2.156484        1.000000   26.724705    9.286494    0.464955    7.176817
    0.872549    0.640809    0.285735   -0.794917    0.000000       -2.292173        1.000000   27.008001    9.376802    0.464955    7.176817
    0.882353    0.619007    0.345864   -0.914756    0.000000       -2.434582        1.000000   27.281659    9.460285    0.464955    7.176817
    0.892157    0.592949    0.414484   -1.035560    0.000000       -2.579242        1.000000   27.543796    9.535785    0.464955    7.176817
    0.901961    0.562206    0.491514   -1.153142    0.000000       -2.721286        1.000000   27.792342    9.602224    0.464955    7.176817
    0.911765    0.526440    0.576588   -1.263598    0.000000       -2.856044        1.000000   28.025076    9.658742    0.464955    7.176817
    0.921569    0.485444    0.669088   -1.363768    0.000000       -2.979584        1.000000   28.239686    9.704850    0.464955    7.176817
    0.931373    0.439167    0.768208   -1.451519    0.000000       -3.089068        1.000000   28.433838    9.740559    0.464955    7.176817
    0.941176    0.387737    0.873032   -1.525793    0.000000       -3.182860        1.000000   28.605253    9.766466    0.464955    7.176817
    0.950980    0.331470    0.982601   -1.586463    0.000000       -3.260403        1.000000   28.751793    9.783742    0.464955    7.176817
    0.960784    0.270858    1.095975   -1.634071    0.000000       -3.321965        1.000000   28.871537    9.794025    0.464955    7.176817
    0.970588    0.206559    1.212266   -1.669539    0.000000       -3.368318        1.000000   28.962855    9.799225    0.464955    7.176817
    0.980392    0.139369    1.330655   -1.693900    0.000000       -3.400443        1.000000   29.024469    9.801253    0.464955    7.176817
    0.990196    0.070191    1.450396   -1.708081    0.000000       -3.419266        1.000000   29.055499    9.801736    0.464955    7.176817
    1.000000    0.000000    1.570796   -1.712729    0.000000       -3.425458        1.000000   29.055499    9.801769    0.464955    7.176817
