           t           r         psi          cs          qs               p             sig           A           V          Q2           S
    0.000000   -0.000000   -1.570796   -2.588360    0.000000       -5.176720        1.000000    0.000000    0.000000    0.933725   47.536832
    0.009804    0.295284    0.024560   -2.205413    0.000000       -5.590959        1.000000    0.000000    0.055733    0.933725   47.536832
    0.019608    0.248668   -0.014330    0.424990    0.000000       -3.596024        1.000000    0.728165    0.159560    0.933725   47.536832
    0.029412    0.259297    0.004426   -0.081729    0.000000       -3.938276        1.000000    1.487454    0.255151    0.933725   47.536832
    0.039216    0.257043   -0.001248    0.015321    0.000000       -3.875077        1.000000    2.240143    0.352439    0.933725   47.536832
    0.049020    0.257522    0.000325   -0.002792    0.000000       -3.885962        1.000000    2.994234    0.449429    0.933725   47.536832
    0.058824    0.257421   -0.000081    0.000490    0.000000       -3.884191        1.000000    3.748031    0.546471    0.933725   47.536832
    0.068627    0.257442    0.000019   -0.000081    0.000000       -3.884449        1.000000    4.501889    0.643505    0.933725   47.536832
    0.078431    0.257438   -0.000005    0.000012    0.000000       -3.884420        1.000000    5.255734    0.740540    0.933725   47.536832
    0.088235    0.257439    0.000001   -0.000002    0.000000       -3.884421        1.000000    6.009583    0.837574    0.933725   47.536832
    0.098039    0.257439   -0.000000    0.000000    0.000000       -3.884422        1.000000    6.763430    0.934609    0.933725   47.536832
    0.107843    0.257439    0.000000    0.000000    0.000000       -3.884421        1.000000    7.517278    1.031644    0.933725   47.536832
    0.117647    0.257439   -0.000000   -0.000000    0.000000       -3.884421        1.000000    8.271126    1.128679    0.933725   47.536832
    0.127451    0.257439    0.000000    0.000000    0.000000       -3.884421        1.000000    9.024973    1.225713    0.933725   47.536832
    0.137255    0.257439   -0.000000   -0.000000    0.000000       -3.884421        1.000000    9.778821    1.322748    0.933725   47.536832
    0.147059    0.257439    0.000000    0.000000    0.000000       -3.884421        1.000000   10.532669    1.419783    0.933725   47.536832
    0.156863    0.257439   -0.000000   -0.000000    0.000000       -3.884421        1.000000   11.286516    1.516818    0.933725   47.536832
    0.166667    0.257439    0.000000    0.000000    0.000000       -3.884421        1.000000   12.040364    1.613852    0.933725   47.536832
    0.176471    0.257439   -0.000000   -0.000000    0.000000       -3.884421        1.000000   12.794212    1.710887    0.933725   47.536832
    0.186275    0.257439    0.000000    0.000000    0.000000       -3.884421        1.000000   13.548059    1.807922    0.933725   47.536832
    0.196078    0.257439   -0.000000   -0.000000    0.000000       -3.884421        1.000000   14.301907    1.904957    0.933725   47.536832
    0.205882    0.257439    0.000000    0.000000    0.000000       -3.884421        1.000000   15.055755    2.001991    0.933725   47.536832
    0.215686    0.257439   -0.000000   -0.000000    0.000000       -3.884421        1.000000   15.809602    2.099026    0.933725   47.536832
    0.225490    0.257439    0.000000   -0.000000    0.000000       -3.884421        1.000000   16.563450    2.196061    0.933725   47.536832
    0.235294    0.257439    0.000000   -0.000000    0.000000       -3.884421        1.000000   17.317298    2.293096    0.933725   47.536832
    0.245098    0.257439    0.000000   -0.000000    0.000000       -3.884421        1.000000   18.071145    2.390130    0.933725   47.536832
    0.254902    0.257439    0.000000   -0.000000    0.000000       -3.884421        1.000000   18.824993    2.487165    0.933725   47.536832
    0.264706    0.257439    0.000000   -0.000000    0.000000       -3.884421        1.000000   19.578841    2.584200    0.933725   47.536832
    0.274510    0.257439    0.000000   -0.000000    0.000000       -3.884421        1.000000   20.332689    2.681235    0.933725   47.536832
    0.284314    0.257439    0.000000   -0.000000    0.000000       -3.884421        1.000000   21.086536    2.778269    0.933725   47.536832
    0.294118    0.257439    0.000000   -0.000000    0.000000       -3.884421        1.000000   21.840384    2.875304    0.933725   47.536832
    0.303922    0.257439    0.000000   -0.000000    0.000000       -3.884421        1.000000   22.594232    2.972339    0.933725   47.536832
    0.313725    0.257439    0.000000   -0.000000    0.000000       -3.884421        1.000000   23.348079    3.069374    0.933725   47.536832
    0.323529    0.257439    0.000000   -0.000000    0.000000       -3.884421        1.000000   24.101927    3.166408    0.933725   47.536832
    0.333333    0.257439    0.000000   -0.000000    0.000000       -3.884421        1.000000   24.855775    3.263443    0.933725   47.536832
    0.343137    0.257439    0.000000   -0.000000    0.000000       -3.884421        1.000000   25.609622    3.360478    0.933725   47.536832
    0.352941    0.257439    0.000000   -0.000000    0.000000       -3.884421        1.000000   26.363470    3.457513    0.933725   47.536832
    0.362745    0.257439    0.000000   -0.000000    0.000000       -3.884421        1.000000   27.117318    3.554547    0.933725   47.536832
    0.372549    0.257439    0.000000   -0.000000    0.000000       -3.884421        1.000000   27.871165    3.651582    0.933725   47.536832
    0.382353    0.257439    0.000000   -0.000000    0.000000       -3.884421        1.000000   28.625013    3.748617    0.933725   47.536832
    0.392157    0.257439    0.000000   -0.000000    0.000000       -3.884421        1.000000   29.378861    3.845652    0.933725   47.536832
    0.401961    0.257439    0.000000   -0.000000    0.000000       -3.884421        1.000000   30.132708    3.942686    0.933725   47.536832
    0.411765    0.257439    0.000000   -0.000000    0.000000       -3.884421        1.000000   30.886556    4.039721    0.933725   47.536832
    0.421569    0.257439    0.000000   -0.000000    0.000000       -3.884421        1.000000   31.640404    4.136756    0.933725   47.536832
    0.431373    0.257439    0.000000   -0.000000    0.000000       -3.884421        1.000000   32.394252    4.233791    0.933725   47.536832
    0.441176    0.257439    0.000000   -0.000000    0.000000       -3.884421        1.000000   33.148099    4.330825    0.933725   47.536832
    0.450980    0.257439    0.000000   -0.000000    0.000000       -3.884421        1.000000   33.901947    4.427860    0.933725   47.536832
    0.460784    0.257439    0.000000   -0.000000    0.000000       -3.884421        1.000000   34.655795    4.524895    0.933725   47.536832
    0.470588    0.257439    0.000000   -0.000000    0.000000       -3.884421        1.000000   35.409642    4.621930    0.933725   47.536832
    0.480392    0.257439    0.000000   -0.000000    0.000000       -3.884421        1.000000   36.163490    4.718964    0.933725   47.536832
    0.490196    0.257439    0.000000   -0.000000    0.000000       -3.884421        1.000000   36.917338    4.815999    0.933725   47.536832
    0.500000    0.257439    0.000000   -0.000000    0.000000       -3.884421        1.000000   37.671185    4.913034    0.933725   47.536832
    0.509804    0.257439    0.000000    0.000000    0.000000       -3.884421        1.000000   38.425033    5.010069    0.933725   47.536832
    0.519608    0.257439    0.000000    0.000000    0.000000       -3.884421        1.000000   39.178881    5.107103    0.933725   47.536832
    0.529412    0.257439   -0.000000    0.000000    0.000000       -3.884421        1.000000   39.932728    5.204138    0.933725   47.536832
    0.539216    0.257439    0.000000    0.000000    0.000000       -3.884421        1.000000   40.686576    5.301173    0.933725   47.536832
    0.549020    0.257439    0.000000    0.000000    0.000000       -3.884421        1.000000   41.440424    5.398208    0.933725   47.536832
    0.558824    0.257439    0.000000    0.000000    0.000000       -3.884421        1.000000   42.194272    5.495242    0.933725   47.536832
    0.568627    0.257439    0.000000   -0.000000    0.000000       -3.884421        1.000000   42.948119    5.592277    0.933725   47.536832
    0.578431    0.257439    0.000000    0.000000    0.000000       -3.884421        1.000000   43.701967    5.689312    0.933725   47.536832
    0.588235    0.257439    0.000000    0.000000    0.000000       -3.884421        1.000000   44.455815    5.786347    0.933725   47.536832
    0.598039    0.257439    0.000000    0.000000    0.000000       -3.884421        1.000000   45.209662    5.883381    0.933725   47.536832
    0.607843    0.257439   -0.000000    0.000000    0.000000       -3.884421        1.000000   45.963510    5.980416    0.933725   47.536832
    0.617647    0.257439    0.000000    0.000000    0.000000       -3.884421        1.000000   46.717358    6.077451    0.933725   47.536832
    0.627451    0.257439    0.000000    0.000000    0.000000       -3.884421        1.000000   47.471205    6.174486    0.933725   47.536832
    0.637255    0.257439    0.000000   -0.000000    0.000000       -3.884421        1.000000   48.225053    6.271520    0.933725   47.536832
    0.647059    0.257439    0.000000    0.000000    0.000000       -3.884421        1.000000   48.978901    6.368555    0.933725   47.536832
    0.656863    0.257439    0.000000    0.000000    0.000000       -3.884421        1.000000   49.732748    6.465590    0.933725   47.536832
    0.666667    0.257439    0.000000    0.000000    0.000000       -3.884421        1.000000   50.486596    6.562625    0.933725   47.536832
    0.676471    0.257439    0.000000    0.000000    0.000000       -3.884421        1.000000   51.240444    6.659659    0.933725   47.536832
    0.686275    0.257439   -0.000000    0.000000    0.000000       -3.884421        1.000000   51.994291    6.756694    0.933725   47.536832
    0.696078    0.257439    0.000000    0.000000    0.000000       -3.884421        1.000000   52.748139    6.853729    0.933725   47.536832
    0.705882    0.257439    0.000000    0.000000    0.000000       -3.884421        1.000000   53.501987    6.950764    0.933725   47.536832
    0.715686    0.257439   -0.000000    0.000000    0.000000       -3.884421        1.000000   54.255835    7.047798    0.933725   47.536832
    0.725490    0.257439    0.000000    0.000000    0.000000       -3.884421        1.000000   55.009682    7.144833    0.933725   47.536832
    0.735294    0.257439    0.000000   -0.000000    0.000000       -3.884421        1.000000   55.763530    7.241868    0.933725   47.536832
    0.745098    0.257439    0.000000    0.000000    0.000000       -3.884421        1.000000   56.517378    7.338903    0.933725   47.536832
    0.754902    0.257439    0.000000    0.000000    0.000000       -3.884421        1.000000   57.271225    7.435937    0.933725   47.536832
    0.764706    0.257439    0.000000    0.000000    0.000000       -3.884421        1.000000   58.025073    7.532972    0.933725   47.536832
    0.774510    0.257439    0.000000    0.000000    0.000000       -3.884421        1.000000   58.778921    7.630007    0.933725   47.536832
    0.784314    0.257439    0.000000   -0.000000    0.000000       -3.884421        1.000000   59.532768    7.727042    0.933725   47.536832
    0.794118    0.257439    0.000000    0.000000    0.000000       -3.884421        1.000000   60.286616    7.824076    0.933725   47.536832
    0.803922    0.257439    0.000000    0.000000    0.000000       -3.884421        1.000000   61.040464    7.921111    0.933725   47.536832
    0.813725    0.257439    0.000000    0.000000    0.000000       -3.884421        1.000000   61.794311    8.018146    0.933725   47.536832
    0.823529    0.257439    0.000000    0.000000    0.000000       -3.884421        1.000000   62.548159    8.115181    0.933725   47.536832
    0.833333    0.257439   -0.000000    0.000000    0.000000       -3.884421        1.000000   63.302007    8.212215    0.933725   47.536832
    0.843137    0.257439    0.000000    0.000000    0.000000       -3.884421        1.000000   64.055854    8.309250    0.933725   47.536832
    0.852941    0.257439    0.000000    0.000000    0.000000       -3.884421        1.000000   64.809702    8.406285    0.933725   47.536832
    0.862745    0.257439   -0.000000    0.000000    0.000000       -3.884421        1.000000   65.563550    8.503320    0.933725   47.536832
    0.872549    0.257439    0.000000    0.000000    0.000000       -3.884421        1.000000   66.317398    8.600354    0.933725   47.536832
    0.882353    0.257439   -0.000000    0.000000    0.000000       -3.884421        1.000000   67.071245    8.697389    0.933725   47.536832
    0.892157    0.257439    0.000000   -0.000000    0.000000       -3.884421        1.000000   67.825093    8.794424    0.933725   47.536832
    0.901961    0.257439    0.000000   -0.000000    0.000000       -3.884421        1.000000   68.578941    8.891459    0.933725   47.536832
    0.911765    0.257439    0.000000   -0.000000    0.000000       -3.884421        1.000000   69.332788    8.988493    0.933725   47.536832
    0.921569    0.257439    0.000000   -0.000000    0.000000       -3.884421        1.000000   70.086636    9.085528    0.933725   47.536832
    0.931373    0.257439    0.000000   -0.000000    0.000000       -3.884421        1.000000   70.840484    9.182563    0.933725   47.536832
    0.941176    0.257439    0.000000   -0.000000    0.000000       -3.884421        1.000000   71.594331    9.279598    0.933725   47.536832
    0.950980    0.257439    0.000000   -0.000003    0.000000       -3.884425        1.000000   72.348179    9.376632    0.933725   47.536832
    0.960784    0.257437    0.000010   -0.000065    0.000000       -3.884509        1.000000   73.102022    9.473667    0.933725   47.536832
    0.970588    0.257406    0.000221   -0.001477    0.000000       -3.886397        1.000000   73.855773    9.570694    0.933725   47.536832
    0.980392    0.256693    0.004984   -0.033310    0.000000       -3.928963        1.000000   74.607438    9.667556    0.933725   47.536832
    0.990196    0.240764    0.110544   -0.724997    0.000000       -4.853089        1.000000   75.312459    9.760696    0.933725   47.536832
    1.000000    0.000000    1.570796   -5.823642    0.000000      -11.647284        1.000000   75.312459    9.801769    0.933725   47.536832
