           t           r         psi          cs          qs               p             sig           A           V          Q2           S
    0.000000    0.000000   -1.570796   -0.995317    0.000000       -1.990633        1.000000    0.000000    0.000000    0.019782    4.974991
    0.009804    0.048755   -1.522250   -0.995321    0.000000       -1.990640        1.000000    0.000000    0.000004    0.019782    4.974991
    0.019608    0.097396   -1.473704   -0.995336    0.000000       -1.990659        1.000000    0.029848    0.000071    0.019782    4.974991
    0.029412    0.145807   -1.425156   -0.995361    0.000000       -1.990692        1.000000    0.074531    0.000356    0.019782    4.974991
    0.039216    0.193874   -1.376607   -0.995397    0.000000       -1.990740        1.000000    0.133946    0.001118    0.019782    4.974991
    0.049020    0.241484   -1.328056   -0.995446    0.000000       -1.990804        1.000000    0.207951    0.002711    0.019782    4.974991
    0.058824    0.288526   -1.279502   -0.995511    0.000000       -1.990888        1.000000    0.296372    0.005574    0.019782    4.974991
    0.068627    0.334887   -1.230945   -0.995594    0.000000       -1.990995        1.000000    0.399001    0.010221    0.019782    4.974991
    0.078431    0.380459   -1.182383   -0.995698    0.000000       -1.991128        1.000000    0.515596    0.017233    0.019782    4.974991
    0.088235    0.425134   -1.133815   -0.995829    0.000000       -1.991294        1.000000    0.645882    0.027238    0.019782    4.974991
    0.098039    0.468807   -1.085241   -0.995994    0.000000       -1.991500        1.000000    0.789552    0.040899    0.019782    4.974991
    0.107843    0.511374   -1.036657   -0.996200    0.000000       -1.991755        1.000000    0.946267    0.058901    0.019782    4.974991
    0.117647    0.552734   -0.988062   -0.996459    0.000000       -1.992072        1.000000    1.115657    0.081926    0.019782    4.974991
    0.127451    0.592791   -0.939452   -0.996786    0.000000       -1.992467        1.000000    1.297323    0.110644    0.019782    4.974991
    0.137255    0.631448   -0.890825   -0.997203    0.000000       -1.992963        1.000000    1.490836    0.145693    0.019782    4.974991
    0.147059    0.668614   -0.842174   -0.997737    0.000000       -1.993591        1.000000    1.695738    0.187662    0.019782    4.974991
    0.156863    0.704200   -0.793494   -0.998428    0.000000       -1.994395        1.000000    1.911546    0.237077    0.019782    4.974991
    0.166667    0.738120   -0.744775   -0.999335    0.000000       -1.995434        1.000000    2.137749    0.294384    0.019782    4.974991
    0.176471    0.770292   -0.696005   -1.000540    0.000000       -1.996798        1.000000    2.373812    0.359938    0.019782    4.974991
    0.186275    0.800638   -0.647167   -1.002168    0.000000       -1.998617        1.000000    2.619175    0.433993    0.019782    4.974991
    0.196078    0.829082   -0.598235   -1.004410    0.000000       -2.001091        1.000000    2.873254    0.516690    0.019782    4.974991
    0.205882    0.855552   -0.549173   -1.007566    0.000000       -2.004531        1.000000    3.135445    0.608049    0.019782    4.974991
    0.215686    0.879978   -0.499926   -1.012126    0.000000       -2.009444        1.000000    3.405122    0.707968    0.019782    4.974991
    0.225490    0.902291   -0.450406   -1.018921    0.000000       -2.016682        1.000000    3.681637    0.816219    0.019782    4.974991
    0.235294    0.922421   -0.400472   -1.029419    0.000000       -2.027746        1.000000    3.964321    0.932443    0.019782    4.974991
    0.245098    0.940295   -0.349884   -1.046344    0.000000       -2.045406        1.000000    4.252482    1.056159    0.019782    4.974991
    0.254902    0.955828   -0.298214   -1.074962    0.000000       -2.074998        1.000000    4.545404    1.186761    0.019782    4.974991
    0.264706    0.968914   -0.244668   -1.125645    0.000000       -2.126991        1.000000    4.842336    1.323521    0.019782    4.974991
    0.274510    0.979394   -0.187755   -1.216586    0.000000       -2.219682        1.000000    5.142480    1.465586    0.019782    4.974991
    0.284314    0.987020   -0.125167   -1.353754    0.000000       -2.358979        1.000000    5.444961    1.611943    0.019782    4.974991
    0.294118    0.991471   -0.057518   -1.360429    0.000000       -2.367363        1.000000    5.748806    1.761324    0.019782    4.974991
    0.303922    0.992815   -0.002082   -0.822283    0.000000       -1.829518        1.000000    6.053063    1.912147    0.019782    4.974991
    0.313725    0.992219    0.021309   -0.187680    0.000000       -1.195293        1.000000    6.357137    2.063106    0.019782    4.974991
    0.323529    0.991101    0.022250    0.097618    0.000000       -0.911111        1.000000    6.660869    2.213751    0.019782    4.974991
    0.333333    0.990174    0.015236    0.167728    0.000000       -0.842078        1.000000    6.964316    2.364088    0.019782    4.974991
    0.343137    0.989629    0.007264    0.150777    0.000000       -0.859677        1.000000    7.267596    2.514219    0.019782    4.974991
    0.352941    0.989436    0.001006    0.103457    0.000000       -0.907219        1.000000    7.570818    2.664248    0.019782    4.974991
    0.362745    0.989489   -0.002759    0.051561    0.000000       -0.959058        1.000000    7.874055    2.814260    0.019782    4.974991
    0.372549    0.989667   -0.004173    0.008674    0.000000       -1.001758        1.000000    8.177347    2.964310    0.019782    4.974991
    0.382353    0.989868   -0.003865   -0.018451    0.000000       -1.028679        1.000000    8.480701    3.114418    0.019782    4.974991
    0.392157    0.990029   -0.002647   -0.028935    0.000000       -1.039003        1.000000    8.784104    3.264584    0.019782    4.974991
    0.401961    0.990124   -0.001250   -0.026702    0.000000       -1.036676        1.000000    9.087536    3.414788    0.019782    4.974991
    0.411765    0.990156   -0.000148   -0.017916    0.000000       -1.027857        1.000000    9.390978    3.565012    0.019782    4.974991
    0.421569    0.990146    0.000482   -0.008107    0.000000       -1.018059        1.000000    9.694417    3.715239    0.019782    4.974991
    0.431373    0.990116    0.000681   -0.000593    0.000000       -1.010575        1.000000    9.997847    3.865459    0.019782    4.974991
    0.441176    0.990084    0.000595    0.003564    0.000000       -1.006451        1.000000   10.301267    4.015669    0.019782    4.974991
    0.450980    0.990060    0.000382    0.004775    0.000000       -1.005265        1.000000   10.604679    4.165871    0.019782    4.974991
    0.460784    0.990047    0.000160    0.004086    0.000000       -1.005967        1.000000   10.908088    4.316067    0.019782    4.974991
    0.470588    0.990044   -0.000003    0.002575    0.000000       -1.007481        1.000000   11.211495    4.466261    0.019782    4.974991
    0.480392    0.990046   -0.000091    0.001043    0.000000       -1.009011        1.000000   11.514903    4.616454    0.019782    4.974991
    0.490196    0.990051   -0.000112   -0.000075    0.000000       -1.010124        1.000000   11.818313    4.766649    0.019782    4.974991
    0.500000    0.990056   -0.000092   -0.000660    0.000000       -1.010703        1.000000   12.121724    4.916846    0.019782    4.974991
    0.509804    0.990060   -0.000055   -0.000796    0.000000       -1.010835        1.000000   12.425137    5.067043    0.019782    4.974991
    0.519608    0.990062   -0.000019   -0.000657    0.000000       -1.010695        1.000000   12.728550    5.217242    0.019782    4.974991
    0.529412    0.990062    0.000007   -0.000420    0.000000       -1.010457        1.000000   13.031963    5.367441    0.019782    4.974991
    0.539216    0.990061    0.000023   -0.000213    0.000000       -1.010252        1.000000   13.335376    5.517640    0.019782    4.974991
    0.549020    0.990060    0.000030   -0.000115    0.000000       -1.010155        1.000000   13.638788    5.667838    0.019782    4.974991
    0.558824    0.990058    0.000036   -0.000164    0.000000       -1.010206        1.000000   13.942200    5.818036    0.019782    4.974991
    0.568627    0.990056    0.000049   -0.000394    0.000000       -1.010438        1.000000   14.245612    5.968234    0.019782    4.974991
    0.578431    0.990053    0.000079   -0.000872    0.000000       -1.010918        1.000000   14.549022    6.118430    0.019782    4.974991
    0.588235    0.990048    0.000140   -0.001747    0.000000       -1.011798        1.000000   14.852431    6.268626    0.019782    4.974991
    0.598039    0.990039    0.000260   -0.003329    0.000000       -1.013390        1.000000   15.155837    6.418819    0.019782    4.974991
    0.607843    0.990021    0.000486   -0.006214    0.000000       -1.016293        1.000000   15.459238    6.569009    0.019782    4.974991
    0.617647    0.989988    0.000905   -0.011500    0.000000       -1.021613        1.000000   15.762628    6.719191    0.019782    4.974991
    0.627451    0.989927    0.001678   -0.021160    0.000000       -1.031334        1.000000   16.066000    6.869359    0.019782    4.974991
    0.637255    0.989814    0.003095   -0.038604    0.000000       -1.048890        1.000000   16.369337    7.019501    0.019782    4.974991
    0.647059    0.989607    0.005659   -0.069366    0.000000       -1.079852        1.000000   16.672610    7.169595    0.019782    4.974991
    0.656863    0.989230    0.010206   -0.121366    0.000000       -1.132201        1.000000   16.975769    7.319599    0.019782    4.974991
    0.666667    0.988559    0.017987   -0.203304    0.000000       -1.214714        1.000000   17.278721    7.469439    0.019782    4.974991
    0.676471    0.987397    0.030597   -0.319215    0.000000       -1.331505        1.000000   17.581317    7.618979    0.019782    4.974991
    0.686275    0.985471    0.049550   -0.460694    0.000000       -1.474191        1.000000   17.883324    7.767983    0.019782    4.974991
    0.696078    0.982450    0.075599   -0.605925    0.000000       -1.620881        1.000000   18.184404    7.916080    0.019782    4.974991
    0.705882    0.977996    0.108335   -0.731774    0.000000       -1.748279        1.000000   18.484119    8.062727    0.019782    4.974991
    0.715686    0.971817    0.146477   -0.826948    0.000000       -1.844928        1.000000   18.781941    8.207227    0.019782    4.974991
    0.725490    0.963699    0.188523   -0.892792    0.000000       -1.912074        1.000000   19.077275    8.348774    0.019782    4.974991
    0.735294    0.953500    0.233205   -0.936309    0.000000       -1.956688        1.000000   19.369484    8.486508    0.019782    4.974991
    0.745098    0.941137    0.279613   -0.964654    0.000000       -1.985932        1.000000   19.657903    8.619571    0.019782    4.974991
    0.754902    0.926570    0.327147   -0.983197    0.000000       -2.005205        1.000000   19.941859    8.747146    0.019782    4.974991
    0.764706    0.909791    0.375422   -0.995502    0.000000       -2.018103        1.000000   20.220672    8.868487    0.019782    4.974991
    0.774510    0.890809    0.424193   -1.003823    0.000000       -2.026905        1.000000   20.493668    8.982940    0.019782    4.974991
    0.784314    0.869652    0.473302   -1.009565    0.000000       -2.033041        1.000000   20.760181    9.089958    0.019782    4.974991
    0.794118    0.846358    0.522648   -1.013607    0.000000       -2.037405        1.000000   21.019554    9.189111    0.019782    4.974991
    0.803922    0.820976    0.572160   -1.016505    0.000000       -2.040572        1.000000   21.271150    9.280094    0.019782    4.974991
    0.813725    0.793560    0.621794   -1.018621    0.000000       -2.042910        1.000000   21.514343    9.362729    0.019782    4.974991
    0.823529    0.764176    0.671517   -1.020189    0.000000       -2.044664        1.000000   21.748532    9.436966    0.019782    4.974991
    0.833333    0.732892    0.721306   -1.021369    0.000000       -2.046000        1.000000   21.973133    9.502880    0.019782    4.974991
    0.843137    0.699784    0.771145   -1.022267    0.000000       -2.047030        1.000000   22.187588    9.560662    0.019782    4.974991
    0.852941    0.664933    0.821023   -1.022959    0.000000       -2.047833        1.000000   22.391362    9.610617    0.019782    4.974991
    0.862745    0.628423    0.870931   -1.023496    0.000000       -2.048466        1.000000   22.583948    9.653149    0.019782    4.974991
    0.872549    0.590346    0.920862   -1.023918    0.000000       -2.048968        1.000000   22.764864    9.688748    0.019782    4.974991
    0.882353    0.550794    0.970812   -1.024251    0.000000       -2.049370        1.000000   22.933660    9.717977    0.019782    4.974991
    0.892157    0.509867    1.020776   -1.024516    0.000000       -2.049693        1.000000   23.089913    9.741457    0.019782    4.974991
    0.901961    0.467667    1.070751   -1.024727    0.000000       -2.049954        1.000000   23.233234    9.759845    0.019782    4.974991
    0.911765    0.424298    1.120736   -1.024895    0.000000       -2.050165        1.000000   23.363264    9.773822    0.019782    4.974991
    0.921569    0.379869    1.170728   -1.025030    0.000000       -2.050335        1.000000   23.479678    9.784072    0.019782    4.974991
    0.931373    0.334490    1.220726   -1.025137    0.000000       -2.050472        1.000000   23.582185    9.791265    0.019782    4.974991
    0.941176    0.288274    1.270729   -1.025222    0.000000       -2.050582        1.000000   23.670529    9.796037    0.019782    4.974991
    0.950980    0.241338    1.320735   -1.025289    0.000000       -2.050668        1.000000   23.744489    9.798979    0.019782    4.974991
    0.960784    0.193799    1.370744   -1.025339    0.000000       -2.050735        1.000000   23.803881    9.800618    0.019782    4.974991
    0.970588    0.145775    1.420755   -1.025377    0.000000       -2.050784        1.000000   23.848555    9.801403    0.019782    4.974991
    0.980392    0.097386    1.470768   -1.025402    0.000000       -2.050818        1.000000   23.878400    9.801696    0.019782    4.974991
    0.990196    0.048754    1.520782   -1.025417    0.000000       -2.050838        1.000000   23.893341    9.801765    0.019782    4.974991
    1.000000    0.000000    1.570796   -1.025422    0.000000       -2.050844        1.000000   23.893341    9.801769    0.019782    4.974991
