           t           r         psi          cs          qs               p             sig           A           V          Q2           S
    0.000000   -0.000000   -1.570796   -1.179271    0.000000       -2.358543        1.000000    0.000000    0.000000    0.579310    8.607923
    0.009804    0.084252   -1.471036   -1.187811    0.000000       -2.369917        1.000000    0.000000    0.000047    0.579310    8.607923
    0.019608    0.167658   -1.369816   -1.214111    0.000000       -2.404812        1.000000    0.088900    0.000746    0.579310    8.607923
    0.029412    0.249330   -1.265565   -1.260014    0.000000       -2.465301        1.000000    0.221106    0.003745    0.579310    8.607923
    0.039216    0.328294   -1.156526   -1.327993    0.000000       -2.554096        1.000000    0.395183    0.011683    0.579310    8.607923
    0.049020    0.403435   -1.040743   -1.420014    0.000000       -2.673200        1.000000    0.609103    0.028009    0.579310    8.607923
    0.058824    0.473443   -0.916197   -1.535057    0.000000       -2.821045        1.000000    0.860145    0.056673    0.579310    8.607923
    0.068627    0.536776   -0.781240   -1.664254    0.000000       -2.987043        1.000000    1.144768    0.101613    0.579310    8.607923
    0.078431    0.591688   -0.635561   -1.783413    0.000000       -3.143487        1.000000    1.458509    0.165964    0.579310    8.607923
    0.088235    0.636408   -0.481772   -1.847211    0.000000       -3.239674        1.000000    1.795963    0.251013    0.579310    8.607923
    0.098039    0.669552   -0.326988   -1.797754    0.000000       -3.212153        1.000000    2.150990    0.355251    0.579310    8.607923
    0.107843    0.690690   -0.182618   -1.598433    0.000000       -3.022185        1.000000    2.517227    0.474244    0.579310    8.607923
    0.117647    0.700739   -0.060867   -1.270644    0.000000       -2.695067        1.000000    2.888791    0.601894    0.579310    8.607923
    0.127451    0.701801    0.030259   -0.886530    0.000000       -2.310783        1.000000    3.260919    0.732460    0.579310    8.607923
    0.137255    0.696542    0.089341   -0.521743    0.000000       -1.951681        1.000000    3.630258    0.861946    0.579310    8.607923
    0.147059    0.687541    0.120161   -0.221271    0.000000       -1.665243        1.000000    3.994825    0.988271    0.579310    8.607923
    0.156863    0.676928    0.128889    0.001529    0.000000       -1.463479        1.000000    4.353764    1.110716    0.579310    8.607923
    0.166667    0.666283    0.121958    0.151472    0.000000       -1.338244        1.000000    4.707058    1.229330    0.579310    8.607923
    0.176471    0.656673    0.105046    0.240210    0.000000       -1.274224        1.000000    5.055257    1.344540    0.579310    8.607923
    0.186275    0.648736    0.082776    0.280504    0.000000       -1.255677        1.000000    5.399247    1.456933    0.579310    8.607923
    0.196078    0.642768    0.058730    0.284175    0.000000       -1.268914        1.000000    5.740072    1.567151    0.579310    8.607923
    0.205882    0.638805    0.035548    0.261643    0.000000       -1.302791        1.000000    6.078797    1.675835    0.579310    8.607923
    0.215686    0.636694    0.015050    0.221960    0.000000       -1.348477        1.000000    6.416401    1.783583    0.579310    8.607923
    0.225490    0.636157   -0.001651    0.172869    0.000000       -1.399067        1.000000    6.753722    1.890925    0.579310    8.607923
    0.235294    0.636851   -0.014045    0.120821    0.000000       -1.449251        1.000000    7.091410    1.998302    0.579310    8.607923
    0.245098    0.638406   -0.022106    0.070944    0.000000       -1.495075        1.000000    7.429922    2.106056    0.579310    8.607923
    0.254902    0.640469   -0.026188    0.027014    0.000000       -1.533806        1.000000    7.769529    2.214417    0.579310    8.607923
    0.264706    0.642730   -0.026903   -0.008531    0.000000       -1.563831        1.000000    8.110335    2.323515    0.579310    8.607923
    0.274510    0.644936   -0.025018   -0.034516    0.000000       -1.584572        1.000000    8.452310    2.433381    0.579310    8.607923
    0.284314    0.646902   -0.021348   -0.050882    0.000000       -1.596358        1.000000    8.795328    2.543972    0.579310    8.607923
    0.294118    0.648511   -0.016677   -0.058467    0.000000       -1.600247        1.000000    9.139199    2.655189    0.579310    8.607923
    0.303922    0.649708   -0.011686   -0.058743    0.000000       -1.597790        1.000000    9.483705    2.766898    0.579310    8.607923
    0.313725    0.650490   -0.006917   -0.053521    0.000000       -1.590787        1.000000    9.828625    2.878953    0.579310    8.607923
    0.323529    0.650893   -0.002754   -0.044697    0.000000       -1.581043        1.000000   10.173759    2.991215    0.579310    8.607923
    0.333333    0.650978    0.000575   -0.034031    0.000000       -1.570180        1.000000   10.518938    3.103560    0.579310    8.607923
    0.343137    0.650822    0.002980   -0.023002    0.000000       -1.559514        1.000000   10.864034    3.215891    0.579310    8.607923
    0.352941    0.650501    0.004480   -0.012737    0.000000       -1.549999        1.000000   11.208960    3.328137    0.579310    8.607923
    0.362745    0.650088    0.005173   -0.003989    0.000000       -1.542221        1.000000   11.553667    3.440253    0.579310    8.607923
    0.372549    0.649646    0.005207    0.002832    0.000000       -1.536447        1.000000   11.898140    3.552221    0.579310    8.607923
    0.382353    0.649223    0.004753    0.007604    0.000000       -1.532681        1.000000   12.242389    3.664038    0.579310    8.607923
    0.392157    0.648853    0.003979    0.010429    0.000000       -1.530740        1.000000   12.586441    3.775718    0.579310    8.607923
    0.401961    0.648556    0.003040    0.011558    0.000000       -1.530321        1.000000   12.930336    3.887284    0.579310    8.607923
    0.411765    0.648341    0.002066    0.011332    0.000000       -1.531063        1.000000   13.274117    3.998762    0.579310    8.607923
    0.421569    0.648206    0.001155    0.010125    0.000000       -1.532595        1.000000   13.617826    4.110180    0.579310    8.607923
    0.431373    0.648142    0.000375    0.008302    0.000000       -1.534569        1.000000   13.961501    4.221564    0.579310    8.607923
    0.441176    0.648138   -0.000238    0.006191    0.000000       -1.536691        1.000000   14.305174    4.332937    0.579310    8.607923
    0.450980    0.648177   -0.000670    0.004059    0.000000       -1.538728        1.000000   14.648868    4.444317    0.579310    8.607923
    0.460784    0.648246   -0.000928    0.002107    0.000000       -1.540516        1.000000   14.992598    4.555715    0.579310    8.607923
    0.470588    0.648330   -0.001034    0.000467    0.000000       -1.541957        1.000000   15.336373    4.667140    0.579310    8.607923
    0.480392    0.648417   -0.001018   -0.000791    0.000000       -1.543008        1.000000   15.680194    4.778595    0.579310    8.607923
    0.490196    0.648499   -0.000912   -0.001651    0.000000       -1.543673        1.000000   16.024059    4.890079    0.579310    8.607923
    0.500000    0.648569   -0.000750   -0.002138    0.000000       -1.543992        1.000000   16.367960    5.001589    0.579310    8.607923
    0.509804    0.648625   -0.000560   -0.002303    0.000000       -1.544026        1.000000   16.711892    5.113121    0.579310    8.607923
    0.519608    0.648664   -0.000368   -0.002215    0.000000       -1.543846        1.000000   17.055843    5.224669    0.579310    8.607923
    0.529412    0.648687   -0.000191   -0.001949    0.000000       -1.543524        1.000000   17.399808    5.336228    0.579310    8.607923
    0.539216    0.648697   -0.000042   -0.001576    0.000000       -1.543128        1.000000   17.743777    5.447793    0.579310    8.607923
    0.549020    0.648695    0.000073   -0.001159    0.000000       -1.542714        1.000000   18.087746    5.559359    0.579310    8.607923
    0.558824    0.648686    0.000154   -0.000749    0.000000       -1.542328        1.000000   18.431709    5.670923    0.579310    8.607923
    0.568627    0.648670    0.000201   -0.000385    0.000000       -1.541999        1.000000   18.775665    5.782483    0.579310    8.607923
    0.578431    0.648652    0.000220   -0.000089    0.000000       -1.541747        1.000000   19.119611    5.894036    0.579310    8.607923
    0.588235    0.648634    0.000218    0.000124    0.000000       -1.541578        1.000000   19.463547    6.005584    0.579310    8.607923
    0.598039    0.648616    0.000202    0.000252    0.000000       -1.541492        1.000000   19.807473    6.117125    0.579310    8.607923
    0.607843    0.648600    0.000178    0.000299    0.000000       -1.541483        1.000000   20.151391    6.228660    0.579310    8.607923
    0.617647    0.648586    0.000154    0.000273    0.000000       -1.541543        1.000000   20.495302    6.340190    0.579310    8.607923
    0.627451    0.648574    0.000134    0.000184    0.000000       -1.541661        1.000000   20.839206    6.451716    0.579310    8.607923
    0.637255    0.648563    0.000124    0.000040    0.000000       -1.541830        1.000000   21.183105    6.563238    0.579310    8.607923
    0.647059    0.648553    0.000128   -0.000153    0.000000       -1.542048        1.000000   21.526998    6.674756    0.579310    8.607923
    0.656863    0.648541    0.000151   -0.000392    0.000000       -1.542315        1.000000   21.870884    6.786270    0.579310    8.607923
    0.666667    0.648526    0.000196   -0.000683    0.000000       -1.542640        1.000000   22.214763    6.897780    0.579310    8.607923
    0.676471    0.648507    0.000268   -0.001038    0.000000       -1.543041        1.000000   22.558632    7.009284    0.579310    8.607923
    0.686275    0.648480    0.000374   -0.001479    0.000000       -1.543546        1.000000   22.902487    7.120781    0.579310    8.607923
    0.696078    0.648443    0.000521   -0.002039    0.000000       -1.544195        1.000000   23.246321    7.232266    0.579310    8.607923
    0.705882    0.648391    0.000722   -0.002764    0.000000       -1.545044        1.000000   23.590128    7.343736    0.579310    8.607923
    0.715686    0.648319    0.000994   -0.003720    0.000000       -1.546170        1.000000   23.933897    7.455185    0.579310    8.607923
    0.725490    0.648220    0.001359   -0.004994    0.000000       -1.547678        1.000000   24.277614    7.566605    0.579310    8.607923
    0.735294    0.648086    0.001849   -0.006703    0.000000       -1.549705        1.000000   24.621260    7.677985    0.579310    8.607923
    0.745098    0.647903    0.002507   -0.009005    0.000000       -1.552439        1.000000   24.964808    7.789311    0.579310    8.607923
    0.754902    0.647656    0.003391   -0.012109    0.000000       -1.556128        1.000000   25.308226    7.900563    0.579310    8.607923
    0.764706    0.647322    0.004581   -0.016294    0.000000       -1.561103        1.000000   25.651467    8.011716    0.579310    8.607923
    0.774510    0.646872    0.006182   -0.021934    0.000000       -1.567806        1.000000   25.994469    8.122735    0.579310    8.607923
    0.784314    0.646263    0.008338   -0.029520    0.000000       -1.576823        1.000000   26.337148    8.233572    0.579310    8.607923
    0.794118    0.645444    0.011238   -0.039706    0.000000       -1.588931        1.000000   26.679392    8.344164    0.579310    8.607923
    0.803922    0.644339    0.015136   -0.053347    0.000000       -1.605148        1.000000   27.021051    8.454424    0.579310    8.607923
    0.813725    0.642851    0.020370   -0.071553    0.000000       -1.626800        1.000000   27.361921    8.564238    0.579310    8.607923
    0.823529    0.640851    0.027382   -0.095749    0.000000       -1.655589        1.000000   27.701730    8.673447    0.579310    8.607923
    0.833333    0.638164    0.036749   -0.127723    0.000000       -1.693659        1.000000   28.040114    8.781842    0.579310    8.607923
    0.843137    0.634563    0.049219   -0.169660    0.000000       -1.743639        1.000000   28.376589    8.889137    0.579310    8.607923
    0.852941    0.629747    0.065737   -0.224128    0.000000       -1.808637        1.000000   28.710511    8.994952    0.579310    8.607923
    0.862745    0.623330    0.087480   -0.293970    0.000000       -1.892122        1.000000   29.041029    9.098774    0.579310    8.607923
    0.872549    0.614817    0.115868   -0.382050    0.000000       -1.997646        1.000000   29.367034    9.199928    0.579310    8.607923
    0.882353    0.603589    0.152546   -0.490799    0.000000       -2.128316        1.000000   29.687085    9.297529    0.579310    8.607923
    0.892157    0.588896    0.199326   -0.621532    0.000000       -2.286003        1.000000   29.999345    9.390442    0.579310    8.607923
    0.901961    0.569855    0.258053   -0.773618    0.000000       -2.470346        1.000000   30.301509    9.477264    0.579310    8.607923
    0.911765    0.545483    0.330409   -0.943718    0.000000       -2.677795        1.000000   30.590750    9.556347    0.579310    8.607923
    0.921569    0.514759    0.417666   -1.125446    0.000000       -2.901109        1.000000   30.863699    9.625907    0.579310    8.607923
    0.931373    0.476725    0.520441   -1.309818    0.000000       -3.129737        1.000000   31.116481    9.684258    0.579310    8.607923
    0.941176    0.430627    0.638527   -1.486585    0.000000       -3.351248        1.000000   31.344819    9.730167    0.579310    8.607923
    0.950980    0.376071    0.770863   -1.646069    0.000000       -3.553451        1.000000   31.544230    9.763283    0.579310    8.607923
    0.960784    0.313154    0.915656   -1.780806    0.000000       -3.726400        1.000000   31.710278    9.784470    0.579310    8.607923
    0.970588    0.242561    1.070608   -1.886354    0.000000       -3.863550        1.000000   31.838896    9.795870    0.579310    8.607923
    0.980392    0.165569    1.233171   -1.961093    0.000000       -3.961746        1.000000   31.926688    9.800538    0.579310    8.607923
    0.990196    0.083984    1.400747   -2.005286    0.000000       -4.020312        1.000000   31.971221    9.801690    0.579310    8.607923
    1.000000    0.000000    1.570796   -2.019858    0.000000       -4.039716        1.000000   31.971221    9.801769    0.579310    8.607923
