           t           r         psi          cs          qs               p             sig           A           V          Q2           S
    0.000000    0.000000   -1.570796   -0.998985    0.000000       -1.997970        1.000000    0.000000    0.000000    0.003002    3.985580
    0.009804    0.039064   -1.531762   -0.998985    0.000000       -1.997970        1.000000    0.000000    0.000002    0.003002    3.985580
    0.019608    0.078069   -1.492727   -0.998986    0.000000       -1.997971        1.000000    0.019167    0.000029    0.003002    3.985580
    0.029412    0.116955   -1.453692   -0.998987    0.000000       -1.997972        1.000000    0.047881    0.000147    0.003002    3.985580
    0.039216    0.155663   -1.414658   -0.998988    0.000000       -1.997974        1.000000    0.086098    0.000464    0.003002    3.985580
    0.049020    0.194134   -1.375623   -0.998990    0.000000       -1.997976        1.000000    0.133760    0.001129    0.003002    3.985580
    0.058824    0.232308   -1.336588   -0.998992    0.000000       -1.997979        1.000000    0.190794    0.002327    0.003002    3.985580
    0.068627    0.270129   -1.297553   -0.998994    0.000000       -1.997982        1.000000    0.257114    0.004283    0.003002    3.985580
    0.078431    0.307539   -1.258518   -0.998998    0.000000       -1.997987        1.000000    0.332618    0.007252    0.003002    3.985580
    0.088235    0.344479   -1.219483   -0.999002    0.000000       -1.997992        1.000000    0.417191    0.011516    0.003002    3.985580
    0.098039    0.380895   -1.180447   -0.999007    0.000000       -1.997998        1.000000    0.510706    0.017384    0.003002    3.985580
    0.107843    0.416731   -1.141412   -0.999013    0.000000       -1.998006        1.000000    0.613018    0.025181    0.003002    3.985580
    0.117647    0.451932   -1.102376   -0.999020    0.000000       -1.998015        1.000000    0.723972    0.035249    0.003002    3.985580
    0.127451    0.486444   -1.063340   -0.999028    0.000000       -1.998025        1.000000    0.843399    0.047937    0.003002    3.985580
    0.137255    0.520215   -1.024303   -0.999038    0.000000       -1.998038        1.000000    0.971118    0.063598    0.003002    3.985580
    0.147059    0.553194   -0.985266   -0.999051    0.000000       -1.998052        1.000000    1.106933    0.082582    0.003002    3.985580
    0.156863    0.585329   -0.946229   -0.999065    0.000000       -1.998070        1.000000    1.250638    0.105232    0.003002    3.985580
    0.166667    0.616573   -0.907190   -0.999083    0.000000       -1.998092        1.000000    1.402014    0.131875    0.003002    3.985580
    0.176471    0.646877   -0.868151   -0.999105    0.000000       -1.998118        1.000000    1.560829    0.162821    0.003002    3.985580
    0.186275    0.676196   -0.829112   -0.999132    0.000000       -1.998149        1.000000    1.726843    0.198356    0.003002    3.985580
    0.196078    0.704484   -0.790071   -0.999165    0.000000       -1.998187        1.000000    1.899802    0.238735    0.003002    3.985580
    0.205882    0.731699   -0.751028   -0.999206    0.000000       -1.998234        1.000000    2.079442    0.284179    0.003002    3.985580
    0.215686    0.757798   -0.711984   -0.999258    0.000000       -1.998293        1.000000    2.265490    0.334872    0.003002    3.985580
    0.225490    0.782743   -0.672937   -0.999323    0.000000       -1.998366        1.000000    2.457662    0.390955    0.003002    3.985580
    0.235294    0.806495   -0.633888   -0.999407    0.000000       -1.998460        1.000000    2.655665    0.452525    0.003002    3.985580
    0.245098    0.829017   -0.594835   -0.999517    0.000000       -1.998581        1.000000    2.859198    0.519629    0.003002    3.985580
    0.254902    0.850276   -0.555777   -0.999662    0.000000       -1.998738        1.000000    3.067951    0.592267    0.003002    3.985580
    0.264706    0.870238   -0.516712   -0.999856    0.000000       -1.998949        1.000000    3.281604    0.670385    0.003002    3.985580
    0.274510    0.888873   -0.477638   -1.000124    0.000000       -1.999235        1.000000    3.499832    0.753879    0.003002    3.985580
    0.284314    0.906152   -0.438552   -1.000500    0.000000       -1.999634        1.000000    3.722303    0.842592    0.003002    3.985580
    0.294118    0.922049   -0.399448   -1.001045    0.000000       -2.000206        1.000000    3.948676    0.936316    0.003002    3.985580
    0.303922    0.936537   -0.360318   -1.001861    0.000000       -2.001057        1.000000    4.178606    1.034793    0.003002    3.985580
    0.313725    0.949594   -0.321148   -1.003136    0.000000       -2.002377        1.000000    4.411742    1.137717    0.003002    3.985580
    0.323529    0.961198   -0.281914   -1.005237    0.000000       -2.004536        1.000000    4.647727    1.244735    0.003002    3.985580
    0.333333    0.971328   -0.242570   -1.008937    0.000000       -2.008315        1.000000    4.886199    1.355453    0.003002    3.985580
    0.343137    0.979962   -0.203024   -1.016062    0.000000       -2.015551        1.000000    5.126791    1.469437    0.003002    3.985580
    0.352941    0.987076   -0.163061   -1.031543    0.000000       -2.031198        1.000000    5.369129    1.586219    0.003002    3.985580
    0.362745    0.992633   -0.122109   -1.071308    0.000000       -2.071228        1.000000    5.612831    1.705298    0.003002    3.985580
    0.372549    0.996557   -0.078300   -1.195113    0.000000       -2.195494        1.000000    5.857497    1.826142    0.003002    3.985580
    0.382353    0.998639   -0.026822   -1.386543    0.000000       -2.387546        1.000000    6.102674    1.948162    0.003002    3.985580
    0.392157    0.998850    0.007836   -0.244352    0.000000       -1.245473        1.000000    6.347903    2.070629    0.003002    3.985580
    0.401961    0.998526    0.006230    0.164473    0.000000       -0.836983        1.000000    6.593052    2.193057    0.003002    3.985580
    0.411765    0.998402    0.000522    0.105142    0.000000       -0.896458        1.000000    6.838171    2.315430    0.003002    3.985580
    0.421569    0.998436   -0.001617    0.009993    0.000000       -0.991573        1.000000    7.083298    2.437797    0.003002    3.985580
    0.431373    0.998493   -0.001040   -0.028365    0.000000       -1.029874        1.000000    7.328439    2.560176    0.003002    3.985580
    0.441176    0.998513   -0.000057   -0.017527    0.000000       -1.019017        1.000000    7.573585    2.682565    0.003002    3.985580
    0.450980    0.998507    0.000264   -0.000422    0.000000       -1.001918        1.000000    7.818730    2.804955    0.003002    3.985580
    0.460784    0.998498    0.000143    0.004661    0.000000       -0.996843        1.000000    8.063872    2.927343    0.003002    3.985580
    0.470588    0.998496   -0.000005    0.002390    0.000000       -0.999116        1.000000    8.309014    3.049730    0.003002    3.985580
    0.480392    0.998497   -0.000043   -0.000148    0.000000       -1.001654        1.000000    8.554156    3.172116    0.003002    3.985580
    0.490196    0.998498   -0.000020   -0.000753    0.000000       -1.002257        1.000000    8.799299    3.294503    0.003002    3.985580
    0.500000    0.998498    0.000003   -0.000328    0.000000       -1.001832        1.000000    9.044441    3.416891    0.003002    3.985580
    0.509804    0.998498    0.000007    0.000049    0.000000       -1.001456        1.000000    9.289584    3.539278    0.003002    3.985580
    0.519608    0.998498    0.000003    0.000102    0.000000       -1.001402        1.000000    9.534726    3.661665    0.003002    3.985580
    0.529412    0.998498    0.000001   -0.000015    0.000000       -1.001519        1.000000    9.779868    3.784052    0.003002    3.985580
    0.539216    0.998498    0.000005   -0.000216    0.000000       -1.001721        1.000000   10.025011    3.906439    0.003002    3.985580
    0.549020    0.998497    0.000022   -0.000737    0.000000       -1.002242        1.000000   10.270153    4.028826    0.003002    3.985580
    0.558824    0.998496    0.000079   -0.002535    0.000000       -1.004042        1.000000   10.515295    4.151213    0.003002    3.985580
    0.568627    0.998489    0.000276   -0.008863    0.000000       -1.010375        1.000000   10.760435    4.273599    0.003002    3.985580
    0.578431    0.998468    0.000962   -0.030532    0.000000       -1.032066        1.000000   11.005570    4.395982    0.003002    3.985580
    0.588235    0.998394    0.003259   -0.099360    0.000000       -1.100963        1.000000   11.250687    4.518354    0.003002    3.985580
    0.598039    0.998155    0.010140   -0.275220    0.000000       -1.277017        1.000000   11.495745    4.640689    0.003002    3.985580
    0.607843    0.997480    0.026214   -0.554426    0.000000       -1.556608        1.000000   11.740638    4.762903    0.003002    3.985580
    0.617647    0.995967    0.052792   -0.786685    0.000000       -1.789335        1.000000   11.985159    4.884781    0.003002    3.985580
    0.627451    0.993269    0.086160   -0.905313    0.000000       -1.908354        1.000000   12.229018    5.005950    0.003002    3.985580
    0.637255    0.989203    0.122672   -0.956390    0.000000       -1.959708        1.000000   12.471878    5.125931    0.003002    3.985580
    0.647059    0.983692    0.160538   -0.978873    0.000000       -1.982379        1.000000   12.713385    5.244211    0.003002    3.985580
    0.656863    0.976707    0.199020   -0.989604    0.000000       -1.993243        1.000000   12.953178    5.360277    0.003002    3.985580
    0.666667    0.968241    0.237808   -0.995183    0.000000       -1.998917        1.000000   13.190892    5.473634    0.003002    3.985580
    0.676471    0.958300    0.276761   -0.998307    0.000000       -2.002112        1.000000   13.426165    5.583812    0.003002    3.985580
    0.686275    0.946892    0.315809   -1.000169    0.000000       -2.004027        1.000000   13.658638    5.690376    0.003002    3.985580
    0.696078    0.934033    0.354914   -1.001337    0.000000       -2.005238        1.000000   13.887953    5.792926    0.003002    3.985580
    0.705882    0.919741    0.394057   -1.002102    0.000000       -2.006036        1.000000   14.113760    5.891104    0.003002    3.985580
    0.715686    0.904036    0.433224   -1.002622    0.000000       -2.006582        1.000000   14.335711    5.984596    0.003002    3.985580
    0.725490    0.886943    0.472408   -1.002984    0.000000       -2.006967        1.000000   14.553465    6.073139    0.003002    3.985580
    0.735294    0.868485    0.511604   -1.003245    0.000000       -2.007246        1.000000   14.766688    6.156515    0.003002    3.985580
    0.745098    0.848693    0.550809   -1.003436    0.000000       -2.007452        1.000000   14.975052    6.234563    0.003002    3.985580
    0.754902    0.827595    0.590021   -1.003578    0.000000       -2.007607        1.000000   15.178235    6.307170    0.003002    3.985580
    0.764706    0.805223    0.629237   -1.003686    0.000000       -2.007727        1.000000   15.375927    6.374276    0.003002    3.985580
    0.774510    0.781614    0.668457   -1.003770    0.000000       -2.007820        1.000000   15.567822    6.435873    0.003002    3.985580
    0.784314    0.756801    0.707680   -1.003835    0.000000       -2.007893        1.000000   15.753625    6.492005    0.003002    3.985580
    0.794118    0.730824    0.746905   -1.003887    0.000000       -2.007951        1.000000   15.933050    6.542762    0.003002    3.985580
    0.803922    0.703723    0.786132   -1.003928    0.000000       -2.007998        1.000000   16.105822    6.588279    0.003002    3.985580
    0.813725    0.675538    0.825361   -1.003961    0.000000       -2.008037        1.000000   16.271674    6.628737    0.003002    3.985580
    0.823529    0.646315    0.864590   -1.003987    0.000000       -2.008068        1.000000   16.430352    6.664354    0.003002    3.985580
    0.833333    0.616096    0.903821   -1.004009    0.000000       -2.008094        1.000000   16.581610    6.695380    0.003002    3.985580
    0.843137    0.584929    0.943052   -1.004027    0.000000       -2.008115        1.000000   16.725217    6.722101    0.003002    3.985580
    0.852941    0.552862    0.982284   -1.004042    0.000000       -2.008133        1.000000   16.860951    6.744821    0.003002    3.985580
    0.862745    0.519944    1.021517   -1.004054    0.000000       -2.008148        1.000000   16.988603    6.763870    0.003002    3.985580
    0.872549    0.486226    1.060750   -1.004065    0.000000       -2.008161        1.000000   17.107977    6.779588    0.003002    3.985580
    0.882353    0.451760    1.099983   -1.004073    0.000000       -2.008171        1.000000   17.218889    6.792325    0.003002    3.985580
    0.892157    0.416598    1.139217   -1.004080    0.000000       -2.008180        1.000000   17.321168    6.802434    0.003002    3.985580
    0.901961    0.380795    1.178451   -1.004086    0.000000       -2.008188        1.000000   17.414658    6.810264    0.003002    3.985580
    0.911765    0.344406    1.217685   -1.004091    0.000000       -2.008194        1.000000   17.499213    6.816158    0.003002    3.985580
    0.921569    0.307487    1.256919   -1.004095    0.000000       -2.008199        1.000000   17.574705    6.820441    0.003002    3.985580
    0.931373    0.270095    1.296153   -1.004098    0.000000       -2.008204        1.000000   17.641016    6.823424    0.003002    3.985580
    0.941176    0.232286    1.335388   -1.004101    0.000000       -2.008207        1.000000   17.698045    6.825389    0.003002    3.985580
    0.950980    0.194121    1.374622   -1.004103    0.000000       -2.008210        1.000000   17.745704    6.826594    0.003002    3.985580
    0.960784    0.155656    1.413857   -1.004105    0.000000       -2.008212        1.000000   17.783919    6.827261    0.003002    3.985580
    0.970588    0.116952    1.453092   -1.004106    0.000000       -2.008214        1.000000   17.812632    6.827580    0.003002    3.985580
    0.980392    0.078068    1.492327   -1.004107    0.000000       -2.008215        1.000000   17.831799    6.827699    0.003002    3.985580
    0.990196    0.039064    1.531561   -1.004108    0.000000       -2.008216        1.000000   17.841390    6.827726    0.003002    3.985580
    1.000000    0.000000    1.570796   -1.004108    0.000000       -2.008216        1.000000   17.841390    6.827728    0.003002    3.985580
